# J1-J2-J3 Heisenberg model
# J1=-1 J2=0.25 J3=1/10 L=120
# static structure factor S(q) q=k*pi/L
# k, S(q)
           0    -4.1500243317142346E-008
           1     2.2076636981802577E-002
           2     2.2733495483172387E-002
           3     4.6767702565437559E-002
           4     5.1563724492222296E-002
           5     7.5068124201399355E-002
           6     8.2730019681336670E-002
           7    0.10614988673914427     
           8    0.11606977304159624     
           9    0.13982224911299490     
          10    0.15164784010162233     
          11    0.17615056612710456     
          12    0.18974379713583348     
          13    0.21547370745667427     
          14    0.23085461777403518     
          15    0.25838414375353297     
          16    0.27561733075564876     
          17    0.30570952798366424     
          18    0.32513656490147824     
          19    0.35876462899259387     
          20    0.38097270710583842     
          21    0.41949858631269937     
          22    0.44540697693897507     
          23    0.49089049968266169     
          24    0.52197038432186882     
          25    0.57777830192177382     
          26    0.61652365864313707     
          27    0.68865035813085207     
          28    0.73968086268701982     
          29    0.84016374827354401     
          30    0.91323778132538647     
          31     1.0711335706260299     
          32     1.1921816286498772     
          33     1.5055050554738636     
          34     1.7846302399602534     
          35     2.9822430379251079     
          36     3.8958075158877423     
          37     2.5885579862186772     
          38     1.7517587541330566     
          39     1.4075283736439537     
          40     1.1553657738802912     
          41     1.0174215139402234     
          42    0.89292876143762223     
          43    0.81518656991099803     
          44    0.73879217873795411     
          45    0.68762795195879689     
          46    0.63475460484547430     
          47    0.59780788091305515     
          48    0.55831224851354344     
          49    0.52975122233454830     
          50    0.49885761179599597     
          51    0.47504907585981099     
          52    0.45021125503024439     
          53    0.43013600915303329     
          54    0.40964337075091584     
          55    0.39249152221236855     
          56    0.37526992265427761     
          57    0.36046317670010908     
          58    0.34579685543183308     
          59    0.33292128614399796     
          60    0.32031719423319116     
          61    0.30907657108275643     
          62    0.29819049299737638     
          63    0.28837831352252180     
          64    0.27897419662687339     
          65    0.27045877823875514     
          66    0.26238675552215157     
          67    0.25510984874088366     
          68    0.24830014167244960     
          69    0.24229638688065538     
          70    0.23677640038331063     
          71    0.23227990036939222     
          72    0.22821000819507525     
          73    0.22633051192043360     
          74    0.22427315950513199     
          75    0.22410865984141734     
          76    0.22392083941121355     
          77    0.22500211228442166     
          78    0.22615762471567247     
          79    0.22812264622980744     
          80    0.23018354078920722     
          81    0.23274429480403405     
          82    0.23537611206408743     
          83    0.23831566850516317     
          84    0.24130107038020587     
          85    0.24462446547612210     
          86    0.24794857763274439     
          87    0.25138225573575734     
          88    0.25506879648957714     
          89    0.25868001350113873     
          90    0.26261797266153480     
          91    0.26635461209317923     
          92    0.27045529497452858     
          93    0.27426478022931844     
          94    0.27846334260129674     
          95    0.28230173479331488     
          96    0.28654980416710962     
          97    0.29037959926698370     
          98    0.29463861359879168     
          99    0.29842560134384261     
         100    0.30266235519303741     
         101    0.30637225933513212     
         102    0.31055569363596280     
         103    0.31415105696283574     
         104    0.31824911175060877     
         105    0.32168525011185539     
         106    0.32566229558856863     
         107    0.32888206384117091     
         108    0.33269586356646436     
         109    0.33562017173693143     
         110    0.33921348317292077     
         111    0.34174546141898232     
         112    0.34504900219360618     
         113    0.34707052768143731     
         114    0.35000011431259986     
         115    0.35137544018459843     
         116    0.35383545734349753     
         117    0.35442459266140192     
         118    0.35631022769564602     
         119    0.35600238036002574     
         120    0.35719016396425091     
