# J1-J2-J3 Heisenberg model
# J1=-1 J2=0.70 J3=1/10 L=120
# chirality correlation d=2 kappa(l)
# l, kappa(l)
           1    5.2920499999999516E-004
           2    1.5879000000001105E-004
           3    4.9228390000000187E-004
           4    2.9049879999999624E-004
           5    6.9099599999998844E-004
           6    3.9837420000001238E-004
           7    6.6356400000000277E-004
           8    5.4214169999999991E-004
           9    7.2951899999999770E-004
          10    6.0151600000001102E-004
          11    7.3292199999999545E-004
          12    7.5029299999999780E-004
          13    7.2304799999998548E-004
          14    7.6681000000000362E-004
          15    7.6810299999999459E-004
          16    9.2689400000000276E-004
          17    7.3789799999998944E-004
          18    9.2596800000000054E-004
          19    8.1672200000000735E-004
          20    1.1018020000000063E-003
          21    8.0734399999998914E-004
          22    1.1150840000000084E-003
          23    8.9761599999999778E-004
          24    1.3028490000000083E-003
          25    9.3254999999998664E-004
          26    1.3572669999999936E-003
          27    1.0117229999999991E-003
          28    1.5489289999999940E-003
          29    1.1005109999999824E-003
          30    1.6616770000000020E-003
          31    1.1604100000000069E-003
          32    1.8572889999999872E-003
          33    1.3029809999999861E-003
          34    2.0313380000000075E-003
          35    1.3540009999999901E-003
          36    2.2527849999999889E-003
          37    1.5448680000000048E-003
          38    2.4681220000000049E-003
          39    1.6030300000000148E-003
          40    2.7649330000000024E-003
          41    1.8455200000000111E-003
          42    2.9478950000000129E-003
          43    1.8958210000000072E-003
          44    3.3668640000000007E-003
          45    2.2699490000000159E-003
          46    3.2856560000000135E-003
          47    2.1578499999999994E-003
          48    3.6346919999999993E-003
          49    3.1580580000000105E-003
          50    2.5140390000000057E-003
          51    2.0621780000000083E-003
          52    4.0787400000000240E-004
          53    6.9636449999999957E-003
          54   -4.5823149999999983E-003
          55   -1.8573089999999993E-003
          56   -5.5392810000000001E-002
          57    5.4949869999999998E-002
          58   -6.6521700000000003E-002
          59    1.9068619999999998E-002
          60   0.56878220000000013     
          61    2.3018719999999999E-003
          62   -6.6985749999999997E-002
          63   0.10023925000000000     
          64   -5.4619299999999982E-002
          65    2.0533300000000011E-002
          66   -5.0950080000000033E-003
          67    2.5118539999999998E-002
          68    6.9974789999999740E-004
          69    1.4414250000000002E-002
          70    2.2737780000000101E-003
          71    1.3004669999999999E-002
          72    3.8128489999999897E-003
          73    9.9088699999999932E-003
          74    3.2506199999999992E-003
          75    8.2038100000000006E-003
          76    3.4807079999999990E-003
          77    7.0959900000000069E-003
          78    3.0490140000000105E-003
          79    5.7383910000000041E-003
          80    2.8349449999999993E-003
          81    5.2590070000000048E-003
          82    2.6466810000000032E-003
          83    4.3042359999999995E-003
          84    2.3050670000000122E-003
          85    3.9899950000000031E-003
          86    2.2433929999999928E-003
          87    3.3903649999999915E-003
          88    1.9210879999999983E-003
          89    3.0769720000000042E-003
          90    1.8794479999999967E-003
          91    2.7575090000000104E-003
          92    1.6486639999999972E-003
          93    2.4073270000000142E-003
          94    1.5705519999999976E-003
          95    2.2843489999999902E-003
          96    1.4557430000000111E-003
          97    1.9158899999999826E-003
          98    1.3367659999999892E-003
          99    1.9052859999999991E-003
         100    1.3251159999999951E-003
         101    1.5528130000000049E-003
         102    1.1975899999999951E-003
         103    1.5750719999999899E-003
         104    1.2439339999999952E-003
         105    1.2619050000000057E-003
         106    1.1499050000000146E-003
         107    1.2489119999999848E-003
         108    1.1785310000000061E-003
         109    9.7723800000000614E-004
         110    1.1432850000000065E-003
         111    8.8464399999999650E-004
         112    1.0569450000000055E-003
         113    6.4402599999999037E-004
         114    1.0769799999999872E-003
         115    4.6655699999999505E-004
         116    7.7824800000000612E-004
         117    2.5910540000000022E-004
         118    8.2680000000000340E-004
         119    0.0000000000000000     
