# J1-J2-J3 Heisenberg model
# J1=-1 J2=0.00 J3=1/10 L=120
# static structure factor S(q) q=k*pi/L
# k, S(q)
           0    19.254950077725848     
           1    7.9925786462669874     
           2   0.31608846068336383     
           3    1.1688191397177092     
           4   0.31560004034321837     
           5   0.62302044257605060     
           6   0.31557634722965888     
           7   0.47263354415618614     
           8   0.31556365801811648     
           9   0.41074991641285680     
          10   0.31555836705695239     
          11   0.37942496548821414     
          12   0.31555584954925464     
          13   0.36140850843687655     
          14   0.31555397497299953     
          15   0.35010504729571124     
          16   0.31555321080324050     
          17   0.34255189665981345     
          18   0.31555263814128498     
          19   0.33725603063898690     
          20   0.31555184508785417     
          21   0.33339952961642849     
          22   0.31555133252281786     
          23   0.33050520955224472     
          24   0.31555067145647903     
          25   0.32827853450037314     
          26   0.31555087431826662     
          27   0.32652786538135586     
          28   0.31555048430787547     
          29   0.32512742277881335     
          30   0.31555056947783444     
          31   0.32399015556170663     
          32   0.31555053894729779     
          33   0.32305341465776483     
          34   0.31555037352553206     
          35   0.32227298941028726     
          36   0.31555060428039439     
          37   0.32161624663064664     
          38   0.31555015984986684     
          39   0.32105802735390288     
          40   0.31555015983187945     
          41   0.32058047220196956     
          42   0.31555011352855777     
          43   0.32016845752444828     
          44   0.31555044853098885     
          45   0.31981058506291637     
          46   0.31554998209681034     
          47   0.31949793211574345     
          48   0.31555024533585629     
          49   0.31922372049841069     
          50   0.31554991722409620     
          51   0.31898105342579697     
          52   0.31555030562532910     
          53   0.31876608400977102     
          54   0.31555014851955965     
          55   0.31857509237326626     
          56   0.31555007966374582     
          57   0.31840439171653279     
          58   0.31555014494156414     
          59   0.31825088833884863     
          60   0.31555003519120883     
          61   0.31811265753178303     
          62   0.31554990152340334     
          63   0.31798892431777181     
          64   0.31555007863129403     
          65   0.31787638104466087     
          66   0.31554975533332130     
          67   0.31777459582395062     
          68   0.31554992112660268     
          69   0.31768212165564569     
          70   0.31554979153048324     
          71   0.31759784382913703     
          72   0.31554956334220507     
          73   0.31752177191796538     
          74   0.31554986218177405     
          75   0.31745205567150159     
          76   0.31554992861873565     
          77   0.31738853912006187     
          78   0.31554981035118596     
          79   0.31733023657395698     
          80   0.31554976817919028     
          81   0.31727727281081597     
          82   0.31554980908852326     
          83   0.31722869302646872     
          84   0.31554962201168840     
          85   0.31718468497607688     
          86   0.31554973615813098     
          87   0.31714446169846433     
          88   0.31554990227842339     
          89   0.31710749371244251     
          90   0.31554960844596547     
          91   0.31707392532336931     
          92   0.31554981265301607     
          93   0.31704395269911423     
          94   0.31554970094561985     
          95   0.31701673412787135     
          96   0.31555022874766991     
          97   0.31699184544003134     
          98   0.31555011110061015     
          99   0.31696950933800883     
         100   0.31554981473945559     
         101   0.31694972449212799     
         102   0.31554963766772504     
         103   0.31693206700401111     
         104   0.31554972702752526     
         105   0.31691682425422685     
         106   0.31554976228420889     
         107   0.31690391056018269     
         108   0.31554982449097191     
         109   0.31689231752117319     
         110   0.31555009625371466     
         111   0.31688314988049382     
         112   0.31554988955475860     
         113   0.31687609289064500     
         114   0.31555001018015505     
         115   0.31687062719024972     
         116   0.31554933759970216     
         117   0.31686682254312881     
         118   0.31554987926375255     
         119   0.31686497311104422     
         120   0.31554981842480473     
