# J1-J2-J3 Heisenberg model
# J1=-1 J2=0.20 J3=1/10 L=120
# static structure factor S(q) q=k*pi/L
# k, S(q)
           0     1.0522750579894873E-002
           1     1.3034627118239377E-002
           2     3.6051603284105282E-002
           3     4.2934191683317011E-002
           4     6.5337877056795682E-002
           5     7.4787481547684442E-002
           6     9.7652898134045346E-002
           7    0.10901052395749150     
           8    0.13268693941281373     
           9    0.14573827746777218     
          10    0.17061731317772225     
          11    0.18540881398252443     
          12    0.21200967056978237     
          13    0.22877937873146509     
          14    0.25776886341969235     
          15    0.27694046166077452     
          16    0.30920003071225627     
          17    0.33143306185213228     
          18    0.36821127608625154     
          19    0.39454065155655299     
          20    0.43773928568192366     
          21    0.46987985785823400     
          22    0.52268667507973499     
          23    0.56362760418325220     
          24    0.63175160882810366     
          25    0.68710360276707383     
          26    0.78229557712863962     
          27    0.86446594225501572     
          28     1.0154745188130492     
          29     1.1588914983742866     
          30     1.4640503247011423     
          31     1.8292070143679457     
          32     3.0744195184832326     
          33     4.1614556441549446     
          34     2.8863513855965945     
          35     1.7417637030244559     
          36     1.3846419582223353     
          37     1.1183684255492297     
          38    0.97899159558864013     
          39    0.85508033558011076     
          40    0.77727704857429281     
          41    0.70401158921926243     
          42    0.65319614106588886     
          43    0.60406635335051861     
          44    0.56764721234162319     
          45    0.53196577323135519     
          46    0.50420646268665037     
          47    0.47682661687981043     
          48    0.45473835873200974     
          49    0.43287514086244905     
          50    0.41475029534465085     
          51    0.39676427161802919     
          52    0.38156390335900459     
          53    0.36642580400596719     
          54    0.35348824277718127     
          55    0.34061512481803080     
          56    0.32939457678274975     
          57    0.31824425616631913     
          58    0.30848545645593978     
          59    0.29882203385680783     
          60    0.29037731889035628     
          61    0.28205779452457519     
          62    0.27488553088245943     
          63    0.26787028897889020     
          64    0.26207022148486819     
          65    0.25648847867495528     
          66    0.25268402742480062     
          67    0.24882864108534480     
          68    0.24685360430832010     
          69    0.24511005585063600     
          70    0.24436342963849417     
          71    0.24390751327927948     
          72    0.24407237766989773     
          73    0.24452727948288255     
          74    0.24538375126787140     
          75    0.24650502209571223     
          76    0.24788309782787349     
          77    0.24949556237217582     
          78    0.25126309653622869     
          79    0.25323810948645226     
          80    0.25529275356327435     
          81    0.25753384135066359     
          82    0.25979520798359418     
          83    0.26222688113787129     
          84    0.26462864739149988     
          85    0.26718455941726271     
          86    0.26966097597831529     
          87    0.27224067915938804     
          88    0.27489143303878583     
          89    0.27760344985239466     
          90    0.28024531298325339     
          91    0.28313023357205269     
          92    0.28589931566787885     
          93    0.28894711340948359     
          94    0.29182124100397383     
          95    0.29498940972773785     
          96    0.29792329682728419     
          97    0.30116132363600340     
          98    0.30410059480405877     
          99    0.30735477782336706     
         100    0.31023948256066780     
         101    0.31345211313353921     
         102    0.31622335907092486     
         103    0.31933662605970481     
         104    0.32193614996565634     
         105    0.32489261266033187     
         106    0.32726160675959209     
         107    0.33000412760603992     
         108    0.33208441772128572     
         109    0.33455801820241615     
         110    0.33629501587169008     
         111    0.33844937104325545     
         112    0.33979580171112544     
         113    0.34158903795064433     
         114    0.34250995979979038     
         115    0.34391313668505674     
         116    0.34439199538157067     
         117    0.34539503803512189     
         118    0.34544197990753600     
         119    0.34605792056383011     
         120    0.34578816245684063     
