# J1-J2-J3 Heisenberg model
# J1=-1 J2=0.65 J3=1/10 L=120
# chirality correlation d=2 kappa(l)
# l, kappa(l)
           1     7.3703300000000759E-004
           2     1.8553520000000057E-004
           3     7.4836799999999665E-004
           4     4.3981830000000002E-004
           5     1.0064200000000029E-003
           6     5.2715979999999412E-004
           7     9.8776900000000032E-004
           8     8.1259799999999858E-004
           9     1.0785430000000086E-003
          10     8.1395899999998347E-004
          11     1.0500929999999946E-003
          12     1.0688170000000058E-003
          13     1.0876710000000142E-003
          14     1.0379229999999966E-003
          15     1.0890089999999982E-003
          16     1.2370820000000052E-003
          17     1.1549739999999868E-003
          18     1.2656720000000028E-003
          19     1.2024489999999898E-003
          20     1.3974840000000009E-003
          21     1.3154959999999885E-003
          22     1.5552309999999968E-003
          23     1.4032609999999972E-003
          24     1.6146669999999958E-003
          25     1.5383050000000002E-003
          26     1.9154990000000063E-003
          27     1.6704339999999910E-003
          28     1.9258149999999918E-003
          29     1.7948100000000017E-003
          30     2.3244579999999984E-003
          31     2.0035029999999985E-003
          32     2.3646120000000064E-003
          33     2.1044739999999964E-003
          34     2.7687419999999881E-003
          35     2.4346999999999919E-003
          36     2.9806949999999950E-003
          37     2.5404500000000135E-003
          38     3.2705599999999918E-003
          39     3.0133320000000022E-003
          40     3.8467119999999995E-003
          41     3.2192050000000045E-003
          42     3.8936400000000124E-003
          43     3.7808029999999932E-003
          44     5.0392049999999911E-003
          45     4.3281030000000050E-003
          46     4.6665629999999942E-003
          47     4.7343859999999975E-003
          48     6.3807399999999976E-003
          49     6.3959499999999992E-003
          50     5.0041459999999984E-003
          51     5.6403830000000005E-003
          52     5.1098859999999940E-003
          53     1.2479479999999991E-002
          54     1.0443300000000073E-004
          55     3.2666519999999923E-003
          56    -4.8319289999999994E-002
          57     6.9800500000000015E-002
          58    -5.9153350000000007E-002
          59     1.3458059999999994E-002
          60    0.57259349999999998     
          61    -2.7773300000000041E-003
          62    -6.0528300000000000E-002
          63    0.10939690000000003     
          64    -4.6987479999999998E-002
          65     2.3014799999999995E-002
          66    -2.9396700000000283E-004
          67     2.6978830000000009E-002
          68     5.2428779999999960E-003
          69     1.5272060000000000E-002
          70     4.7719579999999989E-003
          71     1.3768139999999991E-002
          72     6.3105199999999965E-003
          73     1.0315479999999997E-002
          74     4.5836609999999967E-003
          75     8.6820200000000004E-003
          76     4.9778659999999853E-003
          77     7.4274000000000007E-003
          78     3.8986850000000085E-003
          79     6.0915799999999871E-003
          80     3.8281610000000061E-003
          81     5.6059999999999929E-003
          82     3.2974530000000118E-003
          83     4.5564899999999938E-003
          84     2.9958210000000079E-003
          85     4.3519319999999993E-003
          86     2.7939439999999927E-003
          87     3.5659989999999994E-003
          88     2.4129979999999935E-003
          89     3.4297100000000103E-003
          90     2.3641539999999968E-003
          91     2.8922450000000025E-003
          92     2.0129590000000034E-003
          93     2.7178800000000058E-003
          94     1.9878239999999983E-003
          95     2.4058560000000035E-003
          96     1.7299870000000070E-003
          97     2.1582169999999944E-003
          98     1.6602639999999972E-003
          99     2.0332929999999985E-003
         100     1.5229349999999935E-003
         101     1.7321969999999983E-003
         102     1.4161410000000114E-003
         103     1.7327910000000018E-003
         104     1.3939760000000021E-003
         105     1.4158850000000043E-003
         106     1.3059610000000074E-003
         107     1.4484249999999880E-003
         108     1.3406240000000012E-003
         109     1.1340719999999973E-003
         110     1.3118969999999933E-003
         111     1.0912489999999940E-003
         112     1.2683449999999993E-003
         113     7.8019400000000792E-004
         114     1.2874960000000075E-003
         115     6.0088499999999480E-004
         116     9.8327200000000291E-004
         117     3.2066579999999207E-004
         118     1.0170989999999888E-003
         119     0.0000000000000000     
