# J1-J2-J3 Heisenberg model
# J1=-1 J2=0.00 J3=1/10 L=120
# chirality correlation d=2 kappa(l)
# l, kappa(l)
           1    -1.9999999973209850E-009
           2    -5.9999999964081840E-009
           3     4.2000000002829704E-008
           4    -1.1000000003317384E-008
           5    -1.1999999996936336E-008
           6    -1.5000000006958232E-008
           7     3.0000000010013336E-008
           8     2.8000000007379761E-008
           9     2.6000000002794621E-008
          10    -2.7999999992851451E-008
          11     2.0999999996210682E-008
          12     1.7000000002110813E-008
          13     1.4000000004448822E-008
          14     1.0999999995836389E-008
          15     9.0000000039364147E-009
          16     5.0000000020302901E-009
          17     2.9999999963609483E-009
          18    -1.0000000057620168E-009
          19    -3.9999999906304221E-009
          20    -6.9999999927376419E-009
          21    -1.0000000005036362E-008
          22     3.7999999994852048E-008
          23    -1.5999999997216158E-008
          24    -1.9000000011249601E-008
          25    -2.2999999993640087E-008
          26     2.2999999995374810E-008
          27     2.0000000000314905E-008
          28     1.5999999997107738E-008
          29     6.2999999992426753E-008
          30     9.0000000040448350E-009
          31     5.0000000025723912E-009
          32     5.0999999993430432E-008
          33     4.7999999996527383E-008
          34     4.4000000012402174E-008
          35     4.0999999993381400E-008
          36     3.6999999995486824E-008
          37     3.4000000013328924E-008
          38     3.0999999997669177E-008
          39     7.7000000008693378E-008
          40     7.2999999997029434E-008
          41     2.0000000011590607E-008
          42     6.5000000003950786E-008
          43     6.1000000000526779E-008
          44     5.5999999997195446E-008
          45     5.1999999995397742E-008
          46     4.4999999999949594E-008
          47     3.8999999993892011E-008
          48     8.2000000001616370E-008
          49     2.3999999995715816E-008
          50     6.3999999999272972E-008
          51     5.4000000003560748E-008
          52     4.3999999999933849E-008
          53     8.4999999992664728E-008
          54     7.1999999997772630E-008
          55     1.1000000000899613E-007
          56     9.8000000000892512E-008
          57     6.2000000002060407E-008
          58   -0.12499969000000001     
          59 -  -4.3999999992344434E-008
          60    0.25000020000000006     
          61 -  -1.1300000000308025E-007
          62   -0.12499955500000003     
          63     3.5000000001635286E-008
          64     3.0000000002207081E-008
          65     4.6999999987838020E-008
          66     8.0000000030533078E-009
          67     2.2000000010754736E-008
          68     3.5000000008682600E-008
          69     4.4999999997455929E-008
          70     5.5999999998930169E-008
          71     6.3999999999598232E-008
          72     2.0000000003025410E-008
          73     2.6999999997172515E-008
          74     3.1999999992806012E-008
          75    -1.1999999998671060E-008
          76     4.0999999993489820E-008
          77     4.6000000006795813E-008
          78    -9.9999999394421307E-010
          79     5.3999999999007099E-008
          80     7.9999999984996586E-009
          81     1.0999999992366942E-008
          82     1.4000000007484588E-008
          83    -3.3999999999993237E-008
          84     2.0000000001615947E-008
          85     2.3000000001771603E-008
          86     2.5999999994771525E-008
          87     2.9999999997545011E-008
          88    -1.6999999998424525E-008
          89     3.3999999995873269E-008
          90    -1.3000000000855209E-008
          91     3.9999999998895086E-008
          92    -6.9999999980502325E-009
          93    -4.0000000004966618E-009
          94    -2.0000000033925172E-009
          95     1.0000000003410059E-009
          96     2.9999999980956718E-009
          97     4.9999999945492951E-009
          98     6.9999999983754932E-009
          99     8.9999999949375367E-009
         100     1.1999999991515325E-008
         101     1.4999999994489907E-008
         102     1.6999999997231903E-008
         103    -3.1000000001138624E-008
         104    -2.8000000005102936E-008
         105     2.2000000000237975E-008
         106     2.5000000003104136E-008
         107    -2.3999999993872673E-008
         108     2.9000000004685000E-008
         109    -1.9000000005611750E-008
         110    -1.7000000000050829E-008
         111    -1.4999999999802498E-008
         112    -1.3999999991655236E-008
         113    -1.1000000003425804E-008
         114     4.1000000009644433E-008
         115     4.3000000001110726E-008
         116    -6.0000000061660036E-009
         117    -3.9999999969187947E-009
         118    -1.0000000005578463E-009
         119     0.0000000000000000     
