# J1-J2-J3 Heisenberg model
# J1=-1 J2=0.75 J3=1/10 L=120
# static structure factor S(q) q=k*pi/L
# k, S(q)
           0   -1.1166195059472001E-007
           1    5.1066285885958285E-003
           2    1.1560376317391263E-002
           3    2.0608849703430663E-002
           4    2.9217020437021533E-002
           5    3.9212140630542604E-002
           6    4.9130351955667714E-002
           7    5.9834749148371724E-002
           8    7.0763284196979581E-002
           9    8.2100715473575447E-002
          10    9.3772054854274783E-002
          11   0.10569635273476591     
          12   0.11779225612239005     
          13   0.13015407758227138     
          14   0.14264843732902174     
          15   0.15545800957853750     
          16   0.16840448768759250     
          17   0.18172774058121818     
          18   0.19521177038172266     
          19   0.20914023821591360     
          20   0.22326531751410195     
          21   0.23790870188751553     
          22   0.25279450466209830     
          23   0.26828073224107496     
          24   0.28406545277557238     
          25   0.30054400750594679     
          26   0.31738911309329854     
          27   0.33503660535269719     
          28   0.35313352011612836     
          29   0.37216153901403670     
          30   0.39174084542295973     
          31   0.41240683136244677     
          32   0.43375104795306119     
          33   0.45637377628483733     
          34   0.47983573519865924     
          35   0.50481796817729296     
          36   0.53084798597211258     
          37   0.55871037457257233     
          38   0.58789779280096965     
          39   0.61933232832912177     
          40   0.65247248868633623     
          41   0.68843068560449094     
          42   0.72663857347353467     
          43   0.76848599436483389     
          44   0.81340231418075082     
          45   0.86320968899899009     
          46   0.91740586606714003     
          47   0.97854902496834673     
          48    1.0464078520660771     
          49    1.1249573107071891     
          50    1.2148532412064521     
          51    1.3233422250987161     
          52    1.4540589582118439     
          53    1.6232539359698333     
          54    1.8425237952740012     
          55    2.1123510317754142     
          56    2.0462492324526771     
          57    1.6895427035601371     
          58    1.4553757513153589     
          59    1.2802612437268421     
          60    1.1573047789820046     
          61    1.0556402468400865     
          62   0.97507318606600557     
          63   0.90489493421451150     
          64   0.84481972583216625     
          65   0.79686515685607917     
          66   0.75066126257620425     
          67   0.71063098332018226     
          68   0.67359992644817568     
          69   0.64109784302035278     
          70   0.61085035254123954     
          71   0.58371357900031917     
          72   0.55829763870953242     
          73   0.53510850889551653     
          74   0.51326717019435852     
          75   0.49307523420402188     
          76   0.47396111928605217     
          77   0.45610259530891867     
          78   0.43912212571836612     
          79   0.42311887441442741     
          80   0.40784324784828241     
          81   0.39334226154167601     
          82   0.37945385756079258     
          83   0.36618907003723272     
          84   0.35344758479572697     
          85   0.34121481741097220     
          86   0.32943526418370184     
          87   0.31807561328504136     
          88   0.30711372209309445     
          89   0.29650226067461039     
          90   0.28624456209542165     
          91   0.27628249898771917     
          92   0.26663941148097808     
          93   0.25724863891720634     
          94   0.24814977146468525     
          95   0.23926916839970166     
          96   0.23066015599581752     
          97   0.22224316518292828     
          98   0.21408375567892596     
          99   0.20609702638383884     
         100   0.19836020205269478     
         101   0.19078333298898734     
         102   0.18345568513047372     
         103   0.17628218023515124     
         104   0.16936571083430108     
         105   0.16260561669528106     
         106   0.15612182787442855     
         107   0.14980706832840551     
         108   0.14380443839815987     
         109   0.13799754971186262     
         110   0.13256331816740485     
         111   0.12736835292368434     
         112   0.12265659855687362     
         113   0.11830316017207862     
         114   0.11446029384866480     
         115   0.11125560605988921     
         116   0.10860978880386393     
         117   0.10695431741849221     
         118   0.10584113256847973     
         119   0.10606446389690355     
         120   0.10650669876903757     
