# J1-J2-J3 Heisenberg model
# J1=-1 J2=0.50 J3=1/10 L=120
# chirality correlation d=2 kappa(l)
# l, kappa(l)
           1   3.1407679999999917E-003
           2   1.3795700000000114E-003
           3   2.7416679999999992E-003
           4   1.8874630000000002E-003
           5   2.6110039999999958E-003
           6   2.0063749999999990E-003
           7   2.4613909999999985E-003
           8   2.2382389999999986E-003
           9   2.5721450000000022E-003
          10   2.4439500000000012E-003
          11   2.8722660000000035E-003
          12   2.6087599999999947E-003
          13   3.0608090000000011E-003
          14   3.0626049999999978E-003
          15   3.1818550000000025E-003
          16   3.0646409999999973E-003
          17   3.3566320000000052E-003
          18   3.4150150000000030E-003
          19   3.5826569999999978E-003
          20   3.6772789999999942E-003
          21   3.9088519999999930E-003
          22   3.8914789999999937E-003
          23   4.2226690000000044E-003
          24   4.4440860000000068E-003
          25   4.4966620000000063E-003
          26   4.5948449999999984E-003
          27   4.8934979999999944E-003
          28   5.1317650000000025E-003
          29   5.3001659999999968E-003
          30   5.6173359999999988E-003
          31   5.8573990000000010E-003
          32   6.0609149999999983E-003
          33   6.4407999999999965E-003
          34   6.9037100000000056E-003
          35   7.0359100000000046E-003
          36   7.4437200000000009E-003
          37   7.9195899999999972E-003
          38   8.4191900000000035E-003
          39   8.7449700000000012E-003
          40   9.4301900000000015E-003
          41   1.0032829999999998E-002
          42   1.0662990000000001E-002
          43   1.1412500000000006E-002
          44   1.2236820000000004E-002
          45   1.2895900000000002E-002
          46   1.4140089999999999E-002
          47   1.5751580000000005E-002
          48   1.6652890000000007E-002
          49   1.7906000000000005E-002
          50   1.8918990000000004E-002
          51   2.3183210000000003E-002
          52   2.5367939999999999E-002
          53   3.0234619999999997E-002
          54   2.5873189999999997E-002
          55   3.5285729999999994E-002
          56   2.3910314999999998E-002
          57  0.11522135000000003     
          58  -1.3915502499999999E-002
          59  -3.6055479999999987E-002
          60  0.52947085000000005     
          61  -3.8683629999999997E-002
          62  -1.1573547500000000E-002
          63  0.12690235000000000     
          64   2.3360857000000002E-002
          65   4.2160630000000011E-002
          66   2.6367279999999996E-002
          67   3.4227710000000001E-002
          68   2.5974239999999989E-002
          69   2.6242199999999993E-002
          70   1.9031210000000003E-002
          71   2.0110509999999998E-002
          72   1.6938710000000003E-002
          73   1.7402520000000005E-002
          74   1.4460759999999994E-002
          75   1.4653969999999992E-002
          76   1.2388419999999999E-002
          77   1.2498679999999998E-002
          78   1.1059689999999999E-002
          79   1.1175480000000005E-002
          80   9.5946000000000052E-003
          81   9.7050400000000051E-003
          82   8.6540599999999947E-003
          83   8.5997999999999943E-003
          84   7.7613300000000020E-003
          85   7.9443699999999957E-003
          86   7.0658499999999951E-003
          87   6.9104400000000038E-003
          88   6.4242599999999976E-003
          89   6.4206199999999932E-003
          90   5.8286250000000022E-003
          91   5.8220920000000009E-003
          92   5.3736480000000052E-003
          93   5.2008609999999993E-003
          94   4.9385130000000072E-003
          95   5.0331399999999993E-003
          96   4.6561859999999953E-003
          97   4.3932689999999957E-003
          98   4.2921189999999962E-003
          99   4.1450200000000045E-003
         100   3.9499519999999962E-003
         101   3.8515540000000053E-003
         102   3.7077300000000011E-003
         103   3.4420159999999991E-003
         104   3.4960640000000027E-003
         105   3.4446510000000008E-003
         106   3.3938419999999941E-003
         107   2.9411579999999993E-003
         108   3.1741110000000020E-003
         109   2.7417870000000042E-003
         110   2.8489660000000040E-003
         111   2.5215870000000018E-003
         112   2.7408740000000016E-003
         113   2.2511910000000005E-003
         114   2.8832419999999985E-003
         115   2.1200269999999996E-003
         116   3.0625319999999989E-003
         117   1.5732249999999958E-003
         118   3.5305289999999880E-003
         119   0.0000000000000000     
