# J1-J2-J3 Heisenberg model
# J1=-1 J2=0.60 J3=1/10 L=120
# chirality correlation d=2 kappa(l)
# l, kappa(l)
           1   1.5786030000000057E-003
           2   5.4072370000000751E-004
           3   1.4421849999999977E-003
           4   8.9627899999999939E-004
           5   1.7894370000000031E-003
           6   1.1374609999999991E-003
           7   1.6472170000000007E-003
           8   1.4083110000000076E-003
           9   1.6614309999999992E-003
          10   1.4573670000000015E-003
          11   1.6563319999999943E-003
          12   1.6326510000000010E-003
          13   1.6692509999999996E-003
          14   1.7046279999999971E-003
          15   1.8195380000000029E-003
          16   1.8465879999999936E-003
          17   1.9008310000000047E-003
          18   2.0381799999999975E-003
          19   2.0700689999999964E-003
          20   2.1524000000000022E-003
          21   2.2002359999999934E-003
          22   2.4153370000000048E-003
          23   2.3147239999999898E-003
          24   2.5232330000000054E-003
          25   2.5252609999999983E-003
          26   2.8047859999999957E-003
          27   2.6391579999999974E-003
          28   2.9920239999999994E-003
          29   2.9544800000000067E-003
          30   3.2946219999999918E-003
          31   3.1450599999999981E-003
          32   3.6195299999999993E-003
          33   3.5118390000000122E-003
          34   3.9837789999999981E-003
          35   3.8536639999999988E-003
          36   4.4328800000000002E-003
          37   4.2031450000000062E-003
          38   4.9280630000000008E-003
          39   4.8299600000000038E-003
          40   5.5168119999999907E-003
          41   5.1800089999999976E-003
          42   6.1775400000000022E-003
          43   6.2547399999999913E-003
          44   7.1202100000000105E-003
          45   6.7834500000000086E-003
          46   7.7778700000000010E-003
          47   8.3060700000000039E-003
          48   9.6513400000000117E-003
          49   9.7242900000000000E-003
          50   9.5192599999999947E-003
          51   1.1045259999999998E-002
          52   1.2336809999999988E-002
          53   1.7639760000000004E-002
          54   7.7027790000000051E-003
          55   1.3487729999999998E-002
          56  -2.2936169999999999E-002
          57   8.4230499999999972E-002
          58  -4.9479349999999998E-002
          59  -2.0229599999999994E-003
          60  0.55587410000000004     
          61  -1.1540578000000008E-002
          62  -4.7336000000000003E-002
          63  0.11205884999999999     
          64  -2.4667960000000003E-002
          65   2.8244020000000002E-002
          66   8.4939880000000061E-003
          67   2.8309510000000003E-002
          68   1.2394339999999997E-002
          69   1.8451329999999998E-002
          70   9.8946099999999981E-003
          71   1.5160270000000000E-002
          72   9.9450499999999917E-003
          73   1.2507740000000007E-002
          74   7.9072899999999974E-003
          75   1.0164420000000002E-002
          76   7.4052599999999934E-003
          77   8.9409199999999963E-003
          78   6.2874599999999965E-003
          79   7.6151199999999961E-003
          80   5.7638970000000005E-003
          81   6.7227799999999942E-003
          82   5.1187279999999951E-003
          83   6.0022659999999992E-003
          84   4.6373579999999959E-003
          85   5.2752199999999885E-003
          86   4.2318689999999983E-003
          87   4.7937150000000005E-003
          88   3.7934299999999987E-003
          89   4.2932540000000137E-003
          90   3.5448149999999980E-003
          91   3.8724370000000011E-003
          92   3.1762079999999972E-003
          93   3.6127499999999970E-003
          94   3.0407540000000014E-003
          95   3.2129759999999924E-003
          96   2.7707490000000116E-003
          97   3.0732389999999958E-003
          98   2.6572879999999981E-003
          99   2.7199270000000005E-003
         100   2.4702440000000129E-003
         101   2.5585760000000055E-003
         102   2.2909799999999950E-003
         103   2.3241750000000056E-003
         104   2.1788309999999991E-003
         105   2.1132540000000045E-003
         106   1.9980669999999931E-003
         107   2.0386520000000093E-003
         108   1.9957830000000070E-003
         109   1.7943470000000047E-003
         110   1.9786740000000084E-003
         111   1.7399099999999956E-003
         112   1.9922800000000051E-003
         113   1.4066290000000030E-003
         114   2.1456400000000111E-003
         115   1.1015280000000014E-003
         116   1.7509039999999993E-003
         117   6.8349600000001043E-004
         118   1.9234959999999994E-003
         119   0.0000000000000000     
