# J1-J2-J3 Heisenberg model
# J1=-1 J2=0.75 J3=1/10 L=120
# chirality correlation d=2 kappa(l)
# l, kappa(l)
           1    4.4952259999999841E-004
           2    9.2761300000003912E-005
           3    4.3062780000000217E-004
           4    2.3112119999999702E-004
           5    6.4750600000000656E-004
           6    2.8954369999999440E-004
           7    6.1749200000000290E-004
           8    4.4743400000000046E-004
           9    7.5358299999998737E-004
          10    4.8677930000000304E-004
          11    7.2553499999999591E-004
          12    6.4121699999999883E-004
          13    7.9880999999999095E-004
          14    6.6418399999999453E-004
          15    7.8820500000000449E-004
          16    8.0462099999999647E-004
          17    8.1675499999999779E-004
          18    8.2208300000000101E-004
          19    8.3869200000000026E-004
          20    9.4637599999999942E-004
          21    8.4075799999999853E-004
          22    9.7367000000000091E-004
          23    9.0559499999998930E-004
          24    1.0866739999999863E-003
          25    8.9618699999998949E-004
          26    1.1364269999999943E-003
          27    1.0068950000000109E-003
          28    1.2490329999999962E-003
          29    9.9734200000000631E-004
          30    1.3227699999999879E-003
          31    1.1484159999999980E-003
          32    1.4534580000000073E-003
          33    1.1503169999999897E-003
          34    1.5321319999999942E-003
          35    1.3262299999999986E-003
          36    1.7077830000000035E-003
          37    1.3614410000000084E-003
          38    1.7381460000000077E-003
          39    1.5300229999999932E-003
          40    1.9862620000000017E-003
          41    1.6573350000000050E-003
          42    1.8494779999999916E-003
          43    1.7461629999999959E-003
          44    2.1454060000000029E-003
          45    2.1416950000000021E-003
          46    1.5610709999999929E-003
          47    1.9394409999999966E-003
          48    1.5416259999999917E-003
          49    3.2513679999999941E-003
          50   -2.6658400000000373E-004
          51    1.8516699999999975E-003
          52   -3.4905310000000068E-003
          53    7.5822099999999903E-003
          54   -8.9649900000000060E-003
          55   -2.0094589999999986E-003
          56   -6.5343800000000007E-002
          57    5.5388889999999996E-002
          58   -7.2519299999999995E-002
          59    2.1776250000000004E-002
          60   0.57466460000000008     
          61    1.1008379000000002E-002
          62   -7.1023249999999996E-002
          63    8.2588149999999971E-002
          64   -6.7199599999999998E-002
          65    1.1634402000000005E-002
          66   -8.2413700000000048E-003
          67    1.9109609999999999E-002
          68   -3.9442799999999919E-003
          69    9.7034099999999887E-003
          70    2.5156700000000245E-004
          71    9.9543699999999919E-003
          72    1.4616600000000100E-003
          73    7.0250399999999893E-003
          74    1.9353079999999945E-003
          75    6.4305700000000000E-003
          76    2.2222959999999891E-003
          77    5.1853010000000041E-003
          78    2.1146820000000127E-003
          79    4.5793130000000076E-003
          80    2.1365929999999957E-003
          81    3.9317830000000116E-003
          82    1.9286500000000022E-003
          83    3.4642639999999912E-003
          84    1.8941410000000050E-003
          85    3.0546300000000096E-003
          86    1.6825740000000079E-003
          87    2.7395720000000078E-003
          88    1.6596740000000081E-003
          89    2.4273399999999996E-003
          90    1.4677479999999844E-003
          91    2.2417400000000099E-003
          92    1.4731269999999907E-003
          93    1.9707120000000055E-003
          94    1.3121830000000102E-003
          95    1.8776810000000039E-003
          96    1.3395310000000092E-003
          97    1.6261350000000029E-003
          98    1.2195320000000164E-003
          99    1.5836960000000025E-003
         100    1.2484419999999961E-003
         101    1.3429440000000013E-003
         102    1.1762559999999871E-003
         103    1.3109580000000062E-003
         104    1.1756619999999968E-003
         105    1.0767599999999924E-003
         106    1.1510909999999908E-003
         107    1.0240050000000012E-003
         108    1.0833570000000040E-003
         109    7.9522000000001574E-004
         110    1.0977259999999981E-003
         111    7.0593700000000544E-004
         112    9.2491600000000479E-004
         113    4.8702490000001762E-004
         114    9.6244999999999794E-004
         115    3.6292879999999625E-004
         116    6.4906100000000134E-004
         117    1.7260799999999782E-004
         118    6.8763400000000099E-004
         119    0.0000000000000000     
