# J1-J2-J3 Heisenberg model
# J1=-1 J2=0.35 J3=1/10 L=120
# static structure factor S(q) q=k*pi/L
# k, S(q)
           0    4.8014810287867055E-008
           1    1.5369969453202622E-002
           2    2.2721481208348725E-002
           3    3.8641124484996889E-002
           4    4.9035040365248840E-002
           5    6.5067771374191508E-002
           6    7.6812222408514846E-002
           7    9.3272348800063618E-002
           8   0.10600148370747878     
           9   0.12305874288437288     
          10   0.13667230757392268     
          11   0.15449551612319148     
          12   0.16903433442538074     
          13   0.18783796638150388     
          14   0.20343441702631243     
          15   0.22348819860010011     
          16   0.24034810271878876     
          17   0.26199285465815730     
          18   0.28040158794132153     
          19   0.30407991774663312     
          20   0.32442714148834828     
          21   0.35073383308514988     
          22   0.37355967899776982     
          23   0.40332545182084756     
          24   0.42940034556213513     
          25   0.46383614335842288     
          26   0.49430338242497307     
          27   0.53526752358182061     
          28   0.57191067452084832     
          29   0.62244212730588233     
          30   0.66823338263764265     
          31   0.73373856114445146     
          32   0.79409849029267476     
          33   0.88541972616071252     
          34   0.97164116509289311     
          35    1.1149519089043207     
          36    1.2561099294494213     
          37    1.5384902751326117     
          38    1.8416861870939265     
          39    2.8582131818584222     
          40    3.6266877851541399     
          41    2.5398413792237520     
          42    1.6805027941033517     
          43    1.3999841245662810     
          44    1.1602781825332591     
          45    1.0288333577684643     
          46   0.90882736635440509     
          47   0.82922482603134595     
          48   0.75460631082406038     
          49   0.69986299539822217     
          50   0.64794498487222185     
          51   0.60737259047611081     
          52   0.56867744138428145     
          53   0.53708436136599591     
          54   0.50687466414130034     
          55   0.48139849012313857     
          56   0.45701841856750436     
          57   0.43594042435612790     
          58   0.41577793751022823     
          59   0.39800025645244930     
          60   0.38101834747564084     
          61   0.36580658422294754     
          62   0.35130823383663118     
          63   0.33815408864549157     
          64   0.32565614994501851     
          65   0.31419982078201897     
          66   0.30336092068147608     
          67   0.29334581524124387     
          68   0.28392450045078954     
          69   0.27517087187714251     
          70   0.26700149485890401     
          71   0.25939183693307155     
          72   0.25237183062841345     
          73   0.24584652422757924     
          74   0.23993317411717618     
          75   0.23449848413943536     
          76   0.22972186540149020     
          77   0.22550114005720276     
          78   0.22202483825743891     
          79   0.21957702480873392     
          80   0.21716805006996093     
          81   0.21997497597180732     
          82   0.22260914986421740     
          83   0.22590381567245757     
          84   0.22933350807337638     
          85   0.23290493382305910     
          86   0.23657649288861005     
          87   0.24023574461864877     
          88   0.24398988830031720     
          89   0.24766135939718795     
          90   0.25143072372444703     
          91   0.25507910670015194     
          92   0.25883163956032618     
          93   0.26244040797786405     
          94   0.26616115903620974     
          95   0.26972293695991245     
          96   0.27340473192272569     
          97   0.27691600763947150     
          98   0.28055497645938704     
          99   0.28401288305875133     
         100   0.28760557460581221     
         101   0.29100585672636398     
         102   0.29454748498643535     
         103   0.29788339696493099     
         104   0.30136669294519403     
         105   0.30462779799402284     
         106   0.30804229644229286     
         107   0.31121328590433628     
         108   0.31454384575491606     
         109   0.31760282381196581     
         110   0.32082787952708613     
         111   0.32374299860819322     
         112   0.32683124387866574     
         113   0.32955556998620883     
         114   0.33245972173014321     
         115   0.33492068910375966     
         116   0.33756228639735175     
         117   0.33963658918767614     
         118   0.34184983378526734     
         119   0.34332691357307527     
         120   0.34416086648371857     
