# J1-J2-J3 Heisenberg model
# J1=-1 J2=0.70 J3=1/10 L=120
# static structure factor S(q) q=k*pi/L
# k, S(q)
           0   -6.4987682669732233E-008
           1    3.6514835534737777E-003
           2    1.1357984693873087E-002
           3    1.9665458550711383E-002
           4    2.8902879468290767E-002
           5    3.8435841502864533E-002
           6    4.8589922000165493E-002
           7    5.9034444746596693E-002
           8    6.9971647069280579E-002
           9    8.1229354497861173E-002
          10    9.2885906630938736E-002
          11   0.10488983540493710     
          12   0.11715472470399242     
          13   0.12972292829483917     
          14   0.14254928354264595     
          15   0.15562698184823193     
          16   0.16897599022512280     
          17   0.18259517816424065     
          18   0.19652701998645988     
          19   0.21077251686746762     
          20   0.22538712153331703     
          21   0.24037315474179732     
          22   0.25579633271486241     
          23   0.27166104920928935     
          24   0.28804304942453723     
          25   0.30495028834130777     
          26   0.32246961534017726     
          27   0.34061464348289888     
          28   0.35948544154085876     
          29   0.37910414288457095     
          30   0.39958729193210329     
          31   0.42096953669259968     
          32   0.44338866217518008     
          33   0.46689767986694219     
          34   0.49166266716545076     
          35   0.51776395661734709     
          36   0.54540667336000515     
          37   0.57471271944362412     
          38   0.60594323366707070     
          39   0.63928566320453406     
          40   0.67508539001569134     
          41   0.71363810415812101     
          42   0.75542336918239883     
          43   0.80092674631852878     
          44   0.85085660555645071     
          45   0.90605939327978879     
          46   0.96767359161395916     
          47    1.0373026647266754     
          48    1.1170140400476427     
          49    1.2102336206944386     
          50    1.3213881611377771     
          51    1.4590854317101436     
          52    1.6341472451843657     
          53    1.8664215655712275     
          54    2.0766746676445567     
          55    2.0090274284519318     
          56    1.7103829332137042     
          57    1.4557794613251640     
          58    1.2817895263869095     
          59    1.1530124878692565     
          60    1.0535419470888490     
          61   0.97302246563433026     
          62   0.90537410042769562     
          63   0.84714344238317196     
          64   0.79553818851220903     
          65   0.75053268593414757     
          66   0.71229092468221322     
          67   0.67749995954337650     
          68   0.64506025671472744     
          69   0.61535490232083034     
          70   0.58820318249778392     
          71   0.56310059599274775     
          72   0.53989981118600938     
          73   0.51825923311294742     
          74   0.49807016841229651     
          75   0.47910382247093641     
          76   0.46127284343901559     
          77   0.44442058372242182     
          78   0.42847464152094594     
          79   0.41332574233296826     
          80   0.39891292695518177     
          81   0.38515913089906428     
          82   0.37201236650375680     
          83   0.35941825091699875     
          84   0.34733176857349113     
          85   0.33571504665278157     
          86   0.32452849502853975     
          87   0.31374659535074401     
          88   0.30333401889216666     
          89   0.29327477399757362     
          90   0.28353693428406318     
          91   0.27411210859262919     
          92   0.26497115535985083     
          93   0.25611198910455996     
          94   0.24750778153552511     
          95   0.23916196282528357     
          96   0.23104972480406005     
          97   0.22317962501233107     
          98   0.21552870390676560     
          99   0.20811072314953802     
         100   0.20090455430599768     
         101   0.19392967045634546     
         102   0.18716688095344081     
         103   0.18064251576313867     
         104   0.17433952981607576     
         105   0.16829313617300162     
         106   0.16248848470664307     
         107   0.15697263203308828     
         108   0.15173066420777648     
         109   0.14683301341019603     
         110   0.14222366412721021     
         111   0.13802216331484907     
         112   0.13422731623180825     
         113   0.13089083264877643     
         114   0.12808781864361624     
         115   0.12582266645997983     
         116   0.12423450252036908     
         117   0.12324407785508223     
         118   0.12304808688767058     
         119   0.12328222698036476     
         120   0.12343589935179874     
