# J1-J2-J3 Heisenberg model
# J1=-1 J2=0.25 J3=1/10 L=120
# chirality correlation d=2 kappa(l)
# l, kappa(l)
           1    8.8216300000000004E-003
           2    9.0344600000000028E-003
           3    7.6621450000000004E-003
           4    7.4432149999999996E-003
           5    8.2849900000000025E-003
           6    7.7091800000000012E-003
           7    9.6704799999999987E-003
           8    1.0083315000000001E-002
           9    9.7763049999999990E-003
          10    9.5567899999999973E-003
          11    9.9851049999999993E-003
          12    9.7421299999999999E-003
          13    1.0471450000000002E-002
          14    1.0541520000000000E-002
          15    1.0950000000000001E-002
          16    1.0928115000000004E-002
          17    1.1117085000000001E-002
          18    1.1128930000000000E-002
          19    1.1686179999999999E-002
          20    1.1625704999999997E-002
          21    1.2309785000000000E-002
          22    1.2488644999999998E-002
          23    1.2724065000000000E-002
          24    1.2831499999999999E-002
          25    1.3418570000000003E-002
          26    1.3384860000000002E-002
          27    1.4078815000000003E-002
          28    1.4324480000000001E-002
          29    1.4841759999999999E-002
          30    1.5043120000000000E-002
          31    1.5652652499999999E-002
          32    1.5749547999999999E-002
          33    1.6477176000000003E-002
          34    1.6727573499999999E-002
          35    1.7651306650000000E-002
          36    1.8066574000000002E-002
          37    1.8811719499999997E-002
          38    1.9124536000000001E-002
          39    2.0077928500000002E-002
          40    2.0399644999999994E-002
          41    2.1785065000000003E-002
          42    2.2594194999999997E-002
          43    2.3897004999999995E-002
          44    2.4575675000000005E-002
          45    2.6054620000000001E-002
          46    2.6699314999999994E-002
          47    2.8703795000000001E-002
          48    3.0274895000000003E-002
          49    3.3604759999999997E-002
          50    3.5409359999999994E-002
          51    3.8464194999999993E-002
          52    4.0597599999999998E-002
          53    4.4376380000000007E-002
          54    4.7724109999999986E-002
          55    6.6627200000000011E-002
          56    8.0899750000000006E-002
          57   0.12283831499999999     
          58   0.11522027500000000     
          59  -0.10451110000000000     
          60   0.43441884999999991     
          61  -0.10148549999999999     
          62   0.11469447500000000     
          63   0.11667688000000000     
          64    8.0376550000000005E-002
          65    6.3944899999999999E-002
          66    4.7658589999999994E-002
          67    4.2766195000000007E-002
          68    4.0609560000000003E-002
          69    3.7279204999999996E-002
          70    3.5215110000000001E-002
          71    3.2530415000000000E-002
          72    3.0163525000000004E-002
          73    2.7655504999999997E-002
          74    2.6779294999999995E-002
          75    2.5304639999999996E-002
          76    2.4514425000000006E-002
          77    2.3307640000000004E-002
          78    2.2463549999999995E-002
          79    2.0978234999999998E-002
          80    2.0467828500000004E-002
          81    1.9484714000000000E-002
          82    1.9141605499999995E-002
          83    1.8395289500000002E-002
          84    1.7983096500000000E-002
          85    1.7068666000000000E-002
          86    1.6735721000000002E-002
          87    1.5959729499999999E-002
          88    1.5841453500000002E-002
          89    1.5232729500000000E-002
          90    1.5022550000000003E-002
          91    1.4520544999999999E-002
          92    1.4255045000000001E-002
          93    1.3529925000000000E-002
          94    1.3537014999999999E-002
          95    1.2949699999999998E-002
          96    1.2834235000000001E-002
          97    1.2603315000000000E-002
          98    1.2422915000000000E-002
          99    1.1730075000000000E-002
         100    1.1770179999999998E-002
         101    1.1205039999999999E-002
         102    1.1188395000000000E-002
         103    1.1000035000000002E-002
         104    1.1020914999999999E-002
         105    1.0614594999999999E-002
         106    1.0534900000000003E-002
         107    9.7939449999999966E-003
         108    1.0033289999999999E-002
         109    9.6050549999999995E-003
         110    9.8225999999999990E-003
         111    1.0133395000000002E-002
         112    9.7157500000000004E-003
         113    7.7417450000000013E-003
         114    8.3160200000000021E-003
         115    7.4723200000000010E-003
         116    7.6897049999999998E-003
         117    9.0664749999999992E-003
         118    8.8520250000000012E-003
         119    0.0000000000000000     
