# J1-J2-J3 Heisenberg model
# J1=-1 J2=0.80 J3=1/10 L=120
# static structure factor S(q) q=k*pi/L
# k, S(q)
           0    -3.1389142929414554E-008
           1     3.7827003818571708E-003
           2     1.1806270053177510E-002
           3     2.0295073487888202E-002
           4     2.9801945705657494E-002
           5     3.9659340803377227E-002
           6     5.0062363633416623E-002
           7     6.0940376820648338E-002
           8     7.1991272831134587E-002
           9     8.3344648455928566E-002
          10     9.4872001173415987E-002
          11    0.10658511179380248     
          12    0.11846521635236790     
          13    0.13053083214009201     
          14    0.14279276115748191     
          15    0.15526752598608648     
          16    0.16797907593736577     
          17    0.18094149795037112     
          18    0.19418701502265351     
          19    0.20772856663938255     
          20    0.22160513653071356     
          21    0.23583000416892044     
          22    0.25044866565076318     
          23    0.26547616407184682     
          24    0.28096492031454529     
          25    0.29693322326435045     
          26    0.31344134361617576     
          27    0.33051252856745283     
          28    0.34821634033394344     
          29    0.36658310577139747     
          30    0.38569376417538181     
          31    0.40558856434896251     
          32    0.42636281900030276     
          33    0.44807060368052892     
          34    0.47082586706273233     
          35    0.49470219496738510     
          36    0.51983840685104066     
          37    0.54633616559966436     
          38    0.57436868572917443     
          39    0.60407924678842573     
          40    0.63569051588598824     
          41    0.66940993396786730     
          42    0.70553489136973080     
          43    0.74437672477454486     
          44    0.78635259625280984     
          45    0.83195301559605384     
          46    0.88180180105479966     
          47    0.93672476240441926     
          48    0.99773771323281768     
          49     1.0663682977546280     
          50     1.1444748897054180     
          51     1.2353090248884304     
          52     1.3428592490188327     
          53     1.4755141588533351     
          54     1.6434717452024845     
          55     1.8683367941139299     
          56     2.0709953180495715     
          57     1.9997001895743849     
          58     1.7007629180921551     
          59     1.4483619096701230     
          60     1.2789931641005725     
          61     1.1508661230613990     
          62     1.0484583033072727     
          63    0.96450907318372603     
          64    0.89612022995476681     
          65    0.83717544291849066     
          66    0.78503770815329688     
          67    0.73923507304601055     
          68    0.69896371677414959     
          69    0.66290886921321235     
          70    0.63050295355146768     
          71    0.60100418842193815     
          72    0.57404609104524140     
          73    0.54918517077747042     
          74    0.52617491869637067     
          75    0.50473386180989166     
          76    0.48468871042902129     
          77    0.46585320392417073     
          78    0.44810016004038022     
          79    0.43130277112374904     
          80    0.41536398229553451     
          81    0.40019583800425285     
          82    0.38572169081646734     
          83    0.37187997286049551     
          84    0.35860828861935012     
          85    0.34586357971386966     
          86    0.33359372060788062     
          87    0.32176903920567840     
          88    0.31034497549937151     
          89    0.29930181656710109     
          90    0.28860070923002146     
          91    0.27822957978259266     
          92    0.26815395812407233     
          93    0.25836782915984907     
          94    0.24884017756274818     
          95    0.23957000424865649     
          96    0.23052904255290202     
          97    0.22172068060855749     
          98    0.21311891938647415     
          99    0.20473123380592900     
         100    0.19653355290536617     
         101    0.18853751654678605     
         102    0.18072077993928648     
         103    0.17309964955292559     
         104    0.16565348771827487     
         105    0.15840440161291341     
         106    0.15133368166079558     
         107    0.14447145787255761     
         108    0.13780151898522872     
         109    0.13136615049191619     
         110    0.12515268008438385     
         111    0.11922328315082423     
         112    0.11356981139646036     
         113    0.10829779281944618     
         114    0.10333801959247324     
         115     9.8957456905523947E-002
         116     9.5187436613892173E-002
         117     9.2157771565251873E-002
         118     9.0201244662196325E-002
         119     8.8969217824347954E-002
         120     8.8542418916877169E-002
