# J1-J2-J3 Heisenberg model
# J1=-1 J2=0.15 J3=1/10 L=120
# chirality correlation d=2 kappa(l)
# l, kappa(l)
           1     9.9435620000000013E-003
           2     1.4305234999999999E-002
           3     1.3684143000000001E-002
           4     1.2685904999999999E-002
           5     1.2217472999999998E-002
           6     1.2644055000000000E-002
           7     1.2926981999999997E-002
           8     1.3087504999999999E-002
           9     1.4157824999999999E-002
          10     1.5372754999999998E-002
          11     1.5454664999999999E-002
          12     1.5255995000000000E-002
          13     1.5173835000000002E-002
          14     1.5564455000000001E-002
          15     1.5855365000000000E-002
          16     1.6054970000000002E-002
          17     1.6622819999999996E-002
          18     1.7315209999999998E-002
          19     1.7564735000000005E-002
          20     1.7688985000000004E-002
          21     1.7794814999999999E-002
          22     1.8176445000000006E-002
          23     1.8519160000000000E-002
          24     1.8848370000000000E-002
          25     1.9354970000000003E-002
          26     1.9937235000000005E-002
          27     2.0323190000000001E-002
          28     2.0695845000000001E-002
          29     2.1007414999999998E-002
          30     2.1490364999999997E-002
          31     2.1957370000000004E-002
          32     2.2482825000000001E-002
          33     2.3104424999999998E-002
          34     2.3773249999999999E-002
          35     2.4364675000000006E-002
          36     2.5051970000000000E-002
          37     2.5702404999999998E-002
          38     2.6482374999999996E-002
          39     2.7244754999999996E-002
          40     2.8133719999999994E-002
          41     2.9108920000000000E-002
          42     3.0142090000000000E-002
          43     3.1164639999999993E-002
          44     3.2473660000000001E-002
          45     3.3969810000000003E-002
          46     3.5702749999999998E-002
          47     3.7387209999999997E-002
          48     3.9279340000000003E-002
          49     4.1456400000000004E-002
          50     4.3908469999999998E-002
          51     4.6387199999999996E-002
          52     4.9940319999999996E-002
          53     5.5942320000000004E-002
          54     6.4719719999999994E-002
          55     7.5038510000000017E-002
          56     8.4450000000000025E-002
          57    0.10321405000000000     
          58    0.15035907500000001     
          59    -9.3630400000000003E-002
          60    0.37724270000000010     
          61    -9.4346300000000008E-002
          62    0.15105065000000001     
          63    0.10476300000000001     
          64     8.4948829999999975E-002
          65     7.5583120000000018E-002
          66     6.4983680000000002E-002
          67     5.6245560000000007E-002
          68     4.9951570000000008E-002
          69     4.6539430000000007E-002
          70     4.4032079999999994E-002
          71     4.1625340000000004E-002
          72     3.9390219999999997E-002
          73     3.7603419999999992E-002
          74     3.5867099999999999E-002
          75     3.4190180000000008E-002
          76     3.2515700000000002E-002
          77     3.1268689999999995E-002
          78     3.0186959999999995E-002
          79     2.9176799999999999E-002
          80     2.8210750000000000E-002
          81     2.7399884999999999E-002
          82     2.6614670000000000E-002
          83     2.5932425000000002E-002
          84     2.5142280000000006E-002
          85     2.4461414999999997E-002
          86     2.3755105000000002E-002
          87     2.3118235000000001E-002
          88     2.2566374999999993E-002
          89     2.2073354999999999E-002
          90     2.1581895000000004E-002
          91     2.1263239999999999E-002
          92     2.0855184999999998E-002
          93     2.0428460000000002E-002
          94     1.9818759999999998E-002
          95     1.9299930000000000E-002
          96     1.8959429999999999E-002
          97     1.8602085000000001E-002
          98     1.8212229999999996E-002
          99     1.8105830000000000E-002
         100     1.7970444999999998E-002
         101     1.7702025000000000E-002
         102     1.6987064999999999E-002
         103     1.6406094999999999E-002
         104     1.6201020000000000E-002
         105     1.5901159999999998E-002
         106     1.5502580000000000E-002
         107     1.5587810000000001E-002
         108     1.5788150000000001E-002
         109     1.5699079999999997E-002
         110     1.4455379999999999E-002
         111     1.3362309999999999E-002
         112     1.3197990000000000E-002
         113     1.2908559999999999E-002
         114     1.2473817000000000E-002
         115     1.2952919999999998E-002
         116     1.3971318000000000E-002
         117     1.4602976000000002E-002
         118     1.0149267999999999E-002
         119     0.0000000000000000     
