# J1-J2-J3 Heisenberg model
# J1=-1 J2=0.40 J3=1/10 L=120
# static structure factor S(q) q=k*pi/L
# k, S(q)
           0     1.4131170100067404E-007
           1     1.3048637395414895E-002
           2     1.7624253190426167E-002
           3     3.3405389122396392E-002
           4     4.1032165022010812E-002
           5     5.7355800055077261E-002
           6     6.6614257710709168E-002
           7     8.3396894761454732E-002
           8     9.3811361483633560E-002
           9    0.11104837034067118     
          10    0.12240861794789909     
          11    0.14024631345467170     
          12    0.15250498971722970     
          13    0.17114015263897744     
          14    0.18434358729863315     
          15    0.20401288389841282     
          16    0.21827647808132261     
          17    0.23926975903121114     
          18    0.25477540559614142     
          19    0.27745958662909176     
          20    0.29446649043457074     
          21    0.31932102948330104     
          22    0.33818887795544916     
          23    0.36586074410438213     
          24    0.38709097427184991     
          25    0.41848595179656423     
          26    0.44279393382835874     
          27    0.47923541741390607     
          28    0.50767959350833514     
          29    0.55120493456537756     
          30    0.58543249088891425     
          31    0.63938922664066500     
          32    0.68213935756291433     
          33    0.75249675315411035     
          34    0.80873546879192182     
          35    0.90725464454092375     
          36    0.98712823999619603     
          37     1.1397036670492504     
          38     1.2758287668158750     
          39     1.5556342055149912     
          40     1.8476150188672604     
          41     2.6120195668034882     
          42     3.2862831796964640     
          43     2.4399156151319041     
          44     1.7280426748776683     
          45     1.4356744874663576     
          46     1.2003791653590006     
          47     1.0626225984178119     
          48    0.94126726785647374     
          49    0.85824667346215500     
          50    0.78245572481962689     
          51    0.72572943810150881     
          52    0.67313311308769186     
          53    0.63131345068468014     
          54    0.59229064145574517     
          55    0.55985546946982101     
          56    0.52954492872500125     
          57    0.50346615655409466     
          58    0.47913196422190707     
          59    0.45759907475073858     
          60    0.43757773160616997     
          61    0.41943732290249619     
          62    0.40265823875722229     
          63    0.38714008845857839     
          64    0.37288504919208648     
          65    0.35945746486833574     
          66    0.34723093432825586     
          67    0.33551869786124044     
          68    0.32497395230965409     
          69    0.31471094609082101     
          70    0.30560689824034665     
          71    0.29660750297203103     
          72    0.28878411322142339     
          73    0.28092877691390983     
          74    0.27429663853979674     
          75    0.26753259778934402     
          76    0.26207979663776421     
          77    0.25648983139406123     
          78    0.25234917248743227     
          79    0.24973599825006709     
          80    0.24716375643386382     
          81    0.24581819226966600     
          82    0.24437706346717530     
          83    0.24415941393177643     
          84    0.24365400253165920     
          85    0.24462742822744291     
          86    0.24536835631282899     
          87    0.24681408766757101     
          88    0.24817797311591663     
          89    0.24989692127597185     
          90    0.25159969561340378     
          91    0.25348306662106546     
          92    0.25539584087080380     
          93    0.25738923455221041     
          94    0.25944711297983580     
          95    0.26152210426432687     
          96    0.26368949141264469     
          97    0.26583031459856521     
          98    0.26808589599212929     
          99    0.27028229639679135     
         100    0.27261131230405911     
         101    0.27485486470719489     
         102    0.27724492201139678     
         103    0.27952651398525874     
         104    0.28196523858883260     
         105    0.28427380273313790     
         106    0.28674673920999078     
         107    0.28906777231658332     
         108    0.29155696072178011     
         109    0.29387138749989716     
         110    0.29635288808655025     
         111    0.29863507823797353     
         112    0.30107555205805003     
         113    0.30329057705429963     
         114    0.30563988295338579     
         115    0.30773919278219986     
         116    0.30991370630065107     
         117    0.31182508335539183     
         118    0.31365387926200733     
         119    0.31525056897478337     
         120    0.31589633222842811     
