# J1-J2-J3 Heisenberg model
# J1=-1 J2=0.65 J3=1/10 L=120
# static structure factor S(q) q=k*pi/L
# k, S(q)
           0     8.7491339283455802E-008
           1     5.2022858027169355E-003
           2     1.1496640658499009E-002
           3     2.0496788828036388E-002
           4     2.8901025231896443E-002
           5     3.8905819978158396E-002
           6     4.8505084149774967E-002
           7     5.9223826490587848E-002
           8     6.9769930386532925E-002
           9     8.1146794782395615E-002
          10     9.2547294219266524E-002
          11    0.10459449882656113     
          12    0.11680423875182266     
          13    0.12954709835937359     
          14    0.14254532226215411     
          15    0.15601644323503677     
          16    0.16965887929587847     
          17    0.18379946750421972     
          18    0.19809861046307028     
          19    0.21294910731999853     
          20    0.22798397343735108     
          21    0.24364918879046377     
          22    0.25954717454409515     
          23    0.27617290399330752     
          24    0.29309761371298682     
          25    0.31086598149997091     
          26    0.32901785606382966     
          27    0.34815185112624319     
          28    0.36777595321569811     
          29    0.38855023605075589     
          30    0.40995005164617293     
          31    0.43270814823251613     
          32    0.45626661941004831     
          33    0.48144713759797575     
          34    0.50765879245070900     
          35    0.53583560559561705     
          36    0.56535648305079955     
          37    0.59730256243520663     
          38    0.63103144523708810     
          39    0.66782529199435026     
          40    0.70704351473028337     
          41    0.75025798608712657     
          42    0.79688613789296359     
          43    0.84894928592700103     
          44    0.90605808140770161     
          45    0.97100650438813230     
          46     1.0439466801175561     
          47     1.1291804957370910     
          48     1.2284064981913261     
          49     1.3493362156644788     
          50     1.4983731552269559     
          51     1.6898221109774227     
          52     1.9346907446677357     
          53     2.1629197493206620     
          54     1.9866269878599532     
          55     1.6147805752492959     
          56     1.4013285307964347     
          57     1.2306550515987720     
          58     1.1171035573312369     
          59     1.0185359459508099     
          60    0.94626697932598736     
          61    0.88002721238651405     
          62    0.82797629476594370     
          63    0.77886202627625611     
          64    0.73785830613513115     
          65    0.69899721477022492     
          66    0.66479380218738127     
          67    0.63561269990330749     
          68    0.60781723992475656     
          69    0.58250100519186909     
          70    0.55830514046821245     
          71    0.53639116770292272     
          72    0.51550670637700968     
          73    0.49627776909249588     
          74    0.47792636160306196     
          75    0.46082704111612033     
          76    0.44449037587556661     
          77    0.42912623862767396     
          78    0.41443070816412431     
          79    0.40050437734155292     
          80    0.38716803602407279     
          81    0.37444882486851327     
          82    0.36225405974574654     
          83    0.35056060478175877     
          84    0.33933731444757209     
          85    0.32852592867568609     
          86    0.31814016162640585     
          87    0.30809663041502144     
          88    0.29844266813071907     
          89    0.28907652240081882     
          90    0.28007146257459736     
          91    0.27131190679249473     
          92    0.26289185859398800     
          93    0.25468497567711823     
          94    0.24680256175680765     
          95    0.23910952029456106     
          96    0.23173248732616386     
          97    0.22452884920846955     
          98    0.21763979043461160     
          99    0.21091571785273605     
         100    0.20451283366513623     
         101    0.19827435411491340     
         102    0.19237328828989606     
         103    0.18664429178103051     
         104    0.18128048716771974     
         105    0.17610396953604354     
         106    0.17133097323590138     
         107    0.16675659347786506     
         108    0.16265118777988469     
         109    0.15879967511349244     
         110    0.15540205259089110     
         111    0.15235073664708215     
         112    0.14975239020996359     
         113    0.14760989489459875     
         114    0.14592353369548752     
         115    0.14480742277631667     
         116    0.14412697352630077     
         117    0.14411016113268471     
         118    0.14444003480988596     
         119    0.14545204487119867     
         120    0.14601469290234603     
