# J1-J2-J3 Heisenberg model
# J1=-1 J2=0.10 J3=1/10 L=120
# static structure factor S(q) q=k*pi/L
# k, S(q)
           1      2.2154665000000000E-002
           2      2.5715030000000000E-002
           3      2.3788743999999997E-002
           4      2.2147899999999998E-002
           5      2.1384549999999999E-002
           6      2.1364868500000002E-002
           7      2.1740358000000001E-002
           8      2.1916590000000000E-002
           9      2.2074974500000000E-002
          10      2.2611023500000001E-002
          11      2.3749571499999997E-002
          12      2.4839390000000003E-002
          13      2.5013430000000003E-002
          14      2.4769608499999998E-002
          15      2.4696499500000000E-002
          16      2.4949595000000005E-002
          17      2.5421924999999998E-002
          18      2.5775024999999997E-002
          19      2.6004019999999996E-002
          20      2.6386575000000002E-002
          21      2.7077620000000000E-002
          22      2.7809535000000007E-002
          23      2.8207174999999998E-002
          24      2.8408700000000002E-002
          25      2.8663735000000003E-002
          26      2.9076350000000001E-002
          27      2.9609305000000006E-002
          28      3.0078639999999997E-002
          29      3.0469784999999992E-002
          30      3.0973670000000002E-002
          31      3.1730405000000003E-002
          32      3.2597200000000007E-002
          33      3.3320604999999996E-002
          34      3.3913865000000001E-002
          35      3.4505864999999997E-002
          36      3.5199055000000000E-002
          37      3.5998385000000001E-002
          38      3.6758439999999996E-002
          39      3.7449349999999999E-002
          40      3.8289789999999997E-002
          41      3.9520994999999996E-002
          42      4.1075154999999995E-002
          43      4.2649950000000006E-002
          44      4.4072875000000011E-002
          45      4.5398815000000002E-002
          46      4.6867560000000003E-002
          47      4.8622760000000001E-002
          48      5.0391509999999994E-002
          49      5.1878719999999996E-002
          50      5.3634580000000001E-002
          51      5.6980120000000002E-002
          52      6.3167609999999999E-002
          53      7.2076600000000005E-002
          54      8.0795499999999965E-002
          55      8.7483340000000021E-002
          56      9.9946790000000008E-002
          57      3.9385680249999998E-008
          58      8.3367770000000008E-002
          59  -  -8.7057650000000014E-002
          60  0   0.0000000000000000     
          61  0  -8.7166199999999999E-002
          62      8.3329840000000002E-002
          63     -2.2248485000000014E-009
          64      9.9759534999999969E-002
          65      8.7448634999999997E-002
          66      8.0740199999999998E-002
          67      7.1867840000000002E-002
          68      6.2877730000000007E-002
          69      5.6831079999999992E-002
          70      5.3676630000000017E-002
          71      5.1966730000000017E-002
          72      5.0429200000000000E-002
          73      4.8681460000000003E-002
          74      4.6988050000000003E-002
          75      4.5538739999999994E-002
          76      4.4136109999999999E-002
          77      4.2499865000000012E-002
          78      4.0804910000000000E-002
          79      3.9394800000000008E-002
          80      3.8357934999999996E-002
          81      3.7533764999999997E-002
          82      3.6755944999999998E-002
          83      3.6020915000000001E-002
          84      3.5350170000000007E-002
          85      3.4736215000000001E-002
          86      3.4041695000000004E-002
          87      3.3145855000000002E-002
          88      3.2255924999999998E-002
          89      3.1573430000000000E-002
          90      3.1061610000000000E-002
          91      3.0562889999999999E-002
          92      3.0031289999999995E-002
          93      2.9599614999999989E-002
          94      2.9307874999999997E-002
          95      2.9088589999999998E-002
          96      2.8694184999999997E-002
          97      2.7945395000000005E-002
          98      2.7201794999999994E-002
          99      2.6747244999999992E-002
         100      2.6468249999999999E-002
         101      2.6102045000000004E-002
         102      2.5625224999999995E-002
         103      2.5358375000000002E-002
         104      2.5410657999999999E-002
         105      2.5645843000000008E-002
         106      2.5469617500000000E-002
         107      2.4357109999999998E-002
         108      2.3183340000000004E-002
         109      2.2609209000000002E-002
         110      2.2427914000000000E-002
         111      2.2249560000000002E-002
         112      2.1869232000000006E-002
         113      2.1881068500000000E-002
         114      2.2642390000000005E-002
         115      2.4307660000000002E-002
         116      2.6269419999999998E-002
         117      2.2622600000000000E-002
         118      0.0000000000000000     
         119      0.0000000000000000     
