# J1-J2-J3 Heisenberg model
# J1=-1 J2=0.85 J3=1/10 L=120
# static structure factor S(q) q=k*pi/L
# k, S(q)
           0     1.4583833063625332E-007
           1     5.2544693724463232E-003
           2     1.2331868955690509E-002
           3     2.1120962642964630E-002
           4     3.0743124549240334E-002
           5     4.0511078333022310E-002
           6     5.1266093017470912E-002
           7     6.2051481107581546E-002
           8     7.3161408153974553E-002
           9     8.4337393955707107E-002
          10     9.5717843795401547E-002
          11    0.10721360013191136     
          12    0.11889187751468033     
          13    0.13073925117099727     
          14    0.14277863394930573     
          15    0.15503861981605047     
          16    0.16751409892836050     
          17    0.18026119819819875     
          18    0.19325636324356696     
          19    0.20657606676834644     
          20    0.22018424266435846     
          21    0.23417399930949714     
          22    0.24850073495256333     
          23    0.26327239657025386     
          24    0.27843876709627369     
          25    0.29412204805190517     
          26    0.31026879396535534     
          27    0.32701577117825764     
          28    0.34430856999014364     
          29    0.36229962941942334     
          30    0.38093610189743343     
          31    0.40038801659532031     
          32    0.42060713980482684     
          33    0.44178403038004221     
          34    0.46387921344300626     
          35    0.48710799588055231     
          36    0.51144576205346892     
          37    0.53713869947744031     
          38    0.56418636213205675     
          39    0.59287491560316774     
          40    0.62324316711544481     
          41    0.65563128496303291     
          42    0.69014297078883124     
          43    0.72719535840468508     
          44    0.76700323828657302     
          45    0.81010078268022778     
          46    0.85690301371995325     
          47    0.90813757782329418     
          48    0.96460745502368606     
          49     1.0273966179525340     
          50     1.0981405497912413     
          51     1.1786776354326669     
          52     1.2727130805802851     
          53     1.3839566512933632     
          54     1.5224291184537320     
          55     1.6959684389686069     
          56     1.9334554863170677     
          57     2.1423428454453788     
          58     1.9595558086513660     
          59     1.5923231364344614     
          60     1.3899095026532997     
          61     1.2279785018060074     
          62     1.1083821505223415     
          63     1.0166737090668119     
          64    0.93507525003734937     
          65    0.86842645231578797     
          66    0.81025570877732500     
          67    0.76121493604309587     
          68    0.71772498765651671     
          69    0.67962917174498649     
          70    0.64522104340497666     
          71    0.61430670452347447     
          72    0.58597973374769419     
          73    0.56006544410041492     
          74    0.53605116597991875     
          75    0.51378188918934342     
          76    0.49295941959738554     
          77    0.47344392706541882     
          78    0.45506272986209406     
          79    0.43768743608957678     
          80    0.42122292568687569     
          81    0.40554957393396163     
          82    0.39062225634679915     
          83    0.37632826310898676     
          84    0.36265584446683025     
          85    0.34949782521571515     
          86    0.33686545889868674     
          87    0.32465609132599660     
          88    0.31289725726939599     
          89    0.30149000374791735     
          90    0.29047375540599851     
          91    0.27975256294305867     
          92    0.26937482473875157     
          93    0.25924699117015321     
          94    0.24942454629499539     
          95    0.23981578767527861     
          96    0.23048212545052610     
          97    0.22133312649503084     
          98    0.21243553074776164     
          99    0.20369957484620374     
         100    0.19519728858891086     
         101    0.18683892122192194     
         102    0.17870225963078890     
         103    0.17069681956377986     
         104    0.16290742603025180     
         105    0.15524179620852516     
         106    0.14779417635464687     
         107    0.14046910614289737     
         108    0.13337454173287572     
         109    0.12640957126577207     
         110    0.11970409654023970     
         111    0.11314765052322523     
         112    0.10690909212733186     
         113    0.10085896768941092     
         114     9.5242443595346990E-002
         115     8.9883968958718641E-002
         116     8.5346204270724257E-002
         117     8.1261305873933112E-002
         118     7.8378582128814572E-002
         119     7.6732303848865008E-002
         120     7.5774093531265130E-002
