# J1-J2-J3 Heisenberg model
# J1=-1 J2=1/4 J3=1/10 L=48
# static structure factor S(q) q=k*pi/L
# k, S(q)
           0     2.5984442245250143E-002
           1     3.7187434442671696E-002
           2     8.2790172608370516E-002
           3    0.11510594187215828     
           4    0.16396821135399994     
           5    0.20683587232960315     
           6    0.26492673541463624     
           7    0.32013486532342539     
           8    0.39479411449363078     
           9    0.47354683194623992     
          10    0.58433973067844724     
          11    0.72335127662080845     
          12    0.94163255057478967     
          13     1.3606890938099321     
          14     2.3780359243835125     
          15     2.3050474031999180     
          16     1.2437337590434943     
          17    0.89920369529353583     
          18    0.71032519482883749     
          19    0.59807538393734849     
          20    0.51339844697361847     
          21    0.45010864578097309     
          22    0.39848905079360397     
          23    0.35889528433437223     
          24    0.32355459037688172     
          25    0.29685203322423315     
          26    0.27167354260951859     
          27    0.25377591081049949     
          28    0.23667567257461741     
          29    0.22687219476922349     
          30    0.22241613826021780     
          31    0.22215509428460217     
          32    0.22626610925369567     
          33    0.23222534390426486     
          34    0.23987565111501213     
          35    0.24970775807353504     
          36    0.25842157125837839     
          37    0.26931364978392902     
          38    0.27861918361463567     
          39    0.28971804413720420     
          40    0.29897291526737929     
          41    0.30975702860286325     
          42    0.31844256796233972     
          43    0.32839830353648963     
          44    0.33577553171073449     
          45    0.34410292915589702     
          46    0.34860362842458031     
          47    0.35423587071332163     
          48    0.35314535037898082     
