# J1-J2-J3 Heisenberg model
# J1=-1 J2=0.85 J3=1/10 L=120
# chirality correlation d=2 kappa(l)
# l, kappa(l)
           1     6.9299700000007234E-005
           2    -2.0824409999991114E-005
           3     1.0942349999999314E-004
           4     4.4256449999991742E-005
           5     1.3307060000000413E-004
           6     1.2336019999959736E-006
           7     1.7459009999999984E-004
           8     9.8428199999998564E-005
           9     1.9330970000000551E-004
          10     3.9639309999996008E-005
          11     2.3209290000000409E-004
          12     1.6501500000001265E-004
          13     2.5103209999999488E-004
          14     9.0290199999993676E-005
          15     2.8398350000000545E-004
          16     2.4075749999999835E-004
          17     3.0753499999998531E-004
          18     1.4878789999999450E-004
          19     3.3115110000000102E-004
          20     3.2106279999999859E-004
          21     3.6376029999999834E-004
          22     2.1026689999999892E-004
          23     3.7453349999999966E-004
          24     3.9915530000000032E-004
          25     4.2318119999999759E-004
          26     2.6774869999999487E-004
          27     4.1519019999999038E-004
          28     4.6409349999999730E-004
          29     4.9077820000000233E-004
          30     3.0903230000000747E-004
          31     4.5343789999998827E-004
          32     4.9427600000000551E-004
          33     5.7422019999998344E-004
          34     3.0891010000000033E-004
          35     4.8764000000000294E-004
          36     4.4298240000000184E-004
          37     6.8817200000000512E-004
          38     2.1018930000000807E-004
          39     5.1030659999999389E-004
          40     1.9778370000000239E-004
          41     8.6665199999998968E-004
          42    -1.2698559999999568E-004
          43     4.9527159999999926E-004
          44    -5.4651060000001099E-004
          45     1.2083389999999812E-003
          46    -1.0785770000000007E-003
          47     3.4514879999999581E-004
          48    -2.7899370000000019E-003
          49     2.0896760000000095E-003
          50    -3.8494089999999989E-003
          51    -4.2362349999999663E-004
          52    -1.1355060000000007E-002
          53     5.7503960000000031E-003
          54    -1.3663170000000002E-002
          55    -6.2807290000000005E-003
          56    -8.8553599999999968E-002
          57     4.7524799999999992E-002
          58    -7.7820600000000004E-002
          59     2.9761759999999991E-002
          60    0.59033510000000000     
          61     1.8905759999999994E-002
          62    -7.8963549999999494E-002
          63     7.0042499999999980E-002
          64    -8.7083449999999993E-002
          65     4.1662339999999926E-003
          66    -1.4017280000000003E-002
          67     1.4586780000000011E-002
          68    -1.0849339999999999E-002
          69     5.2768560000000103E-003
          70    -4.0949969999999926E-003
          71     7.2458700000000032E-003
          72    -2.5439449999999936E-003
          73     4.0468669999999991E-003
          74    -1.2628190000000088E-003
          75     4.5812090000000001E-003
          76    -4.0914970000000494E-004
          77     3.0417240000000052E-003
          78    -2.5228989999999998E-004
          79     3.2023260000000149E-003
          80     2.9417069999999857E-004
          81     2.3161290000000096E-003
          82     1.5014329999999500E-004
          83     2.3620390000000007E-003
          84     5.3826989999999539E-004
          85     1.7918520000000048E-003
          86     3.2133760000000345E-004
          87     1.7991000000000148E-003
          88     6.1367300000000099E-004
          89     1.4041829999999968E-003
          90     3.9939649999999887E-004
          91     1.3956070000000075E-003
          92     6.2290599999998406E-004
          93     1.1081900000000041E-003
          94     4.3808689999999572E-004
          95     1.0894000000000056E-003
          96     6.0407499999999689E-004
          97     8.7261999999999865E-004
          98     4.5751729999999637E-004
          99     8.4407300000000920E-004
         100     5.7027800000000175E-004
         101     6.7610100000000946E-004
         102     4.6295920000000352E-004
         103     6.3749699999999273E-004
         104     5.2336810000000315E-004
         105     5.0424889999999630E-004
         106     4.5274470000000527E-004
         107     4.5618180000000510E-004
         108     4.6019520000000044E-004
         109     3.4816480000000980E-004
         110     4.2069590000000238E-004
         111     2.9288910000000102E-004
         112     3.7451419999999915E-004
         113     2.0399299999999975E-004
         114     3.6077180000000024E-004
         115     1.4411119999999835E-004
         116     2.5482159999999919E-004
         117     7.3227899999997673E-005
         118     2.5560149999999247E-004
         119     0.0000000000000000     
