# J1-J2-J3 Heisenberg model
# J1=-1 J2=0.55 J3=1/10 L=120
# static structure factor S(q) q=k*pi/L
# k, S(q)
           0     1.4408389071218428E-007
           1     7.7880675642185019E-003
           2     1.2574468002985714E-002
           3     2.3450857363593952E-002
           4     3.0712118932377644E-002
           5     4.2489920412240839E-002
           6     5.1094445983576570E-002
           7     6.3502741399798834E-002
           8     7.3083841293927088E-002
           9     8.6045963344441284E-002
          10     9.6477204218783003E-002
          11    0.11001411415413551     
          12    0.12127576420976544     
          13    0.13545599490910534     
          14    0.14758275298801732     
          15    0.16250383102374300     
          16    0.17556889523206221     
          17    0.19135402397457579     
          18    0.20546950336034853     
          19    0.22227108229371079     
          20    0.23759953420064045     
          21    0.25560434306908797     
          22    0.27239256690847896     
          23    0.29177917449407564     
          24    0.31003559895909838     
          25    0.33102592387746532     
          26    0.35095090397387058     
          27    0.37387147343071259     
          28    0.39579043145987713     
          29    0.42108850072685095     
          30    0.44545905451996859     
          31    0.47373827723303125     
          32    0.50118857286297169     
          33    0.53327608949019401     
          34    0.56468357036172390     
          35    0.60175145939973829     
          36    0.63838299896154371     
          37    0.68216626760191779     
          38    0.72593813046731159     
          39    0.77915373295034474     
          40    0.83314896010270156     
          41    0.90037466193988192     
          42    0.96997362870787296     
          43     1.0597125078638521     
          44     1.1553876539696715     
          45     1.2857098034173990     
          46     1.4310506525656195     
          47     1.6472925287780797     
          48     1.8998322902722695     
          49     2.3108255622126368     
          50     2.2854927064276955     
          51     1.7736074473916710     
          52     1.4964933544274377     
          53     1.2838133463335601     
          54     1.1473264299028743     
          55     1.0309645199640793     
          56    0.94886598581981707     
          57    0.87390489548782757     
          58    0.81831305738284055     
          59    0.76508135482859951     
          60    0.72441883106346194     
          61    0.68406029020614390     
          62    0.65259236353593730     
          63    0.62048840668473737     
          64    0.59502058879267317     
          65    0.56852835719317674     
          66    0.54713275468027411     
          67    0.52466773520226406     
          68    0.50609104904948254     
          69    0.48678237213713216     
          70    0.47040368227597606     
          71    0.45615412826932455     
          72    0.44162891588705100     
          73    0.42852629725184088     
          74    0.41551463617854389     
          75    0.40360223735475020     
          76    0.39180432219456585     
          77    0.38084014656871562     
          78    0.37002214272409184     
          79    0.35987872505880436     
          80    0.34991376065817992     
          81    0.34050904391321035     
          82    0.33130990618049277     
          83    0.32258218582499198     
          84    0.31408208296947326     
          85    0.30598310809329876     
          86    0.29812995657927344     
          87    0.29062294926682597     
          88    0.28337762921973519     
          89    0.27643692889409055     
          90    0.26977282083079285     
          91    0.26338437812468418     
          92    0.25728762686163409     
          93    0.25145015838259610     
          94    0.24592061753198052     
          95    0.24064753032832298     
          96    0.23569909438443115     
          97    0.23101980742538591     
          98    0.22667615952772668     
          99    0.22263181139893451     
         100    0.21889823674537817     
         101    0.21557634520725105     
         102    0.21243834598295094     
         103    0.20975600040597994     
         104    0.20720093207357348     
         105    0.20511624052945165     
         106    0.20313252655183048     
         107    0.20163011710016776     
         108    0.20021759198321992     
         109    0.19929790543121184     
         110    0.19846147644251333     
         111    0.19812907105870697     
         112    0.19786866106468320     
         113    0.19812144995567094     
         114    0.19842160419236876     
         115    0.19924229964559909     
         116    0.20006048723133663     
         117    0.20140767589298239     
         118    0.20263961866834251     
         119    0.20443816732880729     
         120    0.20569353297113774     
