# J1-J2-J3 Heisenberg model
# J1=-1 J2=0.95 J3=1/10 L=120
# static structure factor S(q) q=k*pi/L
# k, S(q)
           0    -1.8221320592995416E-008
           1     4.6924309041786443E-003
           2     1.2999107395781286E-002
           3     2.2939577278702009E-002
           4     3.2464835846049561E-002
           5     4.2646264418491044E-002
           6     5.3213596301261198E-002
           7     6.3869316953685834E-002
           8     7.4685702292997355E-002
           9     8.5614236447856623E-002
          10     9.6677063013807379E-002
          11    0.10789820545652729     
          12    0.11926020600377868     
          13    0.13082471005762900     
          14    0.14254848971457784     
          15    0.15451794202271740     
          16    0.16667212698381617     
          17    0.17911643815575623     
          18    0.19177680137872827     
          19    0.20477502022445543     
          20    0.21802657883172821     
          21    0.23166884882048516     
          22    0.24560840480663315     
          23    0.25999849355916937     
          24    0.27473755382397957     
          25    0.28999593838188109     
          26    0.30566428639110055     
          27    0.32193223083759115     
          28    0.33868259397201134     
          29    0.35612740021755634     
          30    0.37414141208100327     
          31    0.39296346220938250     
          32    0.41245978661045235     
          33    0.43290213968456637     
          34    0.45414770473622779     
          35    0.47650956729013316     
          36    0.49983525218579905     
          37    0.52449114084403470     
          38    0.55031460218766737     
          39    0.57774276665821767     
          40    0.60660291299646574     
          41    0.63742922910936373     
          42    0.67004040715244551     
          43    0.70510942848119851     
          44    0.74245150107702829     
          45    0.78294868046132282     
          46    0.82642688180435453     
          47    0.87410482620187402     
          48    0.92585752152587675     
          49    0.98349651834533058     
          50     1.0470551852228249     
          51     1.1195282457312938     
          52     1.2014604631549264     
          53     1.2986894376248730     
          54     1.4136817697262867     
          55     1.5614441587965140     
          56     1.7535271783234170     
          57     2.0452727841810470     
          58     2.1579767529401610     
          59     1.8779081946318277     
          60     1.5662525473621267     
          61     1.3534817098460135     
          62     1.1946874204195339     
          63     1.0819924991956378     
          64    0.98618849429679944     
          65    0.90972942156847503     
          66    0.84532590552828035     
          67    0.79141935181503098     
          68    0.74421581775351964     
          69    0.70316348759979608     
          70    0.66627933187405819     
          71    0.63335400711173506     
          72    0.60323290607919300     
          73    0.57583865710227533     
          74    0.55044201792836811     
          75    0.52701904287680734     
          76    0.50508114049903619     
          77    0.48462613657877351     
          78    0.46531209884859454     
          79    0.44714504372489383     
          80    0.42987772405209479     
          81    0.41351833196756116     
          82    0.39788362105568931     
          83    0.38298125084480444     
          84    0.36867287174776775     
          85    0.35496450189906864     
          86    0.34175026006261017     
          87    0.32903414343223675     
          88    0.31673444501614134     
          89    0.30485304675683017     
          90    0.29332665572758032     
          91    0.28215510907020969     
          92    0.27128946860156694     
          93    0.26072768506583993     
          94    0.25043227670903118     
          95    0.24039943678085815     
          96    0.23060106661887614     
          97    0.22103168889477537     
          98    0.21167108680740410     
          99    0.20251224268726808     
         100    0.19354185554117939     
         101    0.18475139461312889     
         102    0.17613392901676053     
         103    0.16767947084242621     
         104    0.15938740409180091     
         105    0.15124629801824990     
         106    0.14326236630413974     
         107    0.13542283008019895     
         108    0.12774213952164765     
         109    0.12020639954751995     
         110    0.11284138716794020     
         111    0.10563308931505186     
         112     9.8625520787299276E-002
         113     9.1808316222925637E-002
         114     8.5261154613352277E-002
         115     7.8990465235629775E-002
         116     7.3174674802459011E-002
         117     6.7979503843188918E-002
         118     6.3056593616915041E-002
         119     6.0308140540745653E-002
         120     5.9698970486661292E-002
