# J1-J2-J3 Heisenberg model
# J1=-1 J2=0.50 J3=1/10 L=120
# static structure factor S(q) q=k*pi/L
# k, S(q)
           0    9.8548635531128109E-008
           1    8.6942929359660071E-003
           2    1.3606697069485193E-002
           3    2.5231555399465380E-002
           4    3.2676245731617183E-002
           5    4.5225524230945655E-002
           6    5.4026001045898504E-002
           7    6.7247395842006619E-002
           8    7.7019434282930510E-002
           9    9.0834093476222399E-002
          10   0.10143706338901101     
          11   0.11586697327213411     
          12   0.12727449531457047     
          13   0.14239635450923771     
          14   0.15464501058589084     
          15   0.17057410259856945     
          16   0.18374693591933750     
          17   0.20063523633564179     
          18   0.21485910427166016     
          19   0.23289963854553253     
          20   0.24835083445177553     
          21   0.26778699468655581     
          22   0.28470647035585994     
          23   0.30584755839838196     
          24   0.32457798043924607     
          25   0.34782408209947224     
          26   0.36895604166184570     
          27   0.39474779048414232     
          28   0.41855635363349575     
          29   0.44747706111936070     
          30   0.47453941484335643     
          31   0.50744901898688188     
          32   0.53866312004549388     
          33   0.57683828265135217     
          34   0.61357251906725296     
          35   0.65894969217095900     
          36   0.70334382907170334     
          37   0.75901691396204884     
          38   0.81460893869541595     
          39   0.88589509936621569     
          40   0.95903178161184821     
          41    1.0560243421206601     
          42    1.1594824694285530     
          43    1.3042095393527924     
          44    1.4681498508858799     
          45    1.7156905124009345     
          46    2.0106225598356060     
          47    2.4716221952378525     
          48    2.3898303748065932     
          49    1.7751693140072429     
          50    1.4815696640224798     
          51    1.2601454084668964     
          52    1.1213561273070800     
          53    1.0030043564885314     
          54   0.92025907164103604     
          55   0.84460127714026412     
          56   0.78888226163630537     
          57   0.73542350747088692     
          58   0.69496320007070045     
          59   0.65465590703086829     
          60   0.62370719578874256     
          61   0.59188242590638529     
          62   0.56727954048239448     
          63   0.54126206125322063     
          64   0.52110633922564431     
          65   0.49924468047141057     
          66   0.48232491384071813     
          67   0.46354598834529759     
          68   0.44905812355438057     
          69   0.43265015582082422     
          70   0.42004850018249296     
          71   0.40557438456492079     
          72   0.39455102329995406     
          73   0.38368258924056675     
          74   0.37371969886822048     
          75   0.36423438690596033     
          76   0.35516198235302454     
          77   0.34660315906734523     
          78   0.33836454967824803     
          79   0.33049314014264181     
          80   0.32292028381681898     
          81   0.31564748258299757     
          82   0.30867501762944655     
          83   0.30196363916511498     
          84   0.29556166888616414     
          85   0.28939604170312899     
          86   0.28355171282408453     
          87   0.27793004564672447     
          88   0.27264316678044909     
          89   0.26757648307166221     
          90   0.26285907533443187     
          91   0.25837240631921249     
          92   0.25424821603725789     
          93   0.25038089071606184     
          94   0.24687559306261192     
          95   0.24366804758639943     
          96   0.24075373924848018     
          97   0.23829411005437057     
          98   0.23595704513381324     
          99   0.23407562504134222     
         100   0.23226078475468853     
         101   0.23087335978708645     
         102   0.22953497689306340     
         103   0.22859550222259856     
         104   0.22770339241708334     
         105   0.22718645653477557     
         106   0.22672055741771652     
         107   0.22661109207386551     
         108   0.22655543161415603     
         109   0.22684155064629363     
         110   0.22717883262150007     
         111   0.22784656675873144     
         112   0.22855325348648292     
         113   0.22958232715555377     
         114   0.23062315719188725     
         115   0.23198245599709677     
         116   0.23330119387965725     
         117   0.23493948949459464     
         118   0.23643160653008879     
         119   0.23821008768062479     
         120   0.23917235902979792     
