# J1-J2-J3 Heisenberg model
# J1=-1 J2=0.30 J3=1/10 L=120
# chirality correlation d=2 kappa(l)
# l, kappa(l)
           1    5.0033779999999993E-003 
           2    4.1832659999999997E-003 
           3    3.7795950000000010E-003 
           4    3.6138750000000003E-003 
           5    4.4562909999999994E-003 
           6    4.3105040000000006E-003 
           7    6.0747399999999986E-003 
           8    5.8122900000000003E-003 
           9    5.5309850000000004E-003 
          10    5.4472790000000002E-003 
          11    6.2050600000000001E-003 
          12    6.0878949999999994E-003 
          13    7.2424680000000036E-003 
          14    7.0538579999999997E-003 
          15    6.9760790000000013E-003 
          16    6.9135640000000005E-003 
          17    7.6232650000000023E-003 
          18    7.5403360000000034E-003 
          19    8.4451450000000011E-003 
          20    8.2807249999999992E-003 
          21    8.3959600000000009E-003 
          22    8.3560299999999969E-003 
          23    9.0573149999999998E-003 
          24    9.0179600000000019E-003 
          25    9.8500449999999982E-003 
          26    9.7077799999999992E-003 
          27    1.0027834999999999E-002 
          28    1.0019694999999999E-002 
          29    1.0757495000000001E-002 
          30    1.0777260000000000E-002 
          31    1.1684584999999999E-002 
          32    1.1587100000000003E-002 
          33    1.2158140000000003E-002 
          34    1.2206004999999997E-002 
          35    1.3047484999999998E-002 
          36    1.3155389999999996E-002 
          37    1.4335299999999999E-002 
          38    1.4348204999999999E-002 
          39    1.5286214999999999E-002 
          40    1.5459084999999999E-002 
          41    1.6536870000000002E-002 
          42    1.6797955000000003E-002 
          43    1.8671944999999999E-002 
          44    1.9014680000000003E-002 
          45    2.0650004999999999E-002 
          46    2.1173549999999999E-002 
          47    2.2864370000000002E-002 
          48    2.3438425000000006E-002 
          49    2.7482603500000001E-002 
          50    2.9225369999999994E-002 
          51    3.3046110000000004E-002 
          52    3.4878830000000000E-002 
          53    3.9181210000000008E-002 
          54    4.0030259999999998E-002 
          55    5.9712969999999997E-002 
          56    7.4749350000000006E-002 
          57   0.12682292500000000      
          58    9.2351925000000001E-002 
          59  -0.10244139999999999      
          60   0.45207800000000004      
          61   -9.7908950000000008E-002 
          62    9.3002949999999987E-002 
          63   0.11735593700000001      
          64    7.4829750000000000E-002 
          65    5.6036530000000008E-002 
          66    4.0016909999999996E-002 
          67    3.7263274999999998E-002 
          68    3.4954174999999997E-002 
          69    3.0978775000000000E-002 
          70    2.9384465000000005E-002 
          71    2.5866914999999997E-002 
          72    2.3440404999999997E-002 
          73    2.1708225000000001E-002 
          74    2.1230939999999997E-002 
          75    1.9500979999999994E-002 
          76    1.9176485000000000E-002 
          77    1.7566849999999998E-002 
          78    1.6813135000000000E-002 
          79    1.5657135000000003E-002 
          80    1.5501125000000001E-002 
          81    1.4540384999999999E-002 
          82    1.4507205000000004E-002 
          83    1.3455069999999998E-002 
          84    1.3185295000000000E-002 
          85    1.2291949999999999E-002 
          86    1.2238899999999999E-002 
          87    1.1667984999999999E-002 
          88    1.1744040000000001E-002 
          89    1.0899455000000002E-002 
          90    1.0823555000000002E-002 
          91    1.0055910000000001E-002 
          92    1.0051169999999998E-002 
          93    9.7356849999999991E-003 
          94    9.8636050000000010E-003 
          95    9.0622050000000003E-003 
          96    9.0824700000000005E-003 
          97    8.3661300000000011E-003 
          98    8.3929599999999997E-003 
          99    8.2806499999999988E-003 
         100    8.4379650000000004E-003 
         101    7.5480459999999992E-003 
         102    7.6244549999999970E-003 
         103    6.9088029999999998E-003 
         104    6.9610680000000008E-003 
         105    7.0386500000000005E-003 
         106    7.2253270000000001E-003 
         107    6.0789290000000020E-003 
         108    6.1930200000000022E-003 
         109    5.4345930000000006E-003 
         110    5.5118900000000019E-003 
         111    5.7897509999999992E-003 
         112    6.0531650000000001E-003 
         113    4.2966980000000007E-003 
         114    4.4402689999999984E-003 
         115    3.5998140000000002E-003 
         116    3.7624409999999983E-003 
         117    4.1600869999999989E-003 
         118    4.9814959999999985E-003 
         119    0.0000000000000000      
