# J1-J2-J3 Heisenberg model
# J1=-1 J2=0.10 J3=1/10 L=120
# chirality correlation d=2 kappa(l)
# l, kappa(l)
           0    -1.7675006133603156E-005
           1     1.6558409165872735E-002
           2     1.2685101971381394E-002
           3     2.8943906333935860E-002
           4     2.7170671790872972E-002
           5     4.3162833263745454E-002
           6     4.2802741835771561E-002
           7     5.9101442387561293E-002
           8     5.9927400050327019E-002
           9     7.7272383026856087E-002
          10     7.9255575366179859E-002
          11     9.8572188804262759E-002
          12    0.10184827606998999     
          13    0.12449831374944247     
          14    0.12945598044553486     
          15    0.15780622444454342     
          16    0.16536559338055237     
          17    0.20426472646028124     
          18    0.21675823319925386     
          19    0.27851473927676651     
          20    0.30328734152713743     
          21    0.43244770644711095     
          22    0.50622690510160195     
          23     1.1030230980925690     
          24     1.9117854800331164     
          25     1.1919221382849494     
          26    0.55069795887652673     
          27    0.44647186812730111     
          28    0.32900110630809587     
          29    0.29212476158609435     
          30    0.24370215145728008     
          31    0.22373765098499507     
          32    0.19725424440229222     
          33    0.18435214511717452     
          34    0.16762854067626609     
          35    0.15848241662322293     
          36    0.14697813034099166     
          37    0.14013276794877649     
          38    0.13176942029882285     
          39    0.12646442755219339     
          40    0.12014902473853070     
          41    0.11594762545842358     
          42    0.11105388523989296     
          43    0.10769134583537555     
          44    0.10384465629386304     
          45    0.10118013493783443     
          46     9.8170062023665974E-002
          47     9.6208443150463938E-002
          48     9.3980438758076212E-002
          49     9.3379241509275859E-002
          50     9.2701591787549026E-002
          51     9.2613428910977263E-002
          52     9.2597476545803609E-002
          53     9.2768473871864016E-002
          54     9.3029867467656652E-002
          55     9.3308868981356041E-002
          56     9.3702665257912848E-002
          57     9.4016362157017280E-002
          58     9.4476752550406939E-002
          59     9.4789837812099972E-002
          60     9.5285162733500031E-002
          61     9.5581330371391798E-002
          62     9.6096718616503068E-002
          63     9.6368843934459436E-002
          64     9.6897908724097245E-002
          65     9.7143541943646480E-002
          66     9.7683631564277534E-002
          67     9.7902723409544798E-002
          68     9.8453433584500705E-002
          69     9.8645224310101989E-002
          70     9.9205203640530135E-002
          71     9.9368842623125328E-002
          72     9.9934648462433301E-002
          73    0.10007062539220413     
          74    0.10062260366822538     
          75    0.10074303585871441     
          76    0.10128114252684446     
          77    0.10138856632503349     
          78    0.10191017157723313     
          79    0.10200449968170877     
          80    0.10250622338931471     
          81    0.10258548486959453     
          82    0.10306510311289378     
          83    0.10312905530403002     
          84    0.10358381666827721     
          85    0.10363144293153499     
          86    0.10406038426889837     
          87    0.10409229272722549     
          88    0.10449405488784573     
          89    0.10451089268731467     
          90    0.10488579396315707     
          91    0.10488858430003679     
          92    0.10523633711623524     
          93    0.10522669381497257     
          94    0.10554795001397911     
          95    0.10552653770721838     
          96    0.10582076805557163     
          97    0.10579067936923234     
          98    0.10606318835875052     
          99    0.10601781182374111     
         100    0.10626665592784174     
         101    0.10620765873741589     
         102    0.10643344574460428     
         103    0.10636169031435171     
         104    0.10656632987473949     
         105    0.10648329623303800     
         106    0.10666914485883899     
         107    0.10657628123938426     
         108    0.10674633376139470     
         109    0.10664558287862919     
         110    0.10680264145145940     
         111    0.10669538240407633     
         112    0.10684248801709560     
         113    0.10673026109586102     
         114    0.10687048746367396     
         115    0.10675423654302155     
         116    0.10688975516203499     
         117    0.10676969613538409     
         118    0.10690246125409948     
         119    0.10677807375354509     
         120    0.10690870856147114     
