# J1-J2-J3 Heisenberg model
# J1=-1 J2=0.15 J3=1/10 L=120
# static structure factor S(q) q=k*pi/L
# k, S(q)
           0    3.1498913409066374E-002
           1    1.8316401615352584E-002
           2    4.6574178196991362E-002
           3    5.1332804408278337E-002
           4    7.9815569909351708E-002
           5    8.8454440564797426E-002
           6   0.11717160695720488     
           7   0.12837209840254499     
           8   0.15813486795940562     
           9   0.17156333996549139     
          10   0.20320167648711035     
          11   0.21890575966564649     
          12   0.25342345933042576     
          13   0.27178730365828518     
          14   0.31058256595206568     
          15   0.33239294893587257     
          16   0.37758035804384205     
          17   0.40422781628773924     
          18   0.45926693967548049     
          19   0.49323308449081682     
          20   0.56436582860049456     
          21   0.61045589425107682     
          22   0.71055140103919356     
          23   0.77957427216748354     
          24   0.94117221153996566     
          25    1.0645646458706821     
          26    1.4054888340443306     
          27    1.7327444480905427     
          28    3.2945639250215910     
          29    4.8275455712129425     
          30    3.1264611312272561     
          31    1.6976605819081261     
          32    1.3594832099358418     
          33    1.0597902553656087     
          34   0.92984297151624962     
          35   0.79763044609701417     
          36   0.72560341762985248     
          37   0.65012983301822980     
          38   0.60330441124950207     
          39   0.55408065889379876     
          40   0.52079621532455322     
          41   0.48597267057982302     
          42   0.46092518166132368     
          43   0.43490507968676995     
          44   0.41530216168916928     
          45   0.39508852682090856     
          46   0.37931326198938581     
          47   0.36315683930099069     
          48   0.35021241522643970     
          49   0.33702871093254622     
          50   0.32627926809086422     
          51   0.31537181626869926     
          52   0.30641785085644979     
          53   0.29733995501838495     
          54   0.28996909792098047     
          55   0.28246451466947159     
          56   0.27669664377046943     
          57   0.27066843434005455     
          58   0.26684655619340569     
          59   0.26429928522657803     
          60   0.26355517099544062     
          61   0.26295649485839528     
          62   0.26316515003381136     
          63   0.26358435409657621     
          64   0.26422867012167850     
          65   0.26513205577748333     
          66   0.26599599112981775     
          67   0.26716118113677489     
          68   0.26816986085874706     
          69   0.26951768078436589     
          70   0.27063962861340340     
          71   0.27213406379579796     
          72   0.27335316887366057     
          73   0.27497526972234787     
          74   0.27628106629619670     
          75   0.27801893334841082     
          76   0.27940128174846329     
          77   0.28124475205647215     
          78   0.28269104599570349     
          79   0.28462953935958413     
          80   0.28612288563417354     
          81   0.28814329538239980     
          82   0.28966007240080743     
          83   0.29174600204637946     
          84   0.29325373052836323     
          85   0.29538476728759422     
          86   0.29683795364002097     
          87   0.29898828526142651     
          88   0.30032803160494403     
          89   0.30244636975361799     
          90   0.30364938427483823     
          91   0.30569281563000439     
          92   0.30669880010808004     
          93   0.30857147486268954     
          94   0.30957916355292997     
          95   0.31136600798916947     
          96   0.31234985257561532     
          97   0.31406551211400363     
          98   0.31501111456819425     
          99   0.31664885097712286     
         100   0.31753464881145316     
         101   0.31907866335751484     
         102   0.31988104736286832     
         103   0.32131251763151558     
         104   0.32200896016187641     
         105   0.32330953519632344     
         106   0.32388129672001154     
         107   0.32503582013617588     
         108   0.32546950315734302     
         109   0.32646781823839199     
         110   0.32675696473282401     
         111   0.32759507965635076     
         112   0.32774064241048806     
         113   0.32842120386398244     
         114   0.32843234211746064     
         115   0.32896462598037740     
         116   0.32885850970716973     
         117   0.32925745602635970     
         118   0.32906071730398750     
         119   0.32933914958686972     
         120   0.32910936768983778     
