# J1-J2-J3 Heisenberg model
# J1=-1 J2=0.90 J3=1/10 L=120
# static structure factor S(q) q=k*pi/L
# k, S(q)
           0    -1.0797292315052262E-007
           1     5.5607514834031813E-003
           2     1.2636551517567438E-002
           3     2.2047935158193237E-002
           4     3.1578943156239200E-002
           5     4.1525240052790131E-002
           6     5.2260869374547179E-002
           7     6.2976937504490363E-002
           8     7.3968975388613856E-002
           9     8.5015629953791111E-002
          10     9.6238383239030306E-002
          11    0.10759313602353746     
          12    0.11910194006009794     
          13    0.13080697746336933     
          14    0.14267035435623526     
          15    0.15478659826406799     
          16    0.16707862817715474     
          17    0.17967769782556195     
          18    0.19247900308413352     
          19    0.20564265550094857     
          20    0.21904274269172674     
          21    0.23286432877805713     
          22    0.24696434783454696     
          23    0.26155128882711093     
          24    0.27646726942641120     
          25    0.29194427707805776     
          26    0.30781099688055602     
          27    0.32432435336883542     
          28    0.34130033557903355     
          29    0.35902348867496742     
          30    0.37729745397882342     
          31    0.39643847780405861     
          32    0.41623801843838126     
          33    0.43704988991499727     
          34    0.45865354500242572     
          35    0.48144850269465245     
          36    0.50520273390106607     
          37    0.53037305846347960     
          38    0.55671732920084926     
          39    0.58476633025726510     
          40    0.61427116090426837     
          41    0.64586158066326593     
          42    0.67928948870234129     
          43    0.71532285251726146     
          44    0.75373108628061414     
          45    0.79548583717109000     
          46    0.84041199742993777     
          47    0.88980336967337181     
          48    0.94363084588101143     
          49     1.0037483091826245     
          50     1.0705098207467703     
          51     1.1468801258243353     
          52     1.2343160120298151     
          53     1.3384409656975875     
          54     1.4645471855803041     
          55     1.6264253010463561     
          56     1.8461585992966221     
          57     2.1408923561637745     
          58     2.0961144179555466     
          59     1.7108545728867399     
          60     1.4599808694937320     
          61     1.2814889455232423     
          62     1.1456140233963741     
          63     1.0489652389139490     
          64    0.95994874682889741     
          65    0.88932081425689469     
          66    0.82785483701707119     
          67    0.77673981804036618     
          68    0.73124335511409200     
          69    0.69181730958792254     
          70    0.65606417961078622     
          71    0.62421172059814722     
          72    0.59491148936045213     
          73    0.56828796206209820     
          74    0.54352682594721291     
          75    0.52069261107013043     
          76    0.49927053635323937     
          77    0.47928664682908206     
          78    0.46040665923170249     
          79    0.44263054226575899     
          80    0.42573897640659120     
          81    0.40971365506450502     
          82    0.39441179842365848     
          83    0.37980199839272699     
          84    0.36579428060010122     
          85    0.35234760418781952     
          86    0.33940957622324103     
          87    0.32693194544088422     
          88    0.31488985643107120     
          89    0.30322951076832427     
          90    0.29194675249437163     
          91    0.28098338633648001     
          92    0.27035126059924636     
          93    0.25998856423536282     
          94    0.24991990632095062     
          95    0.24008032308913044     
          96    0.23050502004914891     
          97    0.22112606974544502     
          98    0.21198792447789061     
          99    0.20301967613824110     
         100    0.19427436424214950     
         101    0.18567782031528343     
         102    0.17729173492106565     
         103    0.16903815921902490     
         104    0.16098830689549459     
         105    0.15305953267140099     
         106    0.14533466537957490     
         107    0.13772489261953164     
         108    0.13032871196311174     
         109    0.12304865213336183     
         110    0.11600674389689661     
         111    0.10909273396134384     
         112    0.10246886517409635     
         113     9.6004451474676775E-002
         114     8.9942434319739806E-002
         115     8.4112537216592384E-002
         116     7.9001618507196864E-002
         117     7.4449932017742165E-002
         118     7.0729022790386287E-002
         119     6.9124456972122952E-002
         120     6.8596024975742770E-002
