# J1-J2-J3 Heisenberg model
# J1=-1 J2=0.35 J3=1/10 L=120
# chirality correlation d=2 kappa(l)
# l, kappa(l)
           1    5.1533279999999996E-003
           2    3.7390839999999984E-003
           3    3.7910200000000000E-003
           4    3.2413420000000017E-003
           5    4.0511820000000004E-003
           6    4.0122329999999987E-003
           7    5.7486580000000002E-003
           8    5.1752019999999994E-003
           9    5.2046829999999999E-003
          10    4.8568580000000004E-003
          11    5.4915760000000006E-003
          12    5.5231209999999972E-003
          13    6.6872800000000003E-003
          14    6.2830300000000002E-003
          15    6.4280399999999960E-003
          16    6.1516860000000000E-003
          17    6.7204099999999978E-003
          18    6.8083199999999962E-003
          19    7.7698300000000027E-003
          20    7.4563599999999996E-003
          21    7.7133499999999990E-003
          22    7.4905700000000011E-003
          23    8.0613800000000017E-003
          24    8.2077999999999995E-003
          25    9.1264300000000013E-003
          26    8.8893700000000006E-003
          27    9.2749499999999971E-003
          28    9.1053400000000000E-003
          29    9.7428700000000024E-003
          30    9.9640900000000001E-003
          31    1.0969430000000000E-002
          32    1.0825840000000003E-002
          33    1.1391909999999996E-002
          34    1.1293190000000002E-002
          35    1.2086859999999998E-002
          36    1.2420229999999999E-002
          37    1.3693760000000003E-002
          38    1.3716009999999997E-002
          39    1.4591399999999997E-002
          40    1.4620710000000000E-002
          41    1.5743810000000000E-002
          42    1.6267705000000000E-002
          43    1.8214905000000003E-002
          44    1.8650980000000001E-002
          45    2.0202765000000001E-002
          46    2.0534640000000000E-002
          47    2.2469335000000000E-002
          48    2.3345249999999998E-002
          49    2.7408009999999997E-002
          50    2.9368614999999997E-002
          51    3.3220395000000000E-002
          52    3.4464150000000006E-002
          53    3.9621798999999999E-002
          54    4.0339811000000003E-002
          55    5.9524740000000000E-002
          56    7.3212170000000021E-002
          57   0.12938141000000000     
          58    7.1536224999999995E-002
          59   -9.2549149999999997E-002
          60   0.46600779999999992     
          61   -9.0323000000000001E-002
          62    7.4189075000000007E-002
          63   0.12549174000000005     
          64    7.4970034999999990E-002
          65    5.7082399999999998E-002
          66    4.0371078000000005E-002
          67    3.8619859999999999E-002
          68    3.5691740000000000E-002
          69    3.2532380000000000E-002
          70    3.0373595000000000E-002
          71    2.6423769999999996E-002
          72    2.3385179999999995E-002
          73    2.1915885000000003E-002
          74    2.1333540000000002E-002
          75    1.9835895000000003E-002
          76    1.9391394999999999E-002
          77    1.7531214999999999E-002
          78    1.6314345000000004E-002
          79    1.5341094999999999E-002
          80    1.5238465000000000E-002
          81    1.4356600000000002E-002
          82    1.4332010000000003E-002
          83    1.3108579999999998E-002
          84    1.2472400000000005E-002
          85    1.1743950000000000E-002
          86    1.1815510000000001E-002
          87    1.1234200000000007E-002
          88    1.1376049999999999E-002
          89    1.0397969999999998E-002
          90    1.0021039999999997E-002
          91    9.4164500000000016E-003
          92    9.5761099999999988E-003
          93    9.1730399999999986E-003
          94    9.4095599999999991E-003
          95    8.5036900000000012E-003
          96    8.2705000000000018E-003
          97    7.7168800000000023E-003
          98    7.9382199999999993E-003
          99    7.6626199999999967E-003
         100    7.9778200000000035E-003
         101    7.0178600000000008E-003
         102    6.8801699999999980E-003
         103    6.3189000000000040E-003
         104    6.5992100000000012E-003
         105    6.4357299999999997E-003
         106    6.8455000000000009E-003
         107    5.6711150000000009E-003
         108    5.6117449999999996E-003
         109    4.9762269999999997E-003
         110    5.3325379999999995E-003
         111    5.2861130000000020E-003
         112    5.8717070000000003E-003
         113    4.1069249999999974E-003
         114    4.1329410000000002E-003
         115    3.3120369999999990E-003
         116    3.8772849999999985E-003
         117    3.8073440000000016E-003
         118    5.2584110000000010E-003
         119    0.0000000000000000     
