# J1-J2-J3 Heisenberg model
# J1=-1 J2=0.90 J3=1/10 L=120
# chirality correlation d=2 kappa(l)
# l, kappa(l)
           1     1.4986780000000421E-004
           2    -5.7447189999988969E-006
           3     1.6399319999999825E-004
           4     6.8251899999995354E-005
           5     2.4498890000000163E-004
           6     4.0320780000006391E-005
           7     2.5292729999999545E-004
           8     1.3813830000000194E-004
           9     3.2533210000000920E-004
          10     9.8668100000012690E-005
          11     3.2623670000000624E-004
          12     2.1252929999999277E-004
          13     3.9482379999999993E-004
          14     1.6333899999999477E-004
          15     3.8870039999999880E-004
          16     2.8724170000000646E-004
          17     4.5644950000000022E-004
          18     2.2905919999999296E-004
          19     4.4241300000000033E-004
          20     3.5657710000000010E-004
          21     5.1181110000000658E-004
          22     2.8964849999999192E-004
          23     4.8892139999999538E-004
          24     4.1237590000000430E-004
          25     5.6421539999999219E-004
          26     3.3607630000001174E-004
          27     5.2939579999999225E-004
          28     4.4118829999999459E-004
          29     6.1810699999999773E-004
          30     3.5320819999999479E-004
          31     5.6481730000000499E-004
          32     4.1830539999998550E-004
          33     6.8093600000000503E-004
          34     3.1130219999999444E-004
          35     5.9491269999998502E-004
          36     2.9280990000000128E-004
          37     7.6714100000000113E-004
          38     1.4756099999999988E-004
          39     6.1530260000000072E-004
          40    -5.1783820000000913E-005
          41     9.1008300000001313E-004
          42    -2.8480390000000533E-004
          43     6.0654870000000679E-004
          44    -9.2146900000000050E-004
          45     1.2049640000000167E-003
          46    -1.3672759999999976E-003
          47     4.9016750000001287E-004
          48    -3.2971720000000010E-003
          49     2.0114170000000071E-003
          50    -4.3022080000000148E-003
          51    -1.4436610000001334E-004
          52    -1.1857260000000008E-002
          53     5.4594190000000035E-003
          54    -1.4279750000000001E-002
          55    -5.2577729999999968E-003
          56    -8.7046299999999965E-002
          57     4.5033149999999994E-002
          58    -7.9397050000000011E-002
          59     2.7957490000000002E-002
          60    0.58570929999999999     
          61     2.0452859999999996E-002
          62    -8.0732150000000003E-002
          63     6.2172170000000027E-002
          64    -8.4943549999999979E-002
          65     2.3984799999999902E-003
          66    -1.5034370000000005E-002
          67     1.2424350000000008E-002
          68    -1.1081250000000015E-002
          69     4.2675260000000024E-003
          70    -4.8356189999999976E-003
          71     6.1746820000000008E-003
          72    -2.8753079999999974E-003
          73     3.4563859999999884E-003
          74    -1.7567650000000013E-003
          75     3.9759799999999875E-003
          76    -6.5630330000000878E-004
          77     2.7004990000000046E-003
          78    -5.5825889999999538E-004
          79     2.8448839999999954E-003
          80     1.3971640000000896E-004
          81     2.1270110000000007E-003
          82    -2.1057999999991666E-005
          83     2.1478499999999950E-003
          84     4.5644899999998780E-004
          85     1.6950050000000025E-003
          86     2.4292099999998900E-004
          87     1.6702699999999885E-003
          88     5.8202119999999503E-004
          89     1.3614560000000087E-003
          90     3.8139500000000030E-004
          91     1.3180469999999867E-003
          92     6.2211600000000263E-004
          93     1.0952109999999883E-003
          94     4.5593460000000960E-004
          95     1.0426269999999928E-003
          96     6.1944800000001072E-004
          97     8.7436299999999476E-004
          98     4.9347459999999211E-004
          99     8.1600499999998793E-004
         100     5.9116619999999601E-004
         101     6.8368800000000412E-004
         102     5.0455010000000999E-004
         103     6.2115800000000978E-004
         104     5.4332559999999890E-004
         105     5.1302440000001060E-004
         106     4.9198849999999698E-004
         107     4.4774089999999973E-004
         108     4.7603180000000496E-004
         109     3.5619679999999716E-004
         110     4.5434300000000267E-004
         111     2.8981530000000624E-004
         112     3.8565799999999803E-004
         113     2.1027929999999946E-004
         114     3.8644830000000656E-004
         115     1.4416400000000440E-004
         116     2.6174030000000151E-004
         117     7.6651999999989250E-005
         118     2.7379030000000042E-004
         119     0.0000000000000000     
