# J1-J2-J3 Heisenberg model
# J1=-1 J2=0.60 J3=1/10 L=120
# static structure factor S(q) q=k*pi/L
# k, S(q)
           0    1.5496303864713165E-007
           1    6.4407821621794703E-003
           2    1.1911632982756182E-002
           3    2.1780143084445786E-002
           4    2.9537178236198093E-002
           5    4.0343685066891413E-002
           6    4.9364673257414643E-002
           7    6.0817871794425993E-002
           8    7.0797936746462911E-002
           9    8.2826436388783883E-002
          10    9.3670420724145678E-002
          11   0.10629475403856949     
          12   0.11798828015660058     
          13   0.13126432315807030     
          14   0.14382897609305403     
          15   0.15783085746465911     
          16   0.17131711559773755     
          17   0.18613304856431728     
          18   0.20062640059056014     
          19   0.21634064938176661     
          20   0.23175420044073089     
          21   0.24843274038457472     
          22   0.26484509103976611     
          23   0.28263013811091625     
          24   0.30019906444640615     
          25   0.31929652282384180     
          26   0.33824310007658831     
          27   0.35892079565373269     
          28   0.37953157579757268     
          29   0.40213141363821558     
          30   0.42477411223931449     
          31   0.44973650711056401     
          32   0.47488908046869011     
          33   0.50279320489368196     
          34   0.53109139447422682     
          35   0.56272045404408222     
          36   0.59503545659724288     
          37   0.63148625880712150     
          38   0.66905795889533182     
          39   0.71193531395594689     
          40   0.75661910196033855     
          41   0.80840833268927026     
          42   0.86316240954037016     
          43   0.92800516909944086     
          44   0.99794834406899324     
          45    1.0834442675068461     
          46    1.1784523171342163     
          47    1.3004953660391787     
          48    1.4425555191139343     
          49    1.6397646614760191     
          50    1.8806612457619218     
          51    2.2188045394227616     
          52    2.1515635531487716     
          53    1.7184320000001820     
          54    1.4681549717337736     
          55    1.2729948338726955     
          56    1.1450974616077336     
          57    1.0357338131724543     
          58   0.95736620631380243     
          59   0.88591678325409062     
          60   0.83185783215067954     
          61   0.78042794025811302     
          62   0.73990688195329246     
          63   0.70029630914971630     
          64   0.66791030281726060     
          65   0.63587514128099132     
          66   0.60860621992126962     
          67   0.58190878032055737     
          68   0.55840045917499770     
          69   0.53857572698811851     
          70   0.51843335752747710     
          71   0.50029269271499610     
          72   0.48246568694861658     
          73   0.46627513734684622     
          74   0.45040813910713651     
          75   0.43577700145213083     
          76   0.42147205161692169     
          77   0.40814167930436668     
          78   0.39514280203885810     
          79   0.38292748277755262     
          80   0.37104492079003509     
          81   0.35979911350000593     
          82   0.34888348736413943     
          83   0.33848973556124107     
          84   0.32842137035672009     
          85   0.31878441023951332     
          86   0.30946741685528983     
          87   0.30051068870193465     
          88   0.29186917485064218     
          89   0.28353250922778739     
          90   0.27550785975472647     
          91   0.26774570079853965     
          92   0.26029487503129689     
          93   0.25307564860447795     
          94   0.24617053461685517     
          95   0.23947661904200396     
          96   0.23310404196044454     
          97   0.22693251293235811     
          98   0.22109504225072818     
          99   0.21545913496806551     
         100   0.21017610691847058     
         101   0.20510639458097982     
         102   0.20041166550955336     
         103   0.19595090677488858     
         104   0.19187676930938152     
         105   0.18812014296794827     
         106   0.18466585605495031     
         107   0.18160372955242784     
         108   0.17879847065365992     
         109   0.17644742599727353     
         110   0.17432922109653007     
         111   0.17272750351052291     
         112   0.17134344605454455     
         113   0.17053459012827960     
         114   0.16992163273325783     
         115   0.16993193948248236     
         116   0.17009240185290542     
         117   0.17091120214551803     
         118   0.17177188847467995     
         119   0.17333686969624651     
         120   0.17447112918825014     
