# J1-J2-J3 Heisenberg model
# J1=-1 J2=0.45 J3=1/10 L=120
# chirality correlation d=2 kappa(l)
# l, kappa(l)
           1     5.9823910000000018E-003
           2     3.6008059999999981E-003
           3     4.4340700000000000E-003
           4     3.2630160000000014E-003
           5     3.7790329999999950E-003
           6     3.5959510000000026E-003
           7     4.8334219999999978E-003
           8     4.1655260000000010E-003
           9     4.8188400000000004E-003
          10     4.4438819999999988E-003
          11     4.8065000000000017E-003
          12     4.6790129999999984E-003
          13     5.2846829999999984E-003
          14     4.9215529999999969E-003
          15     5.3919580000000005E-003
          16     5.3073310000000011E-003
          17     5.8247189999999990E-003
          18     5.7243399999999996E-003
          19     6.2289700000000003E-003
          20     6.0049549999999976E-003
          21     6.2937599999999989E-003
          22     6.3637899999999968E-003
          23     7.0278399999999970E-003
          24     6.9460400000000031E-003
          25     7.4879199999999951E-003
          26     7.4030199999999963E-003
          27     7.6881100000000067E-003
          28     7.8618300000000037E-003
          29     8.6572200000000019E-003
          30     8.5979799999999964E-003
          31     9.1795500000000068E-003
          32     9.2598999999999945E-003
          33     9.8014400000000015E-003
          34     1.0079110000000004E-002
          35     1.1065559999999999E-002
          36     1.1061620000000005E-002
          37     1.1711140000000000E-002
          38     1.1989840000000009E-002
          39     1.3114460000000005E-002
          40     1.3538429999999997E-002
          41     1.4886520000000000E-002
          42     1.5005360000000004E-002
          43     1.5973140000000007E-002
          44     1.6573180000000000E-002
          45     1.8937499999999999E-002
          46     1.9588020000000005E-002
          47     2.1810520000000003E-002
          48     2.2034809999999998E-002
          49     2.4374010000000002E-002
          50     2.6001229999999997E-002
          51     3.2226190000000002E-002
          52     3.2855950000000002E-002
          53     3.8811360000000003E-002
          54     3.5424570000000002E-002
          55     5.0051834999999989E-002
          56     5.1750020000000008E-002
          57    0.13233049999999999     
          58     1.5876535000000001E-002
          59    -6.0358134999999993E-002
          60    0.51116505000000001     
          61    -5.8394145000000001E-002
          62     2.0061299999999997E-002
          63    0.12878765000000000     
          64     5.1196590000000000E-002
          65     4.8688004999999993E-002
          66     3.6032599999999998E-002
          67     3.8622069999999988E-002
          68     3.3684249999999999E-002
          69     3.1193060000000002E-002
          70     2.5955689999999997E-002
          71     2.4370480000000000E-002
          72     2.2526900000000002E-002
          73     2.1619040000000003E-002
          74     2.0058059999999999E-002
          75     1.8404079999999996E-002
          76     1.6607600000000007E-002
          77     1.6132589999999995E-002
          78     1.5496309999999996E-002
          79     1.4605790000000004E-002
          80     1.3804790000000001E-002
          81     1.2900100000000005E-002
          82     1.2143120000000000E-002
          83     1.1780329999999999E-002
          84     1.1530060000000002E-002
          85     1.0739779999999997E-002
          86     1.0240079999999999E-002
          87     9.8226500000000022E-003
          88     9.5369800000000005E-003
          89     9.1018900000000014E-003
          90     9.0212200000000017E-003
          91     8.3126199999999945E-003
          92     7.9969299999999993E-003
          93     7.8103800000000048E-003
          94     7.7943900000000017E-003
          95     7.3171200000000068E-003
          96     7.3207299999999975E-003
          97     6.6967999999999984E-003
          98     6.5425899999999974E-003
          99     6.3229200000000027E-003
         100     6.4897799999999971E-003
         101     6.0071280000000005E-003
         102     6.0653400000000059E-003
         103     5.5732520000000008E-003
         104     5.6155780000000039E-003
         105     5.1717010000000016E-003
         106     5.5065820000000038E-003
         107     4.8984520000000002E-003
         108     5.0077650000000017E-003
         109     4.6669939999999929E-003
         110     5.0331519999999973E-003
         111     4.3635250000000018E-003
         112     5.0377649999999970E-003
         113     3.7598550000000020E-003
         114     3.9445730000000016E-003
         115     3.4283190000000000E-003
         116     4.6485370000000012E-003
         117     3.7593520000000031E-003
         118     6.2613200000000008E-003
         119     0.0000000000000000     
