# generlized Kondo-Heisenberg model
# U/W=2 Jh/U=0.25 n=1/32L=48
# static structure factor S(q) q=k*pi/L
# k, S(q)
           0     5.2683492975716124E-002
           1     6.1017640899593453E-002
           2    0.11235032406751533     
           3    0.15749043069481239     
           4    0.22321984768206096     
           5    0.28351944800332823     
           6    0.36402356304567834     
           7    0.44653009444410519     
           8    0.55516617775264054     
           9    0.67928962378194446     
          10    0.85631298444981918     
          11     1.1078194868866080     
          12     1.6597388550863204     
          13     3.1418959543037781     
          14     4.4001324595771152     
          15     3.1744649497437574     
          16     1.7584812971586219     
          17     1.5463303794064569     
          18     1.1989143737565255     
          19     1.0726039460006327     
          20    0.95356914190611453     
          21    0.86958494326490654     
          22    0.81935269382291320     
          23    0.75927931585071873     
          24    0.73378187584170274     
          25    0.69510928613173395     
          26    0.68075570562588050     
          27    0.66103957297648763     
          28    0.64645399641217305     
          29    0.64149782583011250     
          30    0.62830490076348744     
          31    0.63692566422451879     
          32    0.62346516498879812     
          33    0.63822587348066528     
          34    0.62780465901172366     
          35    0.58695642474115950     
          36    0.57158135051204306     
          37    0.56084000113264643     
          38    0.55557900908041402     
          39    0.55018959412668633     
          40    0.54753477895591518     
          41    0.54442445728348765     
          42    0.54272205746084490     
          43    0.54071203683039970     
          44    0.53943133997396442     
          45    0.53800669897412590     
          46    0.53698436516397574     
          47    0.53623129474044529     
          48    0.53596455033803547     
