# J1-J2-J3 Heisenberg model
# J1=-1 J2=0.40 J3=1/10 L=120
# chirality correlation d=2 kappa(l)
# l, kappa(l)
           1   7.0272299999999980E-003
           2   4.4883730000000021E-003
           3   5.1585559999999973E-003
           4   4.0643769999999984E-003
           5   4.8086179999999989E-003
           6   4.6350209999999987E-003
           7   6.5855099999999984E-003
           8   5.6664670000000006E-003
           9   6.2628399999999978E-003
          10   5.7518149999999995E-003
          11   6.1010900000000017E-003
          12   5.9511090000000022E-003
          13   7.0755200000000018E-003
          14   6.4969899999999985E-003
          15   7.2123899999999991E-003
          16   6.9416799999999978E-003
          17   7.2327199999999980E-003
          18   7.0770700000000021E-003
          19   7.9139700000000045E-003
          20   7.5029099999999989E-003
          21   8.2995900000000025E-003
          22   8.2035599999999969E-003
          23   8.5887399999999975E-003
          24   8.4167900000000004E-003
          25   9.1836000000000001E-003
          26   8.8890999999999970E-003
          27   9.7653599999999972E-003
          28   9.8195900000000013E-003
          29   1.0403219999999999E-002
          30   1.0211799999999993E-002
          31   1.1067049999999998E-002
          32   1.0891809999999998E-002
          33   1.1905300000000004E-002
          34   1.2105159999999997E-002
          35   1.3005249999999999E-002
          36   1.2793440000000000E-002
          37   1.3935320000000001E-002
          38   1.3953539999999997E-002
          39   1.5279210000000005E-002
          40   1.5643099999999997E-002
          41   1.7076069999999995E-002
          42   1.6837020000000001E-002
          43   1.8671830000000000E-002
          44   1.9142579999999996E-002
          45   2.1290539999999997E-002
          46   2.1880630000000002E-002
          47   2.4446429999999998E-002
          48   2.4070380000000002E-002
          49   2.7994500000000005E-002
          50   3.0007580000000002E-002
          51   3.5154310000000001E-002
          52   3.5984479999999999E-002
          53   4.2535000000000003E-002
          54   3.9517295000000001E-002
          55   5.8288604999999993E-002
          56   6.7886169999999982E-002
          57  0.13735419999999995     
          58   4.7177424999999995E-002
          59  -7.9157100000000008E-002
          60  0.49172785000000008     
          61  -7.6912010000000003E-002
          62   4.4369775000000000E-002
          63  0.12886320000000001     
          64   6.7327535000000008E-002
          65   5.2834300000000008E-002
          66   3.9358000000000011E-002
          67   3.9605330000000001E-002
          68   3.5274400000000004E-002
          69   3.3232399999999995E-002
          70   2.9663179999999997E-002
          71   2.5710110000000001E-002
          72   2.3990470000000000E-002
          73   2.2708070000000000E-002
          74   2.1334390000000005E-002
          75   2.0081020000000005E-002
          76   1.8986419999999997E-002
          77   1.7168180000000002E-002
          78   1.6776069999999997E-002
          79   1.5864640000000003E-002
          80   1.5205839999999998E-002
          81   1.4285849999999999E-002
          82   1.3896930000000005E-002
          83   1.2786189999999999E-002
          84   1.2733379999999999E-002
          85   1.2111870000000000E-002
          86   1.1770670000000000E-002
          87   1.0971840000000000E-002
          88   1.0902540000000004E-002
          89   1.0088339999999999E-002
          90   1.0145100000000002E-002
          91   9.7332799999999987E-003
          92   9.5977799999999985E-003
          93   8.8409500000000054E-003
          94   8.9660299999999981E-003
          95   8.2477200000000018E-003
          96   8.3401699999999957E-003
          97   8.0707599999999963E-003
          98   8.1117800000000007E-003
          99   7.3798299999999987E-003
         100   7.6690999999999981E-003
         101   6.8887899999999971E-003
         102   6.9917799999999961E-003
         103   6.7832400000000020E-003
         104   7.0116600000000003E-003
         105   6.3257600000000032E-003
         106   6.8134500000000004E-003
         107   5.7583460000000027E-003
         108   5.8705189999999994E-003
         109   5.5837870000000015E-003
         110   6.0579229999999998E-003
         111   5.4661130000000007E-003
         112   6.3119200000000030E-003
         113   4.4612870000000004E-003
         114   4.6072520000000018E-003
         115   3.9188610000000000E-003
         116   4.9692910000000015E-003
         117   4.2914810000000006E-003
         118   6.7306899999999975E-003
         119   0.0000000000000000     
