# J1-J2-J3 Heisenberg model
# J1=-1 J2=0.95 J3=1/10 L=120
# chirality correlation d=2 kappa(l)
# l, kappa(l)
           1    1.3474039999999103E-004
           2    1.2468859999986477E-005
           3    1.2755960000000044E-004
           4    5.6843279999996209E-005
           5    2.0431199999999746E-004
           6    5.8060219999994523E-005
           7    1.9106599999999571E-004
           8    1.0987520000000167E-004
           9    2.5522389999999516E-004
          10    1.0706870000000136E-004
          11    2.3825479999999672E-004
          12    1.6077590000000480E-004
          13    2.9173610000000216E-004
          14    1.5450299999999735E-004
          15    2.7295400000000380E-004
          16    2.0562669999999822E-004
          17    3.1550850000000157E-004
          18    1.9552289999998963E-004
          19    2.9611890000000004E-004
          20    2.3921829999999086E-004
          21    3.2758460000000022E-004
          22    2.2381190000001091E-004
          23    3.0826850000000114E-004
          24    2.5365189999998586E-004
          25    3.2892849999999413E-004
          26    2.2940290000001377E-004
          27    3.0929730000000589E-004
          28    2.3583919999999920E-004
          29    3.2103919999999222E-004
          30    1.9541220000000175E-004
          31    2.9838650000000335E-004
          32    1.6186069999999075E-004
          33    3.0674870000000162E-004
          34    8.9524900000004785E-005
          35    2.7342639999999109E-004
          36   -1.6334534000000248E-005
          37    2.9293919999999718E-004
          38   -1.5459999999999709E-004
          39    2.2840520000000293E-004
          40   -4.0602870000000144E-004
          41    3.0046290000000289E-004
          42   -6.8657399999999275E-004
          43    1.4524149999999898E-004
          44   -1.2835139999999930E-003
          45    3.9923819999999671E-004
          46   -1.8885939999999973E-003
          47   -4.0952300000003589E-005
          48   -3.5281479999999983E-003
          49    8.8664599999999810E-004
          50   -4.9547680000000044E-003
          51   -6.6641510000001311E-004
          52   -1.1349569999999989E-002
          53    3.6551180000000006E-003
          54   -1.5038300000000001E-002
          55   -5.1282229999999960E-003
          56   -8.0230400000000007E-002
          57    3.9586580000000010E-002
          58   -8.0997550000000001E-002
          59    2.6003300000000003E-002
          60   0.57546710000000001     
          61    2.0876190000000010E-002
          62   -8.2018250000000015E-002
          63    5.5254480000000009E-002
          64   -7.8038200000000002E-002
          65    1.7434299999999825E-003
          66   -1.6023430000000005E-002
          67    1.0723819999999998E-002
          68   -1.0484120000000006E-002
          69    3.8140360000000137E-003
          70   -5.6644659999999982E-003
          71    5.3502739999999951E-003
          72   -3.0083499999999938E-003
          73    3.1726359999999978E-003
          74   -2.3981390000000066E-003
          75    3.4934979999999925E-003
          76   -9.1616000000001373E-004
          77    2.5256650000000077E-003
          78   -1.0420999999999842E-003
          79    2.5363670000000103E-003
          80   -1.1391349999999211E-004
          81    2.0203550000000054E-003
          82   -3.8234810000000255E-004
          83    1.9387550000000012E-003
          84    2.4060169999998800E-004
          85    1.6311769999999962E-003
          86   -2.6019180000004813E-005
          87    1.5222749999999957E-003
          88    4.0663140000000097E-004
          89    1.3243680000000085E-003
          90    1.8042320000000075E-004
          91    1.2098090000000109E-003
          92    4.8166259999999402E-004
          93    1.0749419999999856E-003
          94    3.0446880000000332E-004
          95    9.6201599999999566E-004
          96    5.0710689999999771E-004
          97    8.6515899999998992E-004
          98    3.7790069999999441E-004
          99    7.5608999999999919E-004
         100    5.0127770000000117E-004
         101    6.8236599999999632E-004
         102    4.1578110000000702E-004
         103    5.7806599999999828E-004
         104    4.7190329999999801E-004
         105    5.1798430000000312E-004
         106    4.2430329999999035E-004
         107    4.1899830000000917E-004
         108    4.2099660000000268E-004
         109    3.6622489999999430E-004
         110    4.0461090000000759E-004
         111    2.7333989999999992E-004
         112    3.4623949999999695E-004
         113    2.2373669999999285E-004
         114    3.5376729999999604E-004
         115    1.3728599999999507E-004
         116    2.3852070000000478E-004
         117    8.9231800000001845E-005
         118    2.5801049999999923E-004
         119    0.0000000000000000     
