# J1-J2-J3 Heisenberg model
# J1=-1 J2=0.55 J3=1/10 L=120
# chirality correlation d=2 kappa(l)
# l, kappa(l)
           1     2.5656369999999982E-003
           2     1.0035139999999957E-003
           3     2.2702600000000005E-003
           4     1.4774270000000077E-003
           5     2.4966340000000158E-003
           6     1.7514540000000004E-003
           7     2.2704610000000036E-003
           8     2.0025970000000018E-003
           9     2.2458650000000001E-003
          10     2.0652739999999980E-003
          11     2.3717519999999956E-003
          12     2.2088680000000058E-003
          13     2.4996859999999949E-003
          14     2.4893150000000032E-003
          15     2.7327249999999983E-003
          16     2.5733569999999957E-003
          17     2.8556190000000019E-003
          18     2.9384820000000027E-003
          19     3.0055300000000080E-003
          20     2.9976450000000010E-003
          21     3.1822269999999967E-003
          22     3.2758660000000049E-003
          23     3.3912819999999998E-003
          24     3.5548169999999992E-003
          25     3.6950059999999989E-003
          26     3.7323170000000015E-003
          27     3.9689480000000025E-003
          28     4.2729029999999972E-003
          29     4.3372409999999986E-003
          30     4.4403630000000045E-003
          31     4.6471090000000017E-003
          32     5.0053610000000050E-003
          33     5.1300720000000046E-003
          34     5.4533470000000007E-003
          35     5.6061749999999945E-003
          36     5.8719200000000027E-003
          37     6.2434100000000065E-003
          38     6.8760100000000001E-003
          39     7.0553800000000017E-003
          40     7.2713200000000013E-003
          41     7.7440799999999987E-003
          42     8.6587900000000013E-003
          43     9.1425100000000013E-003
          44     9.5843900000000017E-003
          45     9.9893699999999957E-003
          46     1.0697660000000008E-002
          47     1.2330820000000006E-002
          48     1.3405889999999991E-002
          49     1.4284110000000017E-002
          50     1.3527820000000001E-002
          51     1.7269119999999995E-002
          52     1.9579650000000011E-002
          53     2.5249910000000000E-002
          54     1.6390800000000001E-002
          55     2.3800239999999993E-002
          56    -4.5796399999999977E-003
          57    0.10299939999999996     
          58    -3.2591100000000005E-002
          59    -1.4961047000000000E-002
          60    0.55201690000000003     
          61    -2.3585110000000003E-002
          62    -3.5079600000000002E-002
          63    0.12359410000000003     
          64    -3.0606000000000036E-003
          65     3.3936319999999999E-002
          66     1.5666880000000001E-002
          67     3.1334380000000002E-002
          68     1.9315059999999988E-002
          69     2.1502389999999996E-002
          70     1.3391749999999994E-002
          71     1.7065839999999995E-002
          72     1.3121830000000001E-002
          73     1.4886360000000001E-002
          74     1.0720589999999999E-002
          75     1.1664949999999999E-002
          76     9.4216900000000034E-003
          77     1.0793439999999994E-002
          78     8.5673600000000013E-003
          79     8.8768099999999989E-003
          80     7.2390500000000021E-003
          81     8.0639800000000036E-003
          82     6.7486400000000019E-003
          83     7.1442799999999942E-003
          84     5.9044440000000000E-003
          85     6.2302600000000031E-003
          86     5.3811169999999978E-003
          87     5.8825260000000077E-003
          88     4.9979150000000047E-003
          89     5.0558890000000026E-003
          90     4.4625830000000035E-003
          91     4.8296640000000017E-003
          92     4.2416640000000044E-003
          93     4.2757229999999986E-003
          94     3.8250159999999988E-003
          95     3.9228309999999973E-003
          96     3.5513829999999948E-003
          97     3.7104079999999984E-003
          98     3.3513139999999985E-003
          99     3.2760820000000031E-003
         100     3.0803500000000025E-003
         101     3.2364529999999994E-003
         102     3.0123959999999918E-003
         103     2.8279840000000065E-003
         104     2.7915640000000016E-003
         105     2.6825510000000018E-003
         106     2.6062909999999941E-003
         107     2.4348710000000029E-003
         108     2.4605569999999952E-003
         109     2.1927839999999988E-003
         110     2.2983379999999979E-003
         111     2.1603190000000008E-003
         112     2.3744210000000072E-003
         113     1.8575159999999996E-003
         114     2.5502919999999939E-003
         115     1.5673429999999971E-003
         116     2.3760850000000000E-003
         117     1.0938750000000007E-003
         118     2.6853029999999931E-003
         119     0.0000000000000000     
