# J1-J2-J3 Heisenberg model
# J1=-1 J2=1.00 J3=1/10 L=120
# chirality correlation d=2 kappa(l)
# l, kappa(l)
           1    2.0582880000178319E-007
           2   -1.8952819999856769E-006
           3    7.5158399999983495E-006
           4    2.4045909999949214E-006
           5   -1.7782049999867953E-006
           6   -3.6161489999965236E-006
           7    7.5562700000022095E-006
           8    1.5421889999980270E-006
           9   -9.5546900000048835E-006
          10   -8.8504599999837454E-006
          11    2.3938810000002310E-006
          12   -4.3612349999944796E-006
          13   -2.4559310000002969E-005
          14   -2.0945840000000571E-005
          15   -8.9901900000003507E-006
          16   -1.8382460000002680E-005
          17   -4.8186780000000870E-005
          18   -4.4197840000001845E-005
          19   -2.7507230000001411E-005
          20   -4.4725040000000683E-005
          21   -8.1747800000000193E-005
          22   -8.5201599999995895E-005
          23   -5.4211740000000661E-005
          24   -9.0442499999999207E-005
          25   -1.2629629999999040E-004
          26   -1.5477099999999181E-004
          27   -9.0185100000001828E-005
          28   -1.6714679999999704E-004
          29   -1.8295489999999563E-004
          30   -2.7150109999999543E-004
          31   -1.3689410000000164E-004
          32   -2.9618400000000473E-004
          33   -2.5217250000001405E-004
          34   -4.6994030000000007E-004
          35   -1.9645559999999739E-004
          36   -5.1891699999999374E-004
          37   -3.3165040000000134E-004
          38   -8.1868700000000392E-004
          39   -2.7279280000000260E-004
          40   -9.2642399999999969E-004
          41   -4.0768900000000068E-004
          42   -1.4687019999999867E-003
          43   -3.7597540000000238E-004
          44   -1.7501759999999896E-003
          45   -4.2407859999999255E-004
          46   -2.8024700000000109E-003
          47   -5.4456500000000260E-004
          48   -3.7307899999999969E-003
          49   -1.1532529999998771E-004
          50   -6.0025659999999956E-003
          51   -1.0094770000000045E-003
          52   -1.0471559999999994E-002
          53    2.2774939999999954E-003
          54   -1.6179370000000002E-002
          55   -4.4754500000000041E-003
          56   -7.1330849999999987E-002
          57    3.5899989999999993E-002
          58   -8.2753750000000015E-002
          59    2.3192139999999997E-002
          60   0.56338460000000001     
          61    2.2667509999999995E-002
          62   -8.2954149999999990E-002
          63    4.5388390000000015E-002
          64   -6.9837400000000008E-002
          65   -2.9377299999998622E-004
          66   -1.7056360000000000E-002
          67    7.6129809999999996E-003
          68   -9.8467299999999945E-003
          69    2.4317429999999897E-003
          70   -6.6598600000000122E-003
          71    3.5588459999999914E-003
          72   -3.3246350000000003E-003
          73    2.1606090000000095E-003
          74   -3.2722459999999978E-003
          75    2.2739469999999958E-003
          76   -1.4376510000000033E-003
          77    1.7515819999999955E-003
          78   -1.7954330000000056E-003
          79    1.6392909999999854E-003
          80   -6.5944399999999905E-004
          81    1.4108530000000014E-003
          82   -1.0324489999999932E-003
          83    1.2486670000000015E-003
          84   -2.7434599999999828E-004
          85    1.1419269999999998E-003
          86   -5.9114249999998479E-004
          87    9.7779100000000129E-004
          88   -6.2054700000000455E-005
          89    9.2807400000000616E-004
          90   -3.1543969999999643E-004
          91    7.7489899999998906E-004
          92    6.2219020000004184E-005
          93    7.5420199999998725E-004
          94   -1.3404780000000145E-004
          95    6.1456099999999915E-004
          96    1.3598559999999804E-004
          97    6.0885800000001300E-004
          98   -1.1255669999995629E-005
          99    4.8225710000000409E-004
         100    1.7732159999999769E-004
         101    4.8372569999999672E-004
         102    7.1649599999995913E-005
         103    3.6886459999999565E-004
         104    1.9520220000000175E-004
         105    3.7260380000000905E-004
         106    1.2463260000000290E-004
         107    2.6826090000000137E-004
         108    1.9350529999999865E-004
         109    2.7087980000000100E-004
         110    1.5257280000001639E-004
         111    1.7621659999999905E-004
         112    1.7241549999999533E-004
         113    1.7474160000001350E-004
         114    1.5632260000001075E-004
         115    8.9214799999995912E-005
         116    1.2710799999999828E-004
         117    8.0930799999999215E-005
         118    1.2924580000000431E-004
         119    0.0000000000000000     
