# J1-J2-J3 Heisenberg model
# J1=-1 J2=0.05 J3=1/10 L=120
# chirality correlation d=2 kappa(l)
# l, kappa(l)
           1      5.1340119999999986E-003  
           2      1.0125863000000002E-002  
           3      1.4267924000000001E-002  
           4      1.6444000000000000E-002  
           5      1.7349790999999996E-002  
           6      1.7487718499999999E-002  
           7      1.7291940299999996E-002  
           8      1.7046593999999998E-002  
           9      1.6892731000000001E-002  
          10      1.6851155000000000E-002  
          11      1.6877214999999997E-002  
          12      1.6924941999999998E-002  
          13      1.6985789000000008E-002  
          14      1.7087943000000001E-002  
          15      1.7268088999999993E-002  
          16      1.7539481999999995E-002  
          17      1.7875850000000002E-002  
          18      1.8218331999999997E-002  
          19      1.8506620000000001E-002  
          20      1.8708837999999998E-002  
          21      1.8832468000000005E-002  
          22      1.8916717000000000E-002  
          23      1.9009425999999996E-002  
          24      1.9143730000000005E-002  
          25      1.9326640000000003E-002  
          26      1.9543825000000001E-002  
          27      1.9774797000000000E-002  
          28      2.0008224999999998E-002  
          29      2.0248199999999997E-002  
          30      2.0508752000000002E-002  
          31      2.0802412000000006E-002  
          32      2.1129844999999998E-002  
          33      2.1477055000000002E-002  
          34      2.1822245000000001E-002  
          35      2.2148750500000002E-002  
          36      2.2455791499999996E-002  
          37      2.2759674000000001E-002  
          38      2.3085675299999997E-002  
          39      2.3455490999999995E-002  
          40      2.3875995000000001E-002  
          41      2.4335877999999998E-002  
          42      2.4814981949999999E-002  
          43      2.5299971999999997E-002  
          44      2.5799665999999999E-002  
          45      2.6350874300000007E-002  
          46      2.7009439999999996E-002  
          47      2.7827290000000005E-002  
          48      2.8824731999999999E-002  
          49      2.9971251399999999E-002  
          50      3.1190180000000001E-002  
          51      3.2394033999999995E-002  
          52      3.3541684999999995E-002  
          53      3.4696789999999998E-002  
          54      3.6094701999999999E-002  
          55      3.7826619999999998E-002  
          56      4.1754329000000000E-002  
          57      4.3348042400000002E-002  
          58      3.1283490000000004E-002  
          59  -  -4.2197255000000010E-002  
          60  0  0.29470240000000003       
          61  0  -4.2176089999999992E-002  
          62      3.1160735000000002E-002  
          63      4.3284749000000004E-002  
          64      4.1690953400000001E-002  
          65      3.7781780000000001E-002  
          66      3.6068359999999994E-002  
          67      3.4691395000000000E-002  
          68      3.3551614999999993E-002  
          69      3.2408900499999997E-002  
          70      3.1201607999999999E-002  
          71      2.9974207199999992E-002  
          72      2.8819395999999997E-002  
          73      2.7817234550000000E-002  
          74      2.6998283999999994E-002  
          75      2.6339100599999998E-002  
          76      2.5784770999999998E-002  
          77      2.5279997999999998E-002  
          78      2.4792167000000000E-002  
          79      2.4318342000000000E-002  
          80      2.3874130000000004E-002  
          81      2.3476477000000006E-002  
          82      2.3126834999999998E-002  
          83      2.2808202000000003E-002  
          84      2.2493804999999999E-002  
          85      2.2161098999999997E-002  
          86      2.1804639999999997E-002  
          87      2.1438500000000003E-002  
          88      2.1086986000000002E-002  
          89      2.0769515999999998E-002  
          90      2.0490266000000004E-002  
          91      2.0238674999999998E-002  
          92      1.9999231999999995E-002  
          93      1.9764507000000001E-002  
          94      1.9542675000000002E-002  
          95      1.9353089999999996E-002  
          96      1.9210976000000001E-002  
          97      1.9111131999999992E-002  
          98      1.9021874999999994E-002  
          99      1.8895060000000002E-002  
         100      1.8690103000000003E-002  
         101      1.8397687999999999E-002  
         102      1.8048824000000002E-002  
         103      1.7704554000000001E-002  
         104      1.7425372000000001E-002  
         105      1.7239230000000001E-002  
         106      1.7133560999999999E-002  
         107      1.7071244999999995E-002  
         108      1.7022695000000001E-002  
         109      1.6995539000000000E-002  
         110      1.7035504999999996E-002  
         111      1.7187760999999996E-002  
         112      1.7432186999999995E-002  
         113      1.7627461000000001E-002  
         114      1.7487698199999999E-002  
         115      1.6575118000000000E-002  
         116      1.4382743000000002E-002  
         117      1.0208165000000000E-002  
         118      5.1761280000000003E-003  
         119      0.0000000000000000       
