# J1-J2-J3 Heisenberg model
# J1=-1 J2=0.30 J3=1/10 L=120
# static structure factor S(q) q=k*pi/L
# k, S(q)
           0     1.0523081546203017E-002
           1     1.2326878098126822E-002
           2     2.6939962867732689E-002
           3     3.8114815013232807E-002
           4     5.3578258281501603E-002
           5     6.7103246053107607E-002
           6     8.3215695550184821E-002
           7     9.7839378352419903E-002
           8    0.11462820735153131     
           9    0.13011352581207347     
          10    0.14769794905983244     
          11    0.16411369991899297     
          12    0.18269359806400817     
          13    0.20022542935633464     
          14    0.22006823948724152     
          15    0.23898729568306054     
          16    0.26043842912971205     
          17    0.28110985138589828     
          18    0.30462076322914178     
          19    0.32753689225087340     
          20    0.35371531633586556     
          21    0.37955704904266696     
          22    0.40925173857598968     
          23    0.43899749380046277     
          24    0.47344835446173983     
          25    0.50857323935574361     
          26    0.54969262921279560     
          27    0.59255990139486059     
          28    0.64350436969187164     
          29    0.69820840508260229     
          30    0.76467380865800605     
          31    0.83910957352949178     
          32    0.93275030963883820     
          33     1.0447991216690125     
          34     1.1947629710104126     
          35     1.3982087802856853     
          36     1.7124841584824158     
          37     2.3032481285431627     
          38     3.3952917344231306     
          39     3.2277360076040069     
          40     2.0043318799605969     
          41     1.5212596466017394     
          42     1.2518380532424689     
          43     1.0745364304213347     
          44    0.95104503764221193     
          45    0.85117942379782452     
          46    0.77582833308480037     
          47    0.71180086786011765     
          48    0.65950898709496808     
          49    0.61406314585546340     
          50    0.57499176837640475     
          51    0.54060794026228576     
          52    0.50996505958861349     
          53    0.48280146874244578     
          54    0.45793838111411100     
          55    0.43581038265770183     
          56    0.41513178647870042     
          57    0.39669877171416168     
          58    0.37918217952861144     
          59    0.36357428497558963     
          60    0.34853362757964745     
          61    0.33516297365133058     
          62    0.32212233885192798     
          63    0.31058084405530451     
          64    0.29920340539601353     
          65    0.28920479437966234     
          66    0.27925133818108239     
          67    0.27059805223054578     
          68    0.26190355736598175     
          69    0.25447010349377774     
          70    0.24693315253243622     
          71    0.24066276859603913     
          72    0.23424756622090689     
          73    0.22916826901908111     
          74    0.22392983346712242     
          75    0.22021581252851974     
          76    0.21642983154515785     
          77    0.21442016103363792     
          78    0.21348044846255154     
          79    0.21377300824701903     
          80    0.21532373371697136     
          81    0.21724501523730053     
          82    0.22038528241663174     
          83    0.22425941126261750     
          84    0.22806993040587289     
          85    0.23226772329325890     
          86    0.23630446467915647     
          87    0.24067126734731215     
          88    0.24480850819683164     
          89    0.24923622356936059     
          90    0.25340287146529250     
          91    0.25783535181582784     
          92    0.26199143898199528     
          93    0.26639797600031750     
          94    0.27052015214039576     
          95    0.27488269534695153     
          96    0.27895596712273463     
          97    0.28326238662546538     
          98    0.28727507184854101     
          99    0.29151510856251212     
         100    0.29545621231090724     
         101    0.29961963586733192     
         102    0.30347697926940220     
         103    0.30755181802643405     
         104    0.31131056884602959     
         105    0.31528175400035868     
         106    0.31892296639123818     
         107    0.32277090513748208     
         108    0.32626915548914492     
         109    0.32996726162863155     
         110    0.33328740319180017     
         111    0.33679802736280762     
         112    0.33988868631565672     
         113    0.34315532138210486     
         114    0.34593565186461417     
         115    0.34886568099240578     
         116    0.35119480705172007     
         117    0.35362478417837140     
         118    0.35524096541638722     
         119    0.35688338350616966     
         120    0.35722835275541998     
