# J1-J2-J3 Heisenberg model
# J1=-1 J2=0.20 J3=1/10 L=120
# chirality correlation d=2 kappa(l)
# l, kappa(l)
           1     1.0490500000000000E-002
           2     1.2458445000000002E-002
           3     1.0800061500000003E-002
           4     1.0478359999999999E-002
           5     1.0738190000000000E-002
           6     1.0249995000000003E-002
           7     1.1091614999999999E-002
           8     1.1441055000000000E-002
           9     1.1920884999999999E-002
          10     1.2101320000000000E-002
          11     1.1973409999999997E-002
          12     1.2235305000000002E-002
          13     1.2777804999999998E-002
          14     1.2716049999999998E-002
          15     1.3292150000000001E-002
          16     1.3602199999999998E-002
          17     1.3803565000000000E-002
          18     1.4052055000000001E-002
          19     1.4418315000000001E-002
          20     1.4613524999999995E-002
          21     1.5073190000000004E-002
          22     1.5167659999999999E-002
          23     1.5681625000000001E-002
          24     1.6032514999999997E-002
          25     1.6402609999999998E-002
          26     1.6819250000000001E-002
          27     1.7416464999999999E-002
          28     1.7611395000000002E-002
          29     1.8140225000000003E-002
          30     1.8422874999999998E-002
          31     1.9015884999999996E-002
          32     1.9563624999999998E-002
          33     2.0276920000000000E-002
          34     2.0819319999999999E-002
          35     2.1607480000000002E-002
          36     2.1985350000000004E-002
          37     2.2757259999999998E-002
          38     2.3355069999999999E-002
          39     2.4343099999999999E-002
          40     2.5331999999999993E-002
          41     2.6610960000000003E-002
          42     2.7445084999999998E-002
          43     2.8683240000000002E-002
          44     2.9566790000000003E-002
          45     3.0965719999999999E-002
          46     3.2394709999999993E-002
          47     3.4760019999999996E-002
          48     3.6997849999999999E-002
          49     3.9745899999999994E-002
          50     4.1851339999999994E-002
          51     4.4933790000000001E-002
          52     4.7577020000000012E-002
          53     5.2034220000000006E-002
          54     5.9154169999999992E-002
          55     7.5376920000000000E-002
          56     8.6771259999999975E-002
          57    0.11876489999999999     
          58    0.13817027500000001     
          59   -0.10385319999999999     
          60    0.41318585000000002     
          61   -0.10175114999999998     
          62    0.13840815000000001     
          63    0.11435000000000001     
          64     8.6431250000000015E-002
          65     7.3921800000000024E-002
          66     5.8934569999999992E-002
          67     5.1304989999999988E-002
          68     4.7677609999999995E-002
          69     4.4495109999999997E-002
          70     4.1961989999999998E-002
          71     3.9130029999999989E-002
          72     3.6876329999999999E-002
          73     3.4288270000000003E-002
          74     3.2323110000000002E-002
          75     3.0661509999999999E-002
          76     2.9713724999999996E-002
          77     2.8411799999999997E-002
          78     2.7515874999999995E-002
          79     2.6239050000000000E-002
          80     2.5205044999999999E-002
          81     2.4093304999999999E-002
          82     2.3369915000000002E-002
          83     2.2554379999999999E-002
          84     2.2159890000000002E-002
          85     2.1342830000000000E-002
          86     2.0792335000000002E-002
          87     2.0073635000000003E-002
          88     1.9478080000000002E-002
          89     1.8824040000000004E-002
          90     1.8512984999999996E-002
          91     1.7972480000000002E-002
          92     1.7765810000000000E-002
          93     1.7160450000000004E-002
          94     1.6742890000000000E-002
          95     1.6355914999999999E-002
          96     1.5972730000000001E-002
          97     1.5434660000000003E-002
          98     1.5335205000000003E-002
          99     1.4866890000000001E-002
         100     1.4667140000000000E-002
         101     1.4300784999999998E-002
         102     1.4046374999999998E-002
         103     1.3828569999999998E-002
         104     1.3503789999999996E-002
         105     1.2917239999999997E-002
         106     1.2977494999999999E-002
         107     1.2427945000000001E-002
         108     1.2166085000000002E-002
         109     1.2297049999999997E-002
         110     1.2107465000000000E-002
         111     1.1613499999999999E-002
         112     1.1257534999999999E-002
         113     1.0404204999999998E-002
         114     1.0897674999999999E-002
         115     1.0638840000000000E-002
         116     1.0968894000000000E-002
         117     1.2648149999999999E-002
         118     1.0645110000000001E-002
         119     0.0000000000000000     
