# J1-J2-J3 Heisenberg model
# J1=-1 J2=0.05 J3=1/10 L=120
# static structure factor S(q) q=k*pi/L
# k, S(q)
           0     1.1215209743772440E-002
           1    0.10189731163804683     
           2     6.6969488516727960E-002
           3    0.15674373250815879     
           4    0.13210318195064363     
           5    0.22438177081169675     
           6    0.20878543267253891     
           7    0.31141373497285718     
           8    0.30490936906790156     
           9    0.43264859794750565     
          10    0.43966971968840340     
          11    0.62838964613200321     
          12    0.66654974614319185     
          13     1.0445380188503792     
          14     1.2100252298230247     
          15     3.0490554503105329     
          16     6.9541106586332226     
          17     4.7901661003959699     
          18     1.5802463407987473     
          19     1.2008665644816565     
          20    0.83064182651316132     
          21    0.72953516715529321     
          22    0.59222961561202758     
          23    0.54278548027013618     
          24    0.47229042529199028     
          25    0.44258235902376092     
          26    0.40014332374055028     
          27    0.38040833727814460     
          28    0.35247097565744578     
          29    0.33876755459729790     
          30    0.31951118789264860     
          31    0.31005522698094673     
          32    0.29701259017876147     
          33    0.29432179840565098     
          34    0.29135994743422883     
          35    0.29257162464579400     
          36    0.29246566328831824     
          37    0.29440081333838286     
          38    0.29510328066396263     
          39    0.29697434207102325     
          40    0.29792791656592121     
          41    0.29952683610633740     
          42    0.30054263942472242     
          43    0.30185530191483018     
          44    0.30286902838419805     
          45    0.30392904760312267     
          46    0.30491314476349712     
          47    0.30576015903416298     
          48    0.30669253426629622     
          49    0.30736729227852105     
          50    0.30818262960027976     
          51    0.30873332240266149     
          52    0.30943687568797129     
          53    0.30988993689169397     
          54    0.31049572291002742     
          55    0.31087091045565929     
          56    0.31139276279155537     
          57    0.31170447305326865     
          58    0.31215521990415562     
          59    0.31241455600887802     
          60    0.31280488034824727     
          61    0.31301962936229016     
          62    0.31335866221851566     
          63    0.31353549495157929     
          64    0.31383115962180380     
          65    0.31397507497505156     
          66    0.31423395611766836     
          67    0.31434878218718187     
          68    0.31457693068893688     
          69    0.31466619146296132     
          70    0.31486826148395397     
          71    0.31493522684460812     
          72    0.31511480531235997     
          73    0.31516254658823672     
          74    0.31532304607963407     
          75    0.31535508400363060     
          76    0.31549891382640638     
          77    0.31551747892733151     
          78    0.31564787933633731     
          79    0.31565593296266248     
          80    0.31577492808147001     
          81    0.31577501168871625     
          82    0.31588470751622305     
          83    0.31587862856178028     
          84    0.31598111796559097     
          85    0.31597146724598274     
          86    0.31606788499458238     
          87    0.31605597770659716     
          88    0.31614773267365381     
          89    0.31613554706469194     
          90    0.31622338984739884     
          91    0.31621251616899426     
          92    0.31629772933472589     
          93    0.31628904791650408     
          94    0.31637192655556673     
          95    0.31636582968881122     
          96    0.31644698010132488     
          97    0.31644333718752138     
          98    0.31652242218037624     
          99    0.31652163324000576     
         100    0.31659873612290479     
         101    0.31660035838222128     
         102    0.31667518096923558     
         103    0.31667827989800745     
         104    0.31674988105176866     
         105    0.31675383093924997     
         106    0.31682208827618841     
         107    0.31682574389316814     
         108    0.31688958585691179     
         109    0.31689184399246406     
         110    0.31695072818037184     
         111    0.31695060623635385     
         112    0.31700398427070309     
         113    0.31700026662268782     
         114    0.31704714927674754     
         115    0.31703871295300873     
         116    0.31707896232408311     
         117    0.31706508728038896     
         118    0.31709889430923549     
         119    0.31707881337202570     
         120    0.31710572441624829     
