# J1-J2-J3 Heisenberg model
# J1=-1 J2=0.45 J3=1/10 L=120
# static structure factor S(q) q=k*pi/L
# k, S(q)
           0    -1.8818690915474445E-009
           1     1.1300776910493356E-002
           2     1.5479373496760224E-002
           3     2.9368635732756380E-002
           4     3.6475557456851007E-002
           5     5.1152752539743912E-002
           6     5.9727772775458113E-002
           7     7.5029284354268283E-002
           8     8.4629230836691660E-002
           9    0.10052616839584377     
          10    0.11098283250987283     
          11    0.12753697897980315     
          12    0.13881340148942786     
          13    0.15613950849657438     
          14    0.16827353079286872     
          15    0.18652071736041304     
          16    0.19959968134300826     
          17    0.21897335200000312     
          18    0.23313542029057460     
          19    0.25390665869745177     
          20    0.26934854379521050     
          21    0.29187056826156882     
          22    0.30886242464300839     
          23    0.33359917460077271     
          24    0.35251056567699096     
          25    0.38008378550714428     
          26    0.40142940175192343     
          27    0.43269453581641182     
          28    0.45721535041680761     
          29    0.49338421803673116     
          30    0.52220446329737824     
          31    0.56504707907180984     
          32    0.60000118236796252     
          33    0.65241809187358202     
          34    0.69671301299141886     
          35    0.76291991041624263     
          36    0.82101969613097936     
          37    0.90982056371070441     
          38    0.99099718382172974     
          39     1.1214928384301823     
          40     1.2477028793083220     
          41     1.4726343634808519     
          42     1.7136434726263583     
          43     2.2702169562947248     
          44     2.9103918259205659     
          45     2.4196285221370051     
          46     1.8294824207619151     
          47     1.5204311325488646     
          48     1.2802287775560055     
          49     1.1288032372642305     
          50     1.0020331176094439     
          51    0.91193579472292963     
          52    0.83266195996158887     
          53    0.77192160650038844     
          54    0.71707331678449360     
          55    0.67281988169113882     
          56    0.63228717610556862     
          57    0.59829899136671338     
          58    0.56692976884630697     
          59    0.53981414657371041     
          60    0.51469874030224372     
          61    0.49244113489419872     
          62    0.47180875269365874     
          63    0.45313552722044670     
          64    0.43584583219006190     
          65    0.41991278710128688     
          66    0.40519908646654262     
          67    0.39142719366841006     
          68    0.37875582461018514     
          69    0.36674024329353094     
          70    0.35573091325772987     
          71    0.34519359605556343     
          72    0.33557029151782536     
          73    0.32634298326774414     
          74    0.31786640560735691     
          75    0.31010713861549888     
          76    0.30307007509406325     
          77    0.29825742360781277     
          78    0.29271553126244648     
          79    0.28818903788442507     
          80    0.28344712905353575     
          81    0.27943460903934869     
          82    0.27527934670855225     
          83    0.27180284629111817     
          84    0.26820285285572926     
          85    0.26531341957693888     
          86    0.26229225561204184     
          87    0.26008299812849212     
          88    0.25769109166890802     
          89    0.25632849984642786     
          90    0.25473362527152144     
          91    0.25390512719820546     
          92    0.25297466539399061     
          93    0.25258331418796293     
          94    0.25214193223624076     
          95    0.25209836187514589     
          96    0.25203965546082341     
          97    0.25228710504167295     
          98    0.25254648036128691     
          99    0.25304937917244186     
         100    0.25358522805301970     
         101    0.25431991525021735     
         102    0.25510312223601578     
         103    0.25605190891743168     
         104    0.25705954826617983     
         105    0.25820722183426742     
         106    0.25941863690490496     
         107    0.26074977192022902     
         108    0.26214370520595509     
         109    0.26364083114123782     
         110    0.26519314067432032     
         111    0.26683503417359272     
         112    0.26851597521704945     
         113    0.27027473457766249     
         114    0.27204308104442437     
         115    0.27387815509546298     
         116    0.27566832985026035     
         117    0.27750815341128804     
         118    0.27919160569999968     
         119    0.28074165300448617     
         120    0.28148827172837643     
