# J1-J2-J3 Heisenberg model
# J1=-1 J2=1.00 J3=1/10 L=120
# static structure factor S(q) q=k*pi/L
# k, S(q)
           0    -1.0719067001412411E-007
           1     4.2030290216011025E-003
           2     1.3992584337673471E-002
           3     2.3960283587962053E-002
           4     3.3656106722867951E-002
           5     4.3892443294039137E-002
           6     5.4247625056515286E-002
           7     6.4773078504848466E-002
           8     7.5404225214137852E-002
           9     8.6183804966732447E-002
          10     9.7095143619961466E-002
          11    0.10816671926124501     
          12    0.11939929183580233     
          13    0.13081396133909290     
          14    0.14242089873757946     
          15    0.15423756290862345     
          16    0.16628050630631969     
          17    0.17856579463285346     
          18    0.19111510663196413     
          19    0.20394467989961074     
          20    0.21708090170372396     
          21    0.23054141176239240     
          22    0.24435732633859231     
          23    0.25854879585406154     
          24    0.27315197143413550     
          25    0.28819066108613045     
          26    0.30370667255844452     
          27    0.31972880617727939     
          28    0.33630547981387476     
          29    0.35347216065748022     
          30    0.37128524988782735     
          31    0.38978906382977069     
          32    0.40904987909089546     
          33    0.42912380996605354     
          34    0.45008966524108968     
          35    0.47201943544312175     
          36    0.49500820428695486     
          37    0.51914971905016905     
          38    0.54456074856962733     
          39    0.57136552421694753     
          40    0.59971064176385869     
          41    0.62976437757711989     
          42    0.66171590168891203     
          43    0.69579958448052059     
          44    0.73226822918631040     
          45    0.77146038558517827     
          46    0.81372971299433106     
          47    0.85958962149670060     
          48    0.90956582704259337     
          49    0.96449047507191510     
          50     1.0252135369434043     
          51     1.0932190854272039     
          52     1.1700585847925229     
          53     1.2587914192071912     
          54     1.3628170531060504     
          55     1.4901512697686641     
          56     1.6505421365033766     
          57     1.8750175040145798     
          58     2.1040169078043829     
          59     2.0722357436780325     
          60     1.7677863965167260     
          61     1.4660067867825664     
          62     1.2615050212024104     
          63     1.1207070765754459     
          64     1.0148858408890571     
          65    0.93118596483430249     
          66    0.86329556956369191     
          67    0.80613611896987736     
          68    0.75715312569734206     
          69    0.71427039884616228     
          70    0.67628595830896654     
          71    0.64217852310655588     
          72    0.61129211882586765     
          73    0.58306189051579327     
          74    0.55708899954092483     
          75    0.53303544696455729     
          76    0.51063843975725343     
          77    0.48968435532955840     
          78    0.46998889498773733     
          79    0.45141178563294737     
          80    0.43381716745213483     
          81    0.41711054763100874     
          82    0.40118760026216327     
          83    0.38598371463006731     
          84    0.37141598398621312     
          85    0.35744005543624263     
          86    0.34398812178823290     
          87    0.33103000674130628     
          88    0.31850886640338916     
          89    0.30640474726107042     
          90    0.29466894971057783     
          91    0.28328907033779627     
          92    0.27222259984555541     
          93    0.26146287736913693     
          94    0.25097216700288488     
          95    0.24074829695197153     
          96    0.23075724531841069     
          97    0.22100049314440101     
          98    0.21144694558007679     
          99    0.20210116569371533     
         100    0.19293436728461077     
         101    0.18395393151568065     
         102    0.17513289247234570     
         103    0.16648138434991652     
         104    0.15797385389975238     
         105    0.14962342819923452     
         106    0.14140562269478382     
         107    0.13333720104394842     
         108    0.12539439533004021     
         109    0.11759894451028702     
         110    0.10992757947605759     
         111    0.10241004112454540     
         112     9.5023613954429070E-002
         113     8.7812880679599109E-002
         114     8.0756085439883843E-002
         115     7.3930073608808655E-002
         116     6.7316448529433665E-002
         117     6.1103257119673654E-002
         118     5.4842339627419780E-002
         119     4.9439660392312866E-002
         120     4.7342120197717073E-002
