# J1-J2-J3 Heisenberg model
# J1=-1 J2=0.80 J3=1/10 L=120
# chirality correlation d=2 kappa(l)
# l, kappa(l)
           1    1.6129430000000268E-004
           2    4.0397349999994007E-005
           3    1.6182289999999992E-004
           4    8.9847300000000287E-005
           5    2.2628790000001547E-004
           6    1.1703040000000570E-004
           7    2.3416019999999787E-004
           8    1.7985359999999869E-004
           9    2.5831350000000655E-004
          10    1.9632480000000580E-004
          11    2.7958619999999493E-004
          12    2.7310350000000219E-004
          13    2.6981539999999837E-004
          14    2.7364970000000761E-004
          15    3.0764579999999664E-004
          16    3.6960260000000380E-004
          17    2.7140190000000209E-004
          18    3.4935710000000622E-004
          19    3.2654580000000225E-004
          20    4.7200879999999723E-004
          21    2.7461019999999834E-004
          22    4.2587210000000827E-004
          23    3.4257800000000928E-004
          24    5.8366449999998891E-004
          25    2.8824480000000016E-004
          26    5.0521480000000009E-004
          27    3.5776279999999894E-004
          28    7.0567199999999790E-004
          29    3.1685709999999671E-004
          30    5.8466120000000516E-004
          31    3.6795379999999124E-004
          32    8.3101899999999079E-004
          33    3.6123670000000232E-004
          34    6.4924799999999745E-004
          35    3.6089340000000636E-004
          36    9.3194900000000613E-004
          37    4.2130890000000552E-004
          38    6.5515100000000095E-004
          39    3.1268329999999432E-004
          40    9.2553400000001539E-004
          41    5.0702289999999530E-004
          42    4.8116570000000228E-004
          43    1.7475730000000557E-004
          44    5.5805000000000015E-004
          45    6.7841610000000854E-004
          46   -2.2842839999999268E-004
          47   -1.8520680500000913E-004
          48   -1.0717429999999974E-003
          49    1.2489749999999994E-003
          50   -2.6713849999999914E-003
          51   -1.3191830000000068E-003
          52   -8.4896400000000049E-003
          53    4.3544969999999936E-003
          54   -1.2137430000000005E-002
          55   -8.0764649999999980E-003
          56   -8.1795200000000012E-002
          57    4.5903489999999991E-002
          58   -7.5819299999999992E-002
          59    3.0477470000000000E-002
          60   0.58792949999999999     
          61    1.3740920000000004E-002
          62   -7.5574400000000000E-002
          63    8.2122400000000012E-002
          64   -8.2366649999999986E-002
          65    9.4951640000000004E-003
          66   -1.1614380000000004E-002
          67    1.8964829999999995E-002
          68   -8.6495100000000130E-003
          69    8.3774100000000018E-003
          70   -2.2932340000000190E-003
          71    9.7783000000000089E-003
          72   -1.1157129999999997E-003
          73    6.0739859999999913E-003
          74    4.1089460000005452E-005
          75    6.2333100000000127E-003
          76    5.8127860000000255E-004
          77    4.4403940000000081E-003
          78    6.8002599999999178E-004
          79    4.3561700000000012E-003
          80    1.0048149999999903E-003
          81    3.3226189999999928E-003
          82    8.1633400000001750E-004
          83    3.2122970000000046E-003
          84    1.0667529999999999E-003
          85    2.5478620000000101E-003
          86    8.0401200000000499E-004
          87    2.4582449999999987E-003
          88    1.0242309999999937E-003
          89    1.9992299999999990E-003
          90    7.6276699999998452E-004
          91    1.9312929999999932E-003
          92    9.6100700000000200E-004
          93    1.5992689999999965E-003
          94    7.3373000000000231E-004
          95    1.5414159999999990E-003
          96    9.0290400000000211E-004
          97    1.2937760000000134E-003
          98    7.2622500000001219E-004
          99    1.2328350000000115E-003
         100    8.5222200000000274E-004
         101    1.0428419999999948E-003
         102    7.3305699999999573E-004
         103    9.6829799999998811E-004
         104    7.9878600000000185E-004
         105    8.1659300000000781E-004
         106    7.3664399999999637E-004
         107    7.2316600000001119E-004
         108    7.2515799999999788E-004
         109    5.9469840000000811E-004
         110    7.1301399999999619E-004
         111    4.8349159999999593E-004
         112    6.0987999999999939E-004
         113    3.6778069999999173E-004
         114    6.3525300000001291E-004
         115    2.4557590000000523E-004
         116    4.2544640000000274E-004
         117    1.4217230000000393E-004
         118    4.6621469999999672E-004
         119    0.0000000000000000     
