# U/W, kappa(d=1), kappa(d=2), q_max, D(\pi/2)
0.1 -7.8353299999999273E-004 -5.7662909999999976E-004 48  5.4051041666666660E-003
0.2 -8.2386899999999140E-004 -6.1698169999999900E-004 48  5.7568791666666674E-003
0.3 -8.7953899999999689E-004 -6.6970600000000060E-004 48  6.0632000000000005E-003
0.4 -9.7147799999999329E-004 -7.3665000000000015E-004 48  6.1542874999999969E-003
0.5 -1.2094139999999939E-003 -8.3696999999999960E-004 48  5.2956708333333338E-003
0.6 -1.9940140000000066E-003 -9.9452799999999995E-004 48  4.2421583333333346E-002
0.7 -3.4693380000001101E-004 -3.4556173999999995E-004 48  0.32781617083333331
0.8 -1.6013300000000067E-004 -3.0580500000000193E-004 24  0.51243673333333339
0.9 -1.1750000000007197E-005 2.2778000000000945E-004 24  0.56373910416666650
1 -5.0830000000004743E-005 7.8638999999997971E-004 24  0.54133679166666659
1.1 -1.9524000000000256E-004 8.8568999999999822E-004 24  0.50699291666666668
1.2 -3.8407999999999932E-004 7.0991000000001649E-004 24  0.47658491666666669
1.3 -5.8766000000000048E-004 3.2789999999999751E-004 24  0.45064137499999990
1.4 -7.9382000000000606E-004 -2.1029999999999270E-004 24  0.42888691666666673
1.5 -1.0270700000000006E-003 -9.6596000000002220E-004 24  0.40815062499999988
1.6 -1.3078000000000039E-003 -1.7813419999999952E-003 24  0.38652070833333324
1.65 -1.1953390000000032E-003 -1.8744069999999998E-003 24      
1.7 -1.2477878899999997E-003 -1.9652196000000213E-003 24  0.35701060833333326
1.75 2.3315280000000001E-002 3.5731719999999995E-002 20  0.26755437083333339
1.8 3.1634740000000001E-002 5.1014539999999983E-002 18  0.17937080583333334
1.85 3.7913466500000000E-002 6.4708399999999985E-002 17  0.13301986666666668
1.9 4.3391199999999991E-002 8.2934539999999987E-002 16  0.10367336108333329
1.95 4.9708420000000003E-002 0.11025060000000000 15  7.5621160833333340E-002
2 5.4352299999999992E-002 0.12718836500000003 14  5.8656642916666668E-002
2.05 5.5313835000000006E-002 0.14519480499999998 13  4.5034704583333335E-002
2.1 3.2326472999999994E-002 9.2034950000000004E-002 12  3.4587018749999997E-002
2.15 2.5549239999999994E-002 7.6114885000000007E-002 11  2.2399791666666669E-002
2.2 3.5084987000000019E-002 0.12495654599999997 6  6.7827359583333240E-003
2.25 -2.7282999999981368E-005 -1.0008400000000657E-004 0  -1.0734833333333367E-003
2.3 2.3318999999996388E-004 6.5039999999999282E-004 0  -1.3155199999999763E-003
2.35 1.5251000000002062E-004 4.5150000000001569E-004 0  -1.5402516666666796E-003
2.4 9.2279000000010315E-005 3.0197300000000540E-004 0  -1.6685208333333118E-003
2.5 1.6238600000005094E-004 6.0935059999997596E-004 0  -1.7293916666666527E-003
2.6 1.0503999999997987E-004 4.1098000000004600E-004 0  -1.7192708333333244E-003
2.7 1.5076000000001019E-004 5.7347000000004637E-004 0  -1.7269612916666587E-003
2.8 1.0815999999995874E-004 4.0981999999999043E-004 0  -1.7666449999999972E-003
2.9 6.9220000000002214E-005 2.6791999999999441E-004 0  -1.7889208333333358E-003
3 1.3482000000001118E-004 5.2236000000003679E-004 0  -1.7667083333333215E-003








































