# 3-orbital Hubbard-Kanamori model
# U/W=2.0 Jh/U=0.25 n=4 L=8
# density of states DOS(omega) of the itinerant orbital (gamma=1)
# |u,ud,u> -> |u,d,u>
# omega-Ef, DOS(omega)

 -8.47567	 -0.000492348
 -8.42567	 -0.000112707
 -8.37567	 0.000117428
 -8.32567	 0.000323092
 -8.27567	 0.000484098
 -8.22567	 0.000622102
 -8.17567	 0.000532832
 -8.12567	 0.000681436
 -8.07567	 0.000638827
 -8.02567	 0.000642543
 -7.97567	 0.000579777
 -7.92567	 0.00051753
 -7.87567	 0.000479653
 -7.82567	 0.000222499
 -7.77567	 0.00016998
 -7.72567	 0.00029881
 -7.67567	 0.000175322
 -7.62567	 0.000212023
 -7.57567	 0.000210283
 -7.52567	 0.00021884
 -7.47567	 0.000219251
 -7.42567	 0.000159136
 -7.37567	 1.42433e-05
 -7.32567	 0.000142606
 -7.27567	 9.27586e-05
 -7.22567	 0.000288614
 -7.17567	 0.00083208
 -7.12567	 0.00102663
 -7.07567	 0.000997962
 -7.02567	 0.00131141
 -6.97567	 0.00145152
 -6.92567	 0.00178665
 -6.87567	 0.00203882
 -6.82567	 0.00195515
 -6.77567	 0.00285429
 -6.72567	 0.00410826
 -6.67567	 0.00513309
 -6.62567	 0.00668001
 -6.57567	 0.00667834
 -6.52567	 0.00875725
 -6.47567	 0.00870027
 -6.42567	 0.00710577
 -6.37567	 0.00612838
 -6.32567	 0.00554959
 -6.27567	 0.00529074
 -6.22567	 0.00544877
 -6.17567	 0.00546189
 -6.12567	 0.00484647
 -6.07567	 0.00595296
 -6.02567	 0.00517748
 -5.97567	 0.00488902
 -5.92567	 0.0050032
 -5.87567	 0.00544934
 -5.82567	 0.00579787
 -5.77567	 0.00610363
 -5.72567	 0.00638559
 -5.67567	 0.00695632
 -5.62567	 0.00802665
 -5.57567	 0.00903864
 -5.52567	 0.00916307
 -5.47567	 0.0103437
 -5.42567	 0.0116059
 -5.37567	 0.012717
 -5.32567	 0.0135207
 -5.27567	 0.0136924
 -5.22567	 0.0147602
 -5.17567	 0.017122
 -5.12567	 0.0195634
 -5.07567	 0.0214572
 -5.02567	 0.0244288
 -4.97567	 0.029893
 -4.92567	 0.0326413
 -4.87567	 0.0370871
 -4.82567	 0.0418637
 -4.77567	 0.0453852
 -4.72567	 0.044119
 -4.67567	 0.039704
 -4.62567	 0.0382825
 -4.57567	 0.0341965
 -4.52567	 0.0301922
 -4.47567	 0.028642
 -4.42567	 0.025436
 -4.37567	 0.0248278
 -4.32567	 0.0240608
 -4.27567	 0.0238098
 -4.22567	 0.0224093
 -4.17567	 0.0218024
 -4.12567	 0.0197926
 -4.07567	 0.0180954
 -4.02567	 0.0166806
 -3.97567	 0.015623
 -3.92567	 0.0148219
 -3.87567	 0.014689
 -3.82567	 0.0149327
 -3.77567	 0.0153506
 -3.72567	 0.0165617
 -3.67567	 0.0174217
 -3.62567	 0.017901
 -3.57567	 0.0181906
 -3.52567	 0.0184114
 -3.47567	 0.017615
 -3.42567	 0.0163916
 -3.37567	 0.0155702
 -3.32567	 0.015001
 -3.27567	 0.0150084
 -3.22567	 0.0152967
 -3.17567	 0.0169054
 -3.12567	 0.0193426
 -3.07567	 0.0225233
 -3.02567	 0.0258494
 -2.97567	 0.0285559
 -2.92567	 0.0312163
 -2.87567	 0.0324347
 -2.82567	 0.0341854
 -2.77567	 0.0351512
 -2.72567	 0.0353949
 -2.67567	 0.033197
 -2.62567	 0.0280567
 -2.57567	 0.0238167
 -2.52567	 0.0197215
 -2.47567	 0.0176513
 -2.42567	 0.0170859
 -2.37567	 0.0169593
 -2.32567	 0.0171894
 -2.27567	 0.0170029
 -2.22567	 0.0171556
 -2.17567	 0.0180841
 -2.12567	 0.0191948
 -2.07567	 0.0201962
 -2.02567	 0.0205249
 -1.97567	 0.0200663
 -1.92567	 0.0191517
 -1.87567	 0.0198043
 -1.82567	 0.0216795
 -1.77567	 0.022771
 -1.72567	 0.0221429
 -1.67567	 0.021041
 -1.62567	 0.0215032
 -1.57567	 0.024535
 -1.52567	 0.0287561
 -1.47567	 0.0302871
 -1.42567	 0.0276707
 -1.37567	 0.026246
 -1.32567	 0.0281439
 -1.27567	 0.0331805
 -1.22567	 0.0390837
 -1.17567	 0.0424968
 -1.12567	 0.0418957
 -1.07567	 0.04269
 -1.02567	 0.0502077
 -0.975672	 0.0650989
 -0.925672	 0.0858043
 -0.875672	 0.0981917
 -0.825672	 0.0844043
 -0.775672	 0.0636149
 -0.725672	 0.0531985
 -0.675672	 0.0504853
 -0.625672	 0.0532533
 -0.575672	 0.0624804
 -0.525672	 0.0753185
 -0.475672	 0.0836711
 -0.425672	 0.0730274
 -0.375672	 0.0578952
 -0.325672	 0.053107
 -0.275672	 0.0594508
 -0.225672	 0.0683882
 -0.175672	 0.0642121
 -0.125672	 0.0457167
 -0.0756718	 0.0320806
 -0.0256718	 0.0245957
 0.0243282	 0.0209317
 0.0743282	 0.0197584
 0.124328	 0.0207508
 0.174328	 0.0244345
 0.224328	 0.0320481
 0.274328	 0.0378944
 0.324328	 0.0421336
 0.374328	 0.037212
 0.424328	 0.0358811
 0.474328	 0.0429801
 0.524328	 0.0576333
 0.574328	 0.0672386
 0.624328	 0.06287
 0.674328	 0.0554834
 0.724328	 0.0497654
 0.774328	 0.0512413
 0.824328	 0.0574397
 0.874328	 0.0701047
 0.924328	 0.0796658
 0.974328	 0.0653676
 1.02433	 0.0429306
 1.07433	 0.0289483
 1.12433	 0.0212978
 1.17433	 0.0162065
 1.22433	 0.0131921
 1.27433	 0.0116285
 1.32433	 0.0110954
 1.37433	 0.0110458
 1.42433	 0.0102137
 1.47433	 0.00802252
 1.52433	 0.00503215
 1.57433	 0.00216892
 1.62433	 0.000232996
 1.67433	 -0.000957395
 1.72433	 -0.00194464
 1.77433	 -0.00270558
 1.82433	 -0.00333359
 1.87433	 -0.00390634
 1.92433	 -0.00450204
 1.97433	 -0.00519968
 2.02433	 -0.00563254
 2.07433	 -0.00561063
 2.12433	 -0.00540062
 2.17433	 -0.00493559
 2.22433	 -0.0046726
 2.27433	 -0.00447997
 2.32433	 -0.00423798
 2.37433	 -0.0040462
 2.42433	 -0.00365416
 2.47433	 -0.00347484
 2.52433	 -0.0032576
 2.57433	 -0.00290986
 2.62433	 -0.00277488
 2.67433	 -0.00249728
 2.72433	 -0.00229959
 2.77433	 -0.00208002
 2.82433	 -0.00178012
 2.87433	 -0.00144425
 2.92433	 -0.00113503
 2.97433	 -0.000771329
 3.02433	 -0.000601207
