# 3-orbital Hubbard-Kanamori model
# U/W=2.0 Jh/U=0.25 n=4.5 L=8
# density of states DOS(omega) of the itinerant orbital (gamma=1)
# |ud,ud,u> -> |ud,u,u>
# omega-Ef, DOS(omega)

 -8.50871	 -0.000647555
 -8.45871	 -0.000780102
 -8.40871	 -0.000776417
 -8.35871	 -0.000693604
 -8.30871	 -0.00105002
 -8.25871	 -0.00118489
 -8.20871	 -0.00116611
 -8.15871	 -0.00158135
 -8.10871	 -0.0012123
 -8.05871	 -0.0018882
 -8.00871	 -0.00144251
 -7.95871	 -0.00264873
 -7.90871	 -0.00165205
 -7.85871	 -0.00209876
 -7.80871	 -0.0018529
 -7.75871	 -0.00183571
 -7.70871	 -0.00132394
 -7.65871	 -0.00104257
 -7.60871	 -0.000982113
 -7.55871	 -0.000592855
 -7.50871	 -0.000606929
 -7.45871	 -0.000417171
 -7.40871	 -0.000305423
 -7.35871	 -0.000196648
 -7.30871	 -0.000259774
 -7.25871	 -0.000242706
 -7.20871	 -0.000241451
 -7.15871	 -0.000299028
 -7.10871	 -0.000244885
 -7.05871	 -0.000216604
 -7.00871	 -0.000250577
 -6.95871	 -0.00029397
 -6.90871	 -0.000297101
 -6.85871	 -0.000345259
 -6.80871	 -0.000519837
 -6.75871	 -0.000426963
 -6.70871	 -0.000503512
 -6.65871	 -0.000708508
 -6.60871	 -0.000815767
 -6.55871	 -0.000938953
 -6.50871	 -0.000944581
 -6.45871	 -0.00125525
 -6.40871	 -0.00163191
 -6.35871	 -0.00178963
 -6.30871	 -0.00168253
 -6.25871	 -0.00190811
 -6.20871	 -0.00223993
 -6.15871	 -0.00319096
 -6.10871	 -0.00268141
 -6.05871	 -0.00256026
 -6.00871	 -0.00325836
 -5.95871	 -0.0026236
 -5.90871	 -0.00294564
 -5.85871	 -0.00328048
 -5.80871	 -0.00280815
 -5.75871	 -0.00278164
 -5.70871	 -0.00233903
 -5.65871	 -0.00300869
 -5.60871	 -0.00289676
 -5.55871	 -0.00267989
 -5.50871	 -0.00234227
 -5.45871	 -0.00187895
 -5.40871	 -0.00123942
 -5.35871	 -0.00116054
 -5.30871	 -0.00109145
 -5.25871	 -0.000626109
 -5.20871	 -0.000734083
 -5.15871	 -0.000301211
 -5.10871	 -0.000513324
 -5.05871	 -0.00040296
 -5.00871	 -0.00011079
 -4.95871	 4.55452e-05
 -4.90871	 4.35745e-05
 -4.85871	 0.000211119
 -4.80871	 0.000159746
 -4.75871	 0.000166127
 -4.70871	 0.000178263
 -4.65871	 0.000201845
 -4.60871	 0.000248631
 -4.55871	 0.000270915
 -4.50871	 0.000254618
 -4.45871	 0.000290667
 -4.40871	 0.00025883
 -4.35871	 0.000278841
 -4.30871	 0.000306043
 -4.25871	 0.000154973
 -4.20871	 0.000163854
 -4.15871	 5.81013e-05
 -4.10871	 -8.31865e-05
 -4.05871	 -2.98791e-05
 -4.00871	 -0.000109836
 -3.95871	 -8.26255e-05
 -3.90871	 -0.00018364
 -3.85871	 -0.00021332
 -3.80871	 -0.000193754
 -3.75871	 -0.000311474
 -3.70871	 -0.000381934
 -3.65871	 -0.000449982
 -3.60871	 -0.00053991
 -3.55871	 -0.000528712
 -3.50871	 -0.0008736
 -3.45871	 -0.000540012
 -3.40871	 -0.000698641
 -3.35871	 -0.00107909
 -3.30871	 -0.00196103
 -3.25871	 -0.00202781
 -3.20871	 -0.00285671
 -3.15871	 -0.00362574
 -3.10871	 -0.00399588
 -3.05871	 -0.00467162
 -3.00871	 -0.00592092
 -2.95871	 -0.00740817
 -2.90871	 -0.00957353
 -2.85871	 -0.00978963
 -2.80871	 -0.0118671
 -2.75871	 -0.0107532
 -2.70871	 -0.00795921
 -2.65871	 -0.00603504
 -2.60871	 -0.00351715
 -2.55871	 -0.00196877
 -2.50871	 -0.000704894
 -2.45871	 -0.000782814
 -2.40871	 0.000433154
 -2.35871	 0.00163325
 -2.30871	 0.00379599
 -2.25871	 0.00580448
 -2.20871	 0.00802908
 -2.15871	 0.00977437
 -2.10871	 0.0112332
 -2.05871	 0.0123013
 -2.00871	 0.0131466
 -1.95871	 0.0137234
 -1.90871	 0.0139931
 -1.85871	 0.0150286
 -1.80871	 0.016464
 -1.75871	 0.019406
 -1.70871	 0.0234925
 -1.65871	 0.0292784
 -1.60871	 0.0371493
 -1.55871	 0.0486798
 -1.50871	 0.0665459
 -1.45871	 0.0928389
 -1.40871	 0.12352
 -1.35871	 0.137457
 -1.30871	 0.125823
 -1.25871	 0.111208
 -1.20871	 0.107575
 -1.15871	 0.114748
 -1.10871	 0.131095
 -1.05871	 0.140626
 -1.00871	 0.130178
 -0.958711	 0.113712
 -0.908711	 0.103738
 -0.858711	 0.101678
 -0.808711	 0.109437
 -0.758711	 0.118069
 -0.708711	 0.112397
 -0.658711	 0.100871
 -0.608711	 0.0918511
 -0.558711	 0.0880758
 -0.508711	 0.0926032
 -0.458711	 0.104416
 -0.408711	 0.113985
 -0.358711	 0.108901
 -0.308711	 0.101055
 -0.258711	 0.0993295
 -0.208711	 0.106539
 -0.158711	 0.118948
 -0.108711	 0.135869
 -0.0587112	 0.128599
 -0.00871124	 0.0963307
 0.0412888	 0.0708088
 0.0912888	 0.0602548
 0.141289	 0.0613848
 0.191289	 0.0688289
 0.241289	 0.0644441
 0.291289	 0.0765352
 0.341289	 0.0671396
 0.391289	 0.0507481
 0.441289	 0.039242
 0.491289	 0.0289505
 0.541289	 0.0213636
 0.591289	 0.0175011
 0.641289	 0.0164475
 0.691289	 0.0176647
 0.741289	 0.0192102
 0.791289	 0.018507
 0.841289	 0.01603
 0.891289	 0.0131183
 0.941289	 0.0105393
 0.991289	 0.00847123
 1.04129	 0.00700467
 1.09129	 0.00593423
 1.14129	 0.00497493
 1.19129	 0.00425983
 1.24129	 0.00388765
 1.29129	 0.00372846
 1.34129	 0.00351916
 1.39129	 0.00335538
 1.44129	 0.0031838
 1.49129	 0.00288318
 1.54129	 0.00258797
 1.59129	 0.00240068
 1.64129	 0.00229666
 1.69129	 0.00219184
 1.74129	 0.00209867
 1.79129	 0.00190674
 1.84129	 0.00169828
 1.89129	 0.00156665
 1.94129	 0.0014753
 1.99129	 0.00144885
 2.04129	 0.00147978
 2.09129	 0.00159291
 2.14129	 0.00153736
 2.19129	 0.0013017
 2.24129	 0.00111084
 2.29129	 0.000944607
 2.34129	 0.000861462
 2.39129	 0.00077661
 2.44129	 0.000704194
 2.49129	 0.000629096
 2.54129	 0.000545468
 2.59129	 0.000485546
 2.64129	 0.00046145
 2.69129	 0.000439904
 2.74129	 0.000416521
 2.79129	 0.000390299
 2.84129	 0.000353799
 2.89129	 0.00031577
 2.94129	 0.000283514
 2.99129	 0.000266836
