# 3-orbital Hubbard-Kanamori model
# U/W=2.0 Jh/U=0.25 n=3.5 L=8
# density of states DOS(omega) of the itinerant orbital (gamma=1)
# |ud,ud,u> -> |ud,d,u>
# omega-Ef, DOS(omega)

 -8.46105	 -0.00160141
 -8.41105	 -0.00159803
 -8.36105	 -0.00160374
 -8.31105	 -0.00161105
 -8.26105	 -0.00159385
 -8.21105	 -0.00158495
 -8.16105	 -0.00156882
 -8.11105	 -0.00157451
 -8.06105	 -0.00156555
 -8.01105	 -0.00157244
 -7.96105	 -0.00158047
 -7.91105	 -0.00158735
 -7.86105	 -0.00159839
 -7.81105	 -0.00161467
 -7.76105	 -0.00162929
 -7.71105	 -0.00162864
 -7.66105	 -0.00163525
 -7.61105	 -0.00164049
 -7.56105	 -0.00165419
 -7.51105	 -0.00164984
 -7.46105	 -0.00164302
 -7.41105	 -0.00165712
 -7.36105	 -0.00166242
 -7.31105	 -0.00165277
 -7.26105	 -0.00165415
 -7.21105	 -0.0016447
 -7.16105	 -0.00162698
 -7.11105	 -0.00163247
 -7.06105	 -0.0016225
 -7.01105	 -0.00161663
 -6.96105	 -0.00164147
 -6.91105	 -0.00167781
 -6.86105	 -0.00171476
 -6.81105	 -0.00176008
 -6.76105	 -0.0018047
 -6.71105	 -0.00185185
 -6.66105	 -0.0019398
 -6.61105	 -0.00200802
 -6.56105	 -0.00206481
 -6.51105	 -0.00204556
 -6.46105	 -0.00207077
 -6.41105	 -0.00211652
 -6.36105	 -0.00217932
 -6.31105	 -0.00216526
 -6.26105	 -0.00228041
 -6.21105	 -0.00231938
 -6.16105	 -0.00228899
 -6.11105	 -0.00230284
 -6.06105	 -0.00234956
 -6.01105	 -0.00242562
 -5.96105	 -0.00237979
 -5.91105	 -0.00234067
 -5.86105	 -0.00237477
 -5.81105	 -0.00226741
 -5.76105	 -0.0021923
 -5.71105	 -0.00215896
 -5.66105	 -0.00207043
 -5.61105	 -0.00201208
 -5.56105	 -0.00197997
 -5.51105	 -0.00188199
 -5.46105	 -0.00175873
 -5.41105	 -0.00165656
 -5.36105	 -0.00158966
 -5.31105	 -0.00151776
 -5.26105	 -0.00152305
 -5.21105	 -0.00153301
 -5.16105	 -0.00153089
 -5.11105	 -0.00154154
 -5.06105	 -0.00163788
 -5.01105	 -0.00174208
 -4.96105	 -0.00189682
 -4.91105	 -0.00204865
 -4.86105	 -0.00220222
 -4.81105	 -0.00243059
 -4.76105	 -0.00262121
 -4.71105	 -0.00272489
 -4.66105	 -0.00291404
 -4.61105	 -0.00308018
 -4.56105	 -0.00316051
 -4.51105	 -0.00323989
 -4.46105	 -0.00346927
 -4.41105	 -0.00355683
 -4.36105	 -0.0035937
 -4.31105	 -0.00374364
 -4.26105	 -0.0038407
 -4.21105	 -0.00383871
 -4.16105	 -0.00384823
 -4.11105	 -0.0039433
 -4.06105	 -0.00386205
 -4.01105	 -0.00389131
 -3.96105	 -0.00409023
 -3.91105	 -0.00422426
 -3.86105	 -0.00445995
 -3.81105	 -0.00475592
 -3.76105	 -0.0047362
 -3.71105	 -0.005013
 -3.66105	 -0.00485049
 -3.61105	 -0.00476096
 -3.56105	 -0.00467191
 -3.51105	 -0.0040972
 -3.46105	 -0.00345936
 -3.41105	 -0.00289176
 -3.36105	 -0.00226038
 -3.31105	 -0.00171181
 -3.26105	 -0.0012753
 -3.21105	 -0.000872375
 -3.16105	 -0.000420867
 -3.11105	 8.44155e-05
 -3.06105	 0.000640772
 -3.01105	 0.0013579
 -2.96105	 0.00233885
 -2.91105	 0.00364436
 -2.86105	 0.00553726
 -2.81105	 0.00800307
 -2.76105	 0.011264
 -2.71105	 0.0140815
 -2.66105	 0.0156938
 -2.61105	 0.0159832
 -2.56105	 0.0150601
 -2.51105	 0.0133247
 -2.46105	 0.0107604
 -2.41105	 0.00788187
 -2.36105	 0.00543995
 -2.31105	 0.00325521
 -2.26105	 0.00177193
 -2.21105	 0.000823876
 -2.16105	 0.000235533
 -2.11105	 -0.000190015
 -2.06105	 -0.000481624
 -2.01105	 -0.000708842
 -1.96105	 -0.000906322
 -1.91105	 -0.00108694
 -1.86105	 -0.00123707
 -1.81105	 -0.00134764
 -1.76105	 -0.00146025
 -1.71105	 -0.0015807
 -1.66105	 -0.00168646
 -1.61105	 -0.00177101
 -1.56105	 -0.00183364
 -1.51105	 -0.00187038
 -1.46105	 -0.00188604
 -1.41105	 -0.00188336
 -1.36105	 -0.00188592
 -1.31105	 -0.00186907
 -1.26105	 -0.00185584
 -1.21105	 -0.00182003
 -1.16105	 -0.00176815
 -1.11105	 -0.00174676
 -1.06105	 -0.0017085
 -1.01105	 -0.00166501
 -0.961046	 -0.00165642
 -0.911046	 -0.00170224
 -0.861046	 -0.00181218
 -0.811046	 -0.00198547
 -0.761046	 -0.00215106
 -0.711046	 -0.00216474
 -0.661046	 -0.00183126
 -0.611046	 -0.00118671
 -0.561046	 -0.000316785
 -0.511046	 0.000780262
 -0.461046	 0.00225255
 -0.411046	 0.00431937
 -0.361046	 0.00715553
 -0.311046	 0.0108966
 -0.261046	 0.0146937
 -0.211046	 0.0154356
 -0.161046	 0.0137893
 -0.111046	 0.0103302
 -0.0610463	 0.00778879
 -0.0110463	 0.00635405
 0.0389537	 0.00629962
 0.0889537	 0.00784423
 0.138954	 0.0108249
 0.188954	 0.0133508
 0.238954	 0.0136221
 0.288954	 0.0116023
 0.338954	 0.0101372
 0.388954	 0.00869302
 0.438954	 0.0071437
 0.488954	 0.00559867
 0.538954	 0.00488949
 0.588954	 0.00535718
 0.638954	 0.00666273
 0.688954	 0.00787907
 0.738954	 0.00838848
 0.788954	 0.00849159
 0.838954	 0.0085736
 0.888954	 0.00854486
 0.938954	 0.00813145
 0.988954	 0.00733739
 1.03895	 0.00637383
 1.08895	 0.00548847
 1.13895	 0.00479816
 1.18895	 0.00428557
 1.23895	 0.00389033
 1.28895	 0.00349248
 1.33895	 0.0031137
 1.38895	 0.00284067
 1.43895	 0.00268408
 1.48895	 0.00265157
 1.53895	 0.00269126
 1.58895	 0.00282674
 1.63895	 0.00314096
 1.68895	 0.00365998
 1.73895	 0.00439449
 1.78895	 0.00533362
 1.83895	 0.00620335
 1.88895	 0.00690077
 1.93895	 0.00742468
 1.98895	 0.00776302
 2.03895	 0.00789731
 2.08895	 0.00763797
 2.13895	 0.00740841
 2.18895	 0.00718405
 2.23895	 0.00707009
 2.28895	 0.00686163
 2.33895	 0.0066068
 2.38895	 0.00631226
 2.43895	 0.00600753
 2.48895	 0.00577607
 2.53895	 0.00518399
 2.58895	 0.00473116
 2.63895	 0.00423029
 2.68895	 0.0038351
 2.73895	 0.00361766
 2.78895	 0.00321739
 2.83895	 0.00309831
 2.88895	 0.00293489
 2.93895	 0.00290789
 2.98895	 0.0029156
 3.03895	 0.00266929
 3.08895	 0.00241073
