# 3-orbital Hubbard-Kanamori model
# U/W=2.0 Jh/U=0.25 n=3.5 L=8
# density of states DOS(omega) of the itinerant orbital (gamma=1)
# |u,ud,u> -> |u,u,u>
# omega-Ef, DOS(omega)

 -8.46105	 -0.00107963
 -8.41105	 -0.00108571
 -8.36105	 -0.00108464
 -8.31105	 -0.00109368
 -8.26105	 -0.00113048
 -8.21105	 -0.0011373
 -8.16105	 -0.00116363
 -8.11105	 -0.00115996
 -8.06105	 -0.00122708
 -8.01105	 -0.00119722
 -7.96105	 -0.00125264
 -7.91105	 -0.00122885
 -7.86105	 -0.00121801
 -7.81105	 -0.0012362
 -7.76105	 -0.00126236
 -7.71105	 -0.00126777
 -7.66105	 -0.00130789
 -7.61105	 -0.00131351
 -7.56105	 -0.00133362
 -7.51105	 -0.00134545
 -7.46105	 -0.00130621
 -7.41105	 -0.0013948
 -7.36105	 -0.00138824
 -7.31105	 -0.00142366
 -7.26105	 -0.00146035
 -7.21105	 -0.00151541
 -7.16105	 -0.00157571
 -7.11105	 -0.0016219
 -7.06105	 -0.00171526
 -7.01105	 -0.00185017
 -6.96105	 -0.00181736
 -6.91105	 -0.00182732
 -6.86105	 -0.00185425
 -6.81105	 -0.00176931
 -6.76105	 -0.00175389
 -6.71105	 -0.00165524
 -6.66105	 -0.00168393
 -6.61105	 -0.00161659
 -6.56105	 -0.00153467
 -6.51105	 -0.00152359
 -6.46105	 -0.00145983
 -6.41105	 -0.00149733
 -6.36105	 -0.00150772
 -6.31105	 -0.00150657
 -6.26105	 -0.00142313
 -6.21105	 -0.00134992
 -6.16105	 -0.00120498
 -6.11105	 -0.00116384
 -6.06105	 -0.00108522
 -6.01105	 -0.00101484
 -5.96105	 -0.00100006
 -5.91105	 -0.000985756
 -5.86105	 -0.000953886
 -5.81105	 -0.000923711
 -5.76105	 -0.000917368
 -5.71105	 -0.000853374
 -5.66105	 -0.000758603
 -5.61105	 -0.000693799
 -5.56105	 -0.000571692
 -5.51105	 -0.000462494
 -5.46105	 -0.000301929
 -5.41105	 -0.000141171
 -5.36105	 -5.57497e-05
 -5.31105	 0.000120666
 -5.26105	 0.000139893
 -5.21105	 0.000202344
 -5.16105	 0.000297468
 -5.11105	 0.000221433
 -5.06105	 -2.96971e-05
 -5.01105	 -0.000294768
 -4.96105	 -0.00049571
 -4.91105	 -0.000635331
 -4.86105	 -0.000710831
 -4.81105	 -0.000727449
 -4.76105	 -0.000726471
 -4.71105	 -0.000746758
 -4.66105	 -0.000779499
 -4.61105	 -0.000814962
 -4.56105	 -0.000844879
 -4.51105	 -0.000848417
 -4.46105	 -0.000850416
 -4.41105	 -0.000869518
 -4.36105	 -0.000843355
 -4.31105	 -0.000835829
 -4.26105	 -0.000835212
 -4.21105	 -0.000816711
 -4.16105	 -0.000796972
 -4.11105	 -0.000780489
 -4.06105	 -0.00080299
 -4.01105	 -0.000838245
 -3.96105	 -0.000856206
 -3.91105	 -0.000887082
 -3.86105	 -0.00087111
 -3.81105	 -0.000759792
 -3.76105	 -0.000513517
 -3.71105	 -0.000165277
 -3.66105	 0.000263114
 -3.61105	 0.000703853
 -3.56105	 0.000929333
 -3.51105	 0.00116819
 -3.46105	 0.00111108
 -3.41105	 0.00103669
 -3.36105	 0.000939644
 -3.31105	 0.00069534
 -3.26105	 0.000502192
 -3.21105	 0.000216454
 -3.16105	 -5.00711e-05
 -3.11105	 -0.000258888
 -3.06105	 -0.000402732
 -3.01105	 -0.000498533
 -2.96105	 -0.00056726
 -2.91105	 -0.000605671
 -2.86105	 -0.000601307
 -2.81105	 -0.000577149
 -2.76105	 -0.000455349
 -2.71105	 -0.000177525
 -2.66105	 0.00022376
 -2.61105	 0.00063374
 -2.56105	 0.0010863
 -2.51105	 0.00120007
 -2.46105	 0.0010111
 -2.41105	 0.000784155
 -2.36105	 0.000484042
 -2.31105	 0.000235996
 -2.26105	 0.000109894
 -2.21105	 6.02597e-05
 -2.16105	 7.02058e-05
 -2.11105	 9.95123e-05
 -2.06105	 0.000171716
 -2.01105	 0.000195146
 -1.96105	 0.000241333
 -1.91105	 0.000347934
 -1.86105	 0.000482792
 -1.81105	 0.000616264
 -1.76105	 0.000721894
 -1.71105	 0.000865521
 -1.66105	 0.00102403
 -1.61105	 0.00117068
 -1.56105	 0.00134473
 -1.51105	 0.00156277
 -1.46105	 0.0016778
 -1.41105	 0.00177815
 -1.36105	 0.00183036
 -1.31105	 0.00190666
 -1.26105	 0.00201011
 -1.21105	 0.00214462
 -1.16105	 0.0022891
 -1.11105	 0.00241669
 -1.06105	 0.00272908
 -1.01105	 0.00316488
 -0.961046	 0.00374447
 -0.911046	 0.00461049
 -0.861046	 0.00576713
 -0.811046	 0.00734469
 -0.761046	 0.00921499
 -0.711046	 0.0109043
 -0.661046	 0.0121762
 -0.611046	 0.0135426
 -0.561046	 0.015599
 -0.511046	 0.0186499
 -0.461046	 0.0235351
 -0.411046	 0.0318363
 -0.361046	 0.0447378
 -0.311046	 0.062281
 -0.261046	 0.0797276
 -0.211046	 0.0825773
 -0.161046	 0.0763401
 -0.111046	 0.0639563
 -0.0610463	 0.0534993
 -0.0110463	 0.0434422
 0.0389537	 0.0386742
 0.0889537	 0.0415952
 0.138954	 0.0514222
 0.188954	 0.0620411
 0.238954	 0.0664362
 0.288954	 0.0612467
 0.338954	 0.0616457
 0.388954	 0.0627829
 0.438954	 0.0628241
 0.488954	 0.0610457
 0.538954	 0.0600394
 0.588954	 0.0613675
 0.638954	 0.0655417
 0.688954	 0.0692801
 0.738954	 0.0689773
 0.788954	 0.0654536
 0.838954	 0.061225
 0.888954	 0.0578477
 0.938954	 0.0550386
 0.988954	 0.052292
 1.03895	 0.0501506
 1.08895	 0.0479995
 1.13895	 0.0436878
 1.18895	 0.0376683
 1.23895	 0.0313967
 1.28895	 0.0250923
 1.33895	 0.0199378
 1.38895	 0.0160612
 1.43895	 0.013262
 1.48895	 0.011205
 1.53895	 0.00950888
 1.58895	 0.00810386
 1.63895	 0.00692616
 1.68895	 0.00586086
 1.73895	 0.00491286
 1.78895	 0.00412935
 1.83895	 0.00345215
 1.88895	 0.00267852
 1.93895	 0.00187132
 1.98895	 0.00108953
 2.03895	 0.000434446
 2.08895	 -0.000140281
 2.13895	 -0.000667289
 2.18895	 -0.00115757
 2.23895	 -0.00146894
 2.28895	 -0.0017589
 2.33895	 -0.00193384
 2.38895	 -0.00205195
 2.43895	 -0.00212643
 2.48895	 -0.00207128
 2.53895	 -0.00191974
 2.58895	 -0.00177582
 2.63895	 -0.00165665
 2.68895	 -0.00159817
 2.73895	 -0.00155305
 2.78895	 -0.00152284
 2.83895	 -0.00147617
 2.88895	 -0.00146133
 2.93895	 -0.00148059
 2.98895	 -0.0014089
 3.03895	 -0.00135561
 3.08895	 -0.00131647
