# 3-orbital Hubbard-Kanamori model
# U/W=2.0 Jh/U=0.25 n=4 L=8
# density of states DOS(omega) of the itinerant orbital (gamma=1)
# all transitions
# omega-Ef, DOS(omega)

 -11.9757	 0.000290613
 -11.9257	 0.000291077
 -11.8757	 0.000300468
 -11.8257	 0.000307715
 -11.7757	 0.00031304
 -11.7257	 0.000322189
 -11.6757	 0.000324604
 -11.6257	 0.000338457
 -11.5757	 0.000337156
 -11.5257	 0.000350487
 -11.4757	 0.000367028
 -11.4257	 0.000369855
 -11.3757	 0.000388376
 -11.3257	 0.000399367
 -11.2757	 0.00040748
 -11.2257	 0.000415036
 -11.1757	 0.000439028
 -11.1257	 0.000455262
 -11.0757	 0.000485339
 -11.0257	 0.000499447
 -10.9757	 0.000501292
 -10.9257	 0.000538437
 -10.8757	 0.000582532
 -10.8257	 0.00057425
 -10.7757	 0.000584576
 -10.7257	 0.000619003
 -10.6757	 0.000646266
 -10.6257	 0.000711206
 -10.5757	 0.000778953
 -10.5257	 0.000756888
 -10.4757	 0.000892499
 -10.4257	 0.000899589
 -10.3757	 0.000947219
 -10.3257	 0.00103308
 -10.2757	 0.00107962
 -10.2257	 0.00116253
 -10.1757	 0.00120682
 -10.1257	 0.00146067
 -10.0757	 0.00169928
 -10.0257	 0.00157182
 -9.97567	 0.00165211
 -9.92567	 0.00198475
 -9.87567	 0.00233106
 -9.82567	 0.00245426
 -9.77567	 0.00234765
 -9.72567	 0.0028077
 -9.67567	 0.00300411
 -9.62567	 0.00370194
 -9.57567	 0.00366283
 -9.52567	 0.00506226
 -9.47567	 0.0047109
 -9.42567	 0.00532952
 -9.37567	 0.00706946
 -9.32567	 0.00532373
 -9.27567	 0.00537041
 -9.22567	 0.0054394
 -9.17567	 0.00810328
 -9.12567	 0.0071176
 -9.07567	 0.00716442
 -9.02567	 0.00779168
 -8.97567	 0.0095756
 -8.92567	 0.00962702
 -8.87567	 0.0146189
 -8.82567	 0.0129499
 -8.77567	 0.017534
 -8.72567	 0.018812
 -8.67567	 0.0152715
 -8.62567	 0.0190219
 -8.57567	 0.0138228
 -8.52567	 0.0106365
 -8.47567	 0.00919934
 -8.42567	 0.0076131
 -8.37567	 0.0073506
 -8.32567	 0.00719025
 -8.27567	 0.00658433
 -8.22567	 0.00589898
 -8.17567	 0.00596408
 -8.12567	 0.00522494
 -8.07567	 0.0053221
 -8.02567	 0.00606975
 -7.97567	 0.00648435
 -7.92567	 0.00676242
 -7.87567	 0.00747921
 -7.82567	 0.0084075
 -7.77567	 0.00923203
 -7.72567	 0.00944148
 -7.67567	 0.0105615
 -7.62567	 0.00986809
 -7.57567	 0.0110072
 -7.52567	 0.0124148
 -7.47567	 0.015196
 -7.42567	 0.0167306
 -7.37567	 0.0181288
 -7.32567	 0.0196377
 -7.27567	 0.0201089
 -7.22567	 0.0208136
 -7.17567	 0.0233294
 -7.12567	 0.0244957
 -7.07567	 0.0267849
 -7.02567	 0.0290956
 -6.97567	 0.036842
 -6.92567	 0.0337887
 -6.87567	 0.0422507
 -6.82567	 0.0366095
 -6.77567	 0.0443781
 -6.72567	 0.0490359
 -6.67567	 0.0494933
 -6.62567	 0.0532903
 -6.57567	 0.0591262
 -6.52567	 0.0672087
 -6.47567	 0.0604467
 -6.42567	 0.0628952
 -6.37567	 0.052663
 -6.32567	 0.0526557
 -6.27567	 0.0452276
 -6.22567	 0.0415357
 -6.17567	 0.0405412
 -6.12567	 0.0356413
 -6.07567	 0.0311001
 -6.02567	 0.0265376
 -5.97567	 0.0225722
 -5.92567	 0.0181519
 -5.87567	 0.0186885
 -5.82567	 0.0160571
 -5.77567	 0.0151204
 -5.72567	 0.0159469
 -5.67567	 0.0170908
 -5.62567	 0.018113
 -5.57567	 0.0191058
 -5.52567	 0.0200619
 -5.47567	 0.0227279
 -5.42567	 0.023087
 -5.37567	 0.0241177
 -5.32567	 0.0249456
 -5.27567	 0.0296239
 -5.22567	 0.0283323
 -5.17567	 0.0311434
 -5.12567	 0.0328332
 -5.07567	 0.0409737
 -5.02567	 0.0470448
 -4.97567	 0.0480291
 -4.92567	 0.0545695
 -4.87567	 0.066648
 -4.82567	 0.0679422
 -4.77567	 0.0743515
 -4.72567	 0.0699945
 -4.67567	 0.0672418
 -4.62567	 0.0600167
 -4.57567	 0.0586661
 -4.52567	 0.0577021
 -4.47567	 0.0547748
 -4.42567	 0.051995
 -4.37567	 0.0489759
 -4.32567	 0.0510329
 -4.27567	 0.0433585
 -4.22567	 0.0430416
 -4.17567	 0.0433699
 -4.12567	 0.0398406
 -4.07567	 0.0358956
 -4.02567	 0.0326911
 -3.97567	 0.02993
 -3.92567	 0.0289036
 -3.87567	 0.0292166
 -3.82567	 0.0305916
 -3.77567	 0.033022
 -3.72567	 0.0359018
 -3.67567	 0.0391417
 -3.62567	 0.0406785
 -3.57567	 0.0403269
 -3.52567	 0.0407044
 -3.47567	 0.041212
 -3.42567	 0.0384628
 -3.37567	 0.0390824
 -3.32567	 0.0387421
 -3.27567	 0.0414168
 -3.22567	 0.0444841
 -3.17567	 0.0521646
 -3.12567	 0.0601099
 -3.07567	 0.0722341
 -3.02567	 0.0829606
 -2.97567	 0.0948989
 -2.92567	 0.0979503
 -2.87567	 0.103389
 -2.82567	 0.102751
 -2.77567	 0.103709
 -2.72567	 0.103524
 -2.67567	 0.0948871
 -2.62567	 0.0795439
 -2.57567	 0.0615658
 -2.52567	 0.0479166
 -2.47567	 0.038869
 -2.42567	 0.0327265
 -2.37567	 0.0291754
 -2.32567	 0.0262669
 -2.27567	 0.0243323
 -2.22567	 0.0235592
 -2.17567	 0.0232639
 -2.12567	 0.0237411
 -2.07567	 0.0239499
 -2.02567	 0.0243145
 -1.97567	 0.0242211
 -1.92567	 0.0245802
 -1.87567	 0.0260955
 -1.82567	 0.028877
 -1.77567	 0.0308955
 -1.72567	 0.0313558
 -1.67567	 0.0308438
 -1.62567	 0.0318556
 -1.57567	 0.0357632
 -1.52567	 0.0423128
 -1.47567	 0.0468677
 -1.42567	 0.0482885
 -1.37567	 0.0520583
 -1.32567	 0.0613537
 -1.27567	 0.075158
 -1.22567	 0.0877762
 -1.17567	 0.0963932
 -1.12567	 0.101623
 -1.07567	 0.114058
 -1.02567	 0.142095
 -0.975672	 0.184187
 -0.925672	 0.239965
 -0.875672	 0.2842
 -0.825672	 0.25655
 -0.775672	 0.205444
 -0.725672	 0.184768
 -0.675672	 0.184123
 -0.625672	 0.192026
 -0.575672	 0.214092
 -0.525672	 0.240382
 -0.475672	 0.255242
 -0.425672	 0.22945
 -0.375672	 0.193001
 -0.325672	 0.182423
 -0.275672	 0.199257
 -0.225672	 0.209846
 -0.175672	 0.184549
 -0.125672	 0.129417
 -0.0756718	 0.0908505
 -0.0256718	 0.0696868
 0.0243282	 0.0592621
 0.0743282	 0.0559808
 0.124328	 0.0590877
 0.174328	 0.0703114
 0.224328	 0.0935191
 0.274328	 0.111383
 0.324328	 0.12366
 0.374328	 0.106722
 0.424328	 0.0996643
 0.474328	 0.116832
 0.524328	 0.154924
 0.574328	 0.177313
 0.624328	 0.159099
 0.674328	 0.135136
 0.724328	 0.12137
 0.774328	 0.125868
 0.824328	 0.143414
 0.874328	 0.176392
 0.924328	 0.204853
 0.974328	 0.175585
 1.02433	 0.123423
 1.07433	 0.0858749
 1.12433	 0.0649205
 1.17433	 0.0554032
 1.22433	 0.0532601
 1.27433	 0.0512584
 1.32433	 0.0472091
 1.37433	 0.0448064
 1.42433	 0.0425173
 1.47433	 0.040553
 1.52433	 0.039171
 1.57433	 0.0361103
 1.62433	 0.0313755
 1.67433	 0.0263728
 1.72433	 0.0239797
 1.77433	 0.0228252
 1.82433	 0.0209229
 1.87433	 0.0183663
 1.92433	 0.0164123
 1.97433	 0.0150747
 2.02433	 0.0140268
 2.07433	 0.0128435
 2.12433	 0.0115208
 2.17433	 0.0104292
 2.22433	 0.00943088
 2.27433	 0.00849863
 2.32433	 0.00764938
 2.37433	 0.00695845
 2.42433	 0.00646912
 2.47433	 0.00596691
 2.52433	 0.00549382
