# generlized Kondo-Heisenberg model
# U/W=2 Jh/U=0.25 n=1/2 L=36 Delta/t=2.0
# Site dependence of the centrosymmetric spectral function <<c(l) cdagger(L竏値+1)>> (electron) and <<cdagger(l) c(L竏値+1)>> (holes) at Fermi level
# site, <<cdagger(l) c(L竏値+1)>>*pi, <<c(l) cdagger(L竏値+1)>>*pi
           1  -12.646686000000001        11.765769000000001     
           2  -7.1609230000000004        6.6884920000000001     
           3  0.84766500000000000       -1.2655810000000001     
           4  0.93301800000000001       -1.1260470000000000     
           5  -3.0829599999999999        3.2369029999999999     
           6  -2.5018699999999998        2.4868399999999999     
           7  0.73380400000000001      -0.86521099999999995     
           8  0.56000200000000000      -0.74438899999999997     
           9 -0.23583499999999999       0.32706400000000002     
          10 -0.23723600000000000       0.31063499999999999     
          11  0.12803500000000001      -0.18495100000000000     
          12   3.0940000000000000E-003  -5.1089000000000002E-002
          13  -2.6786999999999998E-002   6.9903000000000007E-002
          14   7.5479000000000004E-002 -0.12923999999999999     
          15   2.0532999999999999E-002  -8.4362000000000006E-002
          16  -8.7290000000000006E-003  0.10675500000000000     
          17   8.6600000000000002E-004   8.4099999999999994E-002
          18  -2.7348999999999998E-002 -0.11463500000000000     
          19  -2.7348999999999998E-002 -0.11463500000000000     
          20   8.6600000000000002E-004   8.4099999999999994E-002
          21  -8.7290000000000006E-003  0.10675500000000000     
          22   2.0532999999999999E-002  -8.4362000000000006E-002
          23   7.5479000000000004E-002 -0.12923999999999999     
          24  -2.6786999999999998E-002   6.9903000000000007E-002
          25   3.0940000000000000E-003  -5.1089000000000002E-002
          26  0.12803500000000001      -0.18495100000000000     
          27 -0.23723600000000000       0.31063499999999999     
          28 -0.23583499999999999       0.32706400000000002     
          29  0.56000200000000000      -0.74438899999999997     
          30  0.73380400000000001      -0.86521099999999995     
          31  -2.5018699999999998        2.4868399999999999     
          32  -3.0829599999999999        3.2369029999999999     
          33  0.93301800000000001       -1.1260470000000000     
          34  0.84766500000000000       -1.2655810000000001     
          35  -7.1609230000000004        6.6884920000000001     
          36  -12.646686000000001        11.765769000000001     
