# generlized Kondo-Heisenberg model
# U/W=2 Jh/U=0.25 n=1/2 L=36 Delta/t=2.0
# Local density of states at Fermi level
# site, hole LDOS*pi, electron LDOS*pi
           1   15.969859000000000        19.679250000000000     
           2   8.5150410000000001        9.4069129999999994     
           3   7.3631219999999997        7.3368200000000003     
           4   1.4888209999999999        1.9466100000000000     
           5   3.5547520000000001        4.4004550000000000     
           6   3.4065300000000001        3.4417320000000000     
           7   1.2142970000000000        1.4362260000000000     
           8  0.63879900000000001        1.0621119999999999     
           9  0.46423500000000001       0.58542700000000003     
          10   1.0052630000000000        1.1151899999999999     
          11  0.19254099999999999       0.27256599999999997     
          12  0.19262899999999999       0.37098300000000001     
          13   8.0685000000000007E-002  0.12946800000000000     
          14  0.18033399999999999       0.34194000000000002     
          15   6.6365999999999994E-002  0.13001699999999999     
          16   5.7105000000000003E-002  0.16072300000000000     
          17   3.8919000000000002E-002  0.11515200000000000     
          18   3.7273000000000001E-002  0.14635200000000001     
          19   3.7273000000000001E-002  0.14635200000000001     
          20   3.8919000000000002E-002  0.11515200000000000     
          21   5.7105000000000003E-002  0.16072300000000000     
          22   6.6365999999999994E-002  0.13001699999999999     
          23  0.18033399999999999       0.34194000000000002     
          24   8.0685000000000007E-002  0.12946800000000000     
          25  0.19262899999999999       0.37098300000000001     
          26  0.19254099999999999       0.27256599999999997     
          27   1.0052630000000000        1.1151899999999999     
          28  0.46423500000000001       0.58542700000000003     
          29  0.63879900000000001        1.0621119999999999     
          30   1.2142970000000000        1.4362260000000000     
          31   3.4065300000000001        3.4417320000000000     
          32   3.5547520000000001        4.4004550000000000     
          33   1.4888209999999999        1.9466100000000000     
          34   7.3631219999999997        7.3368200000000003     
          35   8.5150410000000001        9.4069129999999994     
          36   15.969859000000000        19.679250000000000     
