# 2D BCS superconductor
# Lx=54, Ly=27, t=2, V/t=2, 
# Spatial profile of BCS pairing field initialized with random DeltaBCS - 4th iteration
# x, y, BCS pairing field, V*BCS pairing field
    1    1 0.188054349189 0.752217396755
    2    1 0.188053995359 0.752215981436
    3    1 0.188054208533 0.752216834132
    4    1 0.188052360472 0.752209441886
    5    1 0.188052130429 0.752208521716
    6    1 0.188051694166 0.752206776665
    7    1 0.188051183567 0.752204734269
    8    1 0.188051317900 0.752205271601
    9    1 0.188051478338 0.752205913350
   10    1 0.188051628239 0.752206512954
   11    1 0.188051894449 0.752207577795
   12    1 0.188052077694 0.752208310778
   13    1 0.188052357259 0.752209429034
   14    1 0.188052585003 0.752210340011
   15    1 0.188052917766 0.752211671063
   16    1 0.188053176683 0.752212706733
   17    1 0.188053596023 0.752214384091
   18    1 0.188053962513 0.752215850052
   19    1 0.188054554136 0.752218216545
   20    1 0.188055094371 0.752220377485
   21    1 0.188055629344 0.752222517378
   22    1 0.188057551253 0.752230205013
   23    1 0.188057946161 0.752231784646
   24    1 0.188058878857 0.752235515430
   25    1 0.188059463878 0.752237855511
   26    1 0.188059576744 0.752238306977
   27    1 0.188059681045 0.752238724182
   28    1 0.188059695703 0.752238782810
   29    1 0.188059603503 0.752238414013
   30    1 0.188059522626 0.752238090505
   31    1 0.188058947369 0.752235789478
   32    1 0.188058020013 0.752232080053
   33    1 0.188057637091 0.752230548364
   34    1 0.188055680510 0.752222722039
   35    1 0.188055149944 0.752220599775
   36    1 0.188054586034 0.752218344138
   37    1 0.188053975756 0.752215903025
   38    1 0.188053628750 0.752214514999
   39    1 0.188053198462 0.752212793846
   40    1 0.188052927063 0.752211708252
   41    1 0.188052590263 0.752210361052
   42    1 0.188052381077 0.752209524308
   43    1 0.188052090288 0.752208361153
   44    1 0.188051894279 0.752207577115
   45    1 0.188051636315 0.752206545260
   46    1 0.188051473941 0.752205895765
   47    1 0.188051311224 0.752205244897
   48    1 0.188051192731 0.752204770925
   49    1 0.188051684665 0.752206738658
   50    1 0.188052137068 0.752208548272
   51    1 0.188052364854 0.752209459415
   52    1 0.188054189857 0.752216759426
   53    1 0.188053990997 0.752215963990
   54    1 0.188054338791 0.752217355165

    1    2 0.188056067103 0.752224268414
    2    2 0.188056808169 0.752227232677
    3    2 0.188053351346 0.752213405384
    4    2 0.188055007388 0.752220029551
    5    2 0.188053465587 0.752213862348
    6    2 0.188052970910 0.752211883642
    7    2 0.188053477225 0.752213908899
    8    2 0.188053359846 0.752213439386
    9    2 0.188053582545 0.752214330179
   10    2 0.188053994531 0.752215978122
   11    2 0.188054159551 0.752216638203
   12    2 0.188054643361 0.752218573445
   13    2 0.188054851113 0.752219404452
   14    2 0.188055350606 0.752221402423
   15    2 0.188055613774 0.752222455097
   16    2 0.188056262888 0.752225051550
   17    2 0.188056601776 0.752226407103
   18    2 0.188057458134 0.752229832538
   19    2 0.188057961439 0.752231845756
   20    2 0.188058752457 0.752235009828
   21    2 0.188061797196 0.752247188784
   22    2 0.188060866460 0.752243465841
   23    2 0.188063180718 0.752252722873
   24    2 0.188063484626 0.752253938505
   25    2 0.188063660065 0.752254640261
   26    2 0.188064073427 0.752256293708
   27    2 0.188064100887 0.752256403549
   28    2 0.188064099031 0.752256396124
   29    2 0.188064134974 0.752256539896
   30    2 0.188063710114 0.752254840457
   31    2 0.188063575179 0.752254300714
   32    2 0.188063299358 0.752253197432
   33    2 0.188060937511 0.752243750043
   34    2 0.188061923402 0.752247693609
   35    2 0.188058786892 0.752235147567
   36    2 0.188057994132 0.752231976530
   37    2 0.188057528110 0.752230112440
   38    2 0.188056619172 0.752226476687
   39    2 0.188056278447 0.752225113787
   40    2 0.188055629375 0.752222517498
   41    2 0.188055395403 0.752221581612
   42    2 0.188054854229 0.752219416916
   43    2 0.188054646917 0.752218587668
   44    2 0.188054182601 0.752216730402
   45    2 0.188053981291 0.752215925165
   46    2 0.188053584770 0.752214339078
   47    2 0.188053382805 0.752213531221
   48    2 0.188053466014 0.752213864057
   49    2 0.188053023610 0.752212094442
   50    2 0.188053479106 0.752213916423
   51    2 0.188055020144 0.752220080577
   52    2 0.188053391735 0.752213566941
   53    2 0.188056782197 0.752227128788
   54    2 0.188056088262 0.752224353049

    1    3 0.188061181255 0.752244725019
    2    3 0.188056099505 0.752224398019
    3    3 0.188059185849 0.752236743397
    4    3 0.188056534629 0.752226138517
    5    3 0.188056992795 0.752227971180
    6    3 0.188057414866 0.752229659463
    7    3 0.188057564783 0.752230259132
    8    3 0.188058165431 0.752232661724
    9    3 0.188058660514 0.752234642056
   10    3 0.188059009369 0.752236037477
   11    3 0.188059835178 0.752239340713
   12    3 0.188060124653 0.752240498613
   13    3 0.188061050905 0.752244203620
   14    3 0.188061401153 0.752245604611
   15    3 0.188062432319 0.752249729274
   16    3 0.188062924775 0.752251699100
   17    3 0.188064311404 0.752257245615
   18    3 0.188064918492 0.752259673966
   19    3 0.188066332358 0.752265329432
   20    3 0.188071214836 0.752284859344
   21    3 0.188069619525 0.752278478099
   22    3 0.188073407543 0.752293630173
   23    3 0.188072995815 0.752291983260
   24    3 0.188073722746 0.752294890983
   25    3 0.188074013698 0.752296054791
   26    3 0.188074093179 0.752296372716
   27    3 0.188074284850 0.752297139401
   28    3 0.188074351041 0.752297404166
   29    3 0.188074116395 0.752296465580
   30    3 0.188074135690 0.752296542759
   31    3 0.188073851621 0.752295406485
   32    3 0.188073103992 0.752292415969
   33    3 0.188073609574 0.752294438295
   34    3 0.188069682293 0.752278729171
   35    3 0.188071346534 0.752285386136
   36    3 0.188066449691 0.752265798765
   37    3 0.188064962384 0.752259849537
   38    3 0.188064352723 0.752257410892
   39    3 0.188062948567 0.752251794270
   40    3 0.188062516281 0.752250065123
   41    3 0.188061414044 0.752245656174
   42    3 0.188061064115 0.752244256461
   43    3 0.188060155413 0.752240621650
   44    3 0.188059818394 0.752239273576
   45    3 0.188059022525 0.752236090100
   46    3 0.188058697287 0.752234789146
   47    3 0.188058168934 0.752232675737
   48    3 0.188057663546 0.752230654185
   49    3 0.188057456169 0.752229824676
   50    3 0.188057091841 0.752228367365
   51    3 0.188056607045 0.752226428179
   52    3 0.188059217607 0.752236870427
   53    3 0.188056212581 0.752224850325
   54    3 0.188061137056 0.752244548224

    1    4 0.188061402614 0.752245610456
    2    4 0.188065163630 0.752260654518
    3    4 0.188061715979 0.752246863916
    4    4 0.188062691698 0.752250766793
    5    4 0.188063578808 0.752254315233
    6    4 0.188064768976 0.752259075903
    7    4 0.188065631942 0.752262527770
    8    4 0.188066809396 0.752267237585
    9    4 0.188067664531 0.752270658124
   10    4 0.188069000630 0.752276002521
   11    4 0.188069659331 0.752278637326
   12    4 0.188071290696 0.752285162785
   13    4 0.188071902171 0.752287608683
   14    4 0.188073793318 0.752295173270
   15    4 0.188074562671 0.752298250683
   16    4 0.188076758415 0.752307033660
   17    4 0.188077710570 0.752310842281
   18    4 0.188080417043 0.752321668174
   19    4 0.188088466098 0.752353864390
   20    4 0.188085845078 0.752343380312
   21    4 0.188092110276 0.752368441106
   22    4 0.188091457857 0.752365831426
   23    4 0.188092620994 0.752370483977
   24    4 0.188092542704 0.752370170815
   25    4 0.188092930791 0.752371723166
   26    4 0.188093079397 0.752372317587
   27    4 0.188093213885 0.752372855540
   28    4 0.188093148920 0.752372595680
   29    4 0.188093239364 0.752372957455
   30    4 0.188093061128 0.752372244513
   31    4 0.188092699715 0.752370798859
   32    4 0.188092859353 0.752371437411
   33    4 0.188091545060 0.752366180239
   34    4 0.188092338652 0.752369354609
   35    4 0.188086076753 0.752344307012
   36    4 0.188088678484 0.752354713936
   37    4 0.188080496335 0.752321985340
   38    4 0.188077775789 0.752311103156
   39    4 0.188076928666 0.752307714666
   40    4 0.188074593230 0.752298372919
   41    4 0.188073829543 0.752295318172
   42    4 0.188071964030 0.752287856119
   43    4 0.188071272812 0.752285091250
   44    4 0.188069682019 0.752278728077
   45    4 0.188069069050 0.752276276200
   46    4 0.188067687965 0.752270751860
   47    4 0.188066980223 0.752267920894
   48    4 0.188065730027 0.752262920108
   49    4 0.188064955820 0.752259823282
   50    4 0.188063720085 0.752254880340
   51    4 0.188062868903 0.752251475613
   52    4 0.188061916919 0.752247667676
   53    4 0.188065219636 0.752260878542
   54    4 0.188061613281 0.752246453126

    1    5 0.188061377522 0.752245510086
    2    5 0.188070116738 0.752280466952
    3    5 0.188070048653 0.752280194610
    4    5 0.188072997592 0.752291990369
    5    5 0.188075290451 0.752301161805
    6    5 0.188077181464 0.752308725855
    7    5 0.188079843137 0.752319372550
    8    5 0.188081408401 0.752325633604
    9    5 0.188084082943 0.752336331772
   10    5 0.188085570885 0.752342283539
   11    5 0.188088388608 0.752353554433
   12    5 0.188089731668 0.752358926671
   13    5 0.188093023097 0.752372092387
   14    5 0.188094380850 0.752377523401
   15    5 0.188098293965 0.752393175859
   16    5 0.188099817992 0.752399271970
   17    5 0.188104818480 0.752419273920
   18    5 0.188118562654 0.752474250617
   19    5 0.188114425093 0.752457700374
   20    5 0.188124778826 0.752499115305
   21    5 0.188123738409 0.752494953637
   22    5 0.188125705969 0.752502823874
   23    5 0.188125564225 0.752502256901
   24    5 0.188126239358 0.752504957431
   25    5 0.188126209526 0.752504838104
   26    5 0.188126501932 0.752506007729
   27    5 0.188126477908 0.752505911631
   28    5 0.188126683181 0.752506732722
   29    5 0.188126550645 0.752506202579
   30    5 0.188126410172 0.752505640687
   31    5 0.188126496845 0.752505987378
   32    5 0.188125659223 0.752502636893
   33    5 0.188125937388 0.752503749550
   34    5 0.188124111693 0.752496446771
   35    5 0.188125155540 0.752500622160
   36    5 0.188114618052 0.752458472207
   37    5 0.188118929605 0.752475718420
   38    5 0.188105156203 0.752420624813
   39    5 0.188099902638 0.752399610553
   40    5 0.188098389568 0.752393558270
   41    5 0.188094502971 0.752378011883
   42    5 0.188093012728 0.752372050910
   43    5 0.188089785093 0.752359140374
   44    5 0.188088518106 0.752354072423
   45    5 0.188085625137 0.752342500549
   46    5 0.188084386732 0.752337546926
   47    5 0.188081600745 0.752326402978
   48    5 0.188080173714 0.752320694856
   49    5 0.188077449828 0.752309799313
   50    5 0.188075624571 0.752302498286
   51    5 0.188073376763 0.752293507051
   52    5 0.188070357136 0.752281428546
   53    5 0.188070491215 0.752281964860
   54    5 0.188061227797 0.752244911189

    1    6 0.188067746090 0.752270984361
    2    6 0.188056155318 0.752224621272
    3    6 0.188086726965 0.752346907860
    4    6 0.188089335955 0.752357343821
    5    6 0.188094863682 0.752379454728
    6    6 0.188099643900 0.752398575599
    7    6 0.188103090360 0.752412361442
    8    6 0.188108145286 0.752432581144
    9    6 0.188111033787 0.752444135147
   10    6 0.188116368438 0.752465473751
   11    6 0.188119193311 0.752476773242
   12    6 0.188124905188 0.752499620750
   13    6 0.188127656600 0.752510626399
   14    6 0.188134447196 0.752537788783
   15    6 0.188137251206 0.752549004823
   16    6 0.188147293630 0.752589174519
   17    6 0.188171012062 0.752684048250
   18    6 0.188164064004 0.752656256017
   19    6 0.188181761277 0.752727045106
   20    6 0.188180424656 0.752721698625
   21    6 0.188183365903 0.752733463614
   22    6 0.188182912342 0.752731649369
   23    6 0.188184337374 0.752737349497
   24    6 0.188184358845 0.752737435381
   25    6 0.188184880542 0.752739522167
   26    6 0.188184818767 0.752739275070
   27    6 0.188185072547 0.752740290189
   28    6 0.188184981182 0.752739924728
   29    6 0.188185050859 0.752740203437
   30    6 0.188185003057 0.752740012227
   31    6 0.188184377528 0.752737510110
   32    6 0.188184496119 0.752737984475
   33    6 0.188183483194 0.752733932777
   34    6 0.188183742257 0.752734969028
   35    6 0.188180690885 0.752722763540
   36    6 0.188182439478 0.752729757912
   37    6 0.188164792532 0.752659170129
   38    6 0.188171611252 0.752686445010
   39    6 0.188147542872 0.752590171488
   40    6 0.188137500028 0.752550000111
   41    6 0.188134471832 0.752537887329
   42    6 0.188127773992 0.752511095969
   43    6 0.188125154621 0.752500618485
   44    6 0.188119317538 0.752477270153
   45    6 0.188116918413 0.752467673653
   46    6 0.188111396173 0.752445584693
   47    6 0.188108737736 0.752434950942
   48    6 0.188103584235 0.752414336939
   49    6 0.188100256699 0.752401026795
   50    6 0.188095571780 0.752382287122
   51    6 0.188089933371 0.752359733483
   52    6 0.188087427525 0.752349710099
   53    6 0.188056235253 0.752224941014
   54    6 0.188068030702 0.752272122807

    1    7 0.188054558725 0.752218234899
    2    7 0.188080296600 0.752321186399
    3    7 0.188063988723 0.752255954892
    4    7 0.188118873223 0.752475492891
    5    7 0.188127031597 0.752508126388
    6    7 0.188137353127 0.752549412506
    7    7 0.188146587103 0.752586348410
    8    7 0.188152874209 0.752611496835
    9    7 0.188162477454 0.752649909817
   10    7 0.188167923628 0.752671694512
   11    7 0.188178559215 0.752714236861
   12    7 0.188184105270 0.752736421078
   13    7 0.188196278528 0.752785114112
   14    7 0.188202383691 0.752809534764
   15    7 0.188221923041 0.752887692164
   16    7 0.188264082880 0.753056331521
   17    7 0.188253543422 0.753014173689
   18    7 0.188283937805 0.753135751222
   19    7 0.188281616721 0.753126466884
   20    7 0.188286600898 0.753146403594
   21    7 0.188286047129 0.753144188516
   22    7 0.188288052952 0.753152211807
   23    7 0.188287697240 0.753150788958
   24    7 0.188289148069 0.753156592274
   25    7 0.188289259489 0.753157037957
   26    7 0.188289768298 0.753159073192
   27    7 0.188289710369 0.753158841477
   28    7 0.188289646500 0.753158585999
   29    7 0.188289607277 0.753158429109
   30    7 0.188289033803 0.753156135210
   31    7 0.188288858571 0.753155434284
   32    7 0.188288452675 0.753153810699
   33    7 0.188288276630 0.753153106521
   34    7 0.188286342396 0.753145369585
   35    7 0.188287340596 0.753149362383
   36    7 0.188282811408 0.753131245633
   37    7 0.188285048640 0.753140194561
   38    7 0.188254225335 0.753016901341
   39    7 0.188265334926 0.753061339705
   40    7 0.188222146785 0.752888587139
   41    7 0.188202658014 0.752810632057
   42    7 0.188196784984 0.752787139936
   43    7 0.188184384142 0.752737536567
   44    7 0.188179584595 0.752718338380
   45    7 0.188168624290 0.752674497161
   46    7 0.188163569508 0.752654278033
   47    7 0.188153800130 0.752615200520
   48    7 0.188147738335 0.752590953342
   49    7 0.188138679783 0.752554719132
   50    7 0.188128167970 0.752512671880
   51    7 0.188120158963 0.752480635854
   52    7 0.188064185114 0.752256740457
   53    7 0.188080884739 0.752323538956
   54    7 0.188054645721 0.752218582883

    1    8 0.188052216609 0.752208866437
    2    8 0.188059854023 0.752239416092
    3    8 0.188106553750 0.752426214998
    4    8 0.188080967635 0.752323870542
    5    8 0.188181038996 0.752724155986
    6    8 0.188200868658 0.752803474631
    7    8 0.188221577795 0.752886311179
    8    8 0.188240388783 0.752961555134
    9    8 0.188252739741 0.753010958963
   10    8 0.188272395470 0.753089581881
   11    8 0.188283585456 0.753134341823
   12    8 0.188307440833 0.753229763332
   13    8 0.188321495282 0.753285981127
   14    8 0.188359924855 0.753439699418
   15    8 0.188437960650 0.753751842598
   16    8 0.188420960768 0.753683843071
   17    8 0.188474767872 0.753899071490
   18    8 0.188472973783 0.753891895131
   19    8 0.188481039861 0.753924159442
   20    8 0.188478980240 0.753915920961
   21    8 0.188482727593 0.753930910372
   22    8 0.188482539480 0.753930157922
   23    8 0.188484263380 0.753937053518
   24    8 0.188483672009 0.753934688036
   25    8 0.188485614356 0.753942457423
   26    8 0.188485888339 0.753943553355
   27    8 0.188486005983 0.753944023932
   28    8 0.188486058882 0.753944235527
   29    8 0.188484560178 0.753938240712
   30    8 0.188484386754 0.753937547017
   31    8 0.188484550585 0.753938202339
   32    8 0.188483557065 0.753934228260
   33    8 0.188482500522 0.753930002086
   34    8 0.188483284309 0.753933137236
   35    8 0.188480864251 0.753923457006
   36    8 0.188482173802 0.753928695209
   37    8 0.188473924731 0.753895698926
   38    8 0.188477063628 0.753908254511
   39    8 0.188421865668 0.753687462671
   40    8 0.188440042085 0.753760168339
   41    8 0.188361294464 0.753445177857
   42    8 0.188322235967 0.753288943869
   43    8 0.188309491850 0.753237967401
   44    8 0.188285022431 0.753140089723
   45    8 0.188274517842 0.753098071369
   46    8 0.188254567137 0.753018268547
   47    8 0.188242642647 0.752970570590
   48    8 0.188224138562 0.752896554247
   49    8 0.188203071127 0.752812284507
   50    8 0.188183416361 0.752733665442
   51    8 0.188081371595 0.752325486381
   52    8 0.188107662273 0.752430649091
   53    8 0.188060088459 0.752240353836
   54    8 0.188052234131 0.752208936524

    1    9 0.188051989017 0.752207956069
    2    9 0.188054222684 0.752216890736
    3    9 0.188072862334 0.752291449338
    4    9 0.188158313889 0.752633255555
    5    9 0.188116190802 0.752464763208
    6    9 0.188304354167 0.753217416667
    7    9 0.188350206010 0.753400824039
    8    9 0.188396654003 0.753586616010
    9    9 0.188439143128 0.753756572512
   10    9 0.188468466881 0.753873867524
   11    9 0.188516512301 0.754066049205
   12    9 0.188550773466 0.754203093865
   13    9 0.188628573643 0.754514294572
   14    9 0.188778828073 0.755115312292
   15    9 0.188751207959 0.755004831835
   16    9 0.188850624539 0.755402498157
   17    9 0.188849069758 0.755396279030
   18    9 0.188863696574 0.755454786295
   19    9 0.188862495452 0.755449981807
   20    9 0.188868605365 0.755474421459
   21    9 0.188866206332 0.755464825328
   22    9 0.188869723398 0.755478893594
   23    9 0.188869352278 0.755477409114
   24    9 0.188871253685 0.755485014740
   25    9 0.188870057883 0.755480231532
   26    9 0.188872168584 0.755488674337
   27    9 0.188872812471 0.755491249883
   28    9 0.188870555131 0.755482220523
   29    9 0.188870622172 0.755482488686
   30    9 0.188870007225 0.755480028899
   31    9 0.188868500432 0.755474001727
   32    9 0.188868154388 0.755472617553
   33    9 0.188868563674 0.755474254694
   34    9 0.188868556088 0.755474224354
   35    9 0.188869091057 0.755476364230
   36    9 0.188863506477 0.755454025907
   37    9 0.188866181339 0.755464725355
   38    9 0.188850205394 0.755400821575
   39    9 0.188854615872 0.755418463486
   40    9 0.188754944799 0.755019779196
   41    9 0.188783566419 0.755134265678
   42    9 0.188633631258 0.754534525034
   43    9 0.188554234256 0.754216937025
   44    9 0.188521071644 0.754084286576
   45    9 0.188472389117 0.753889556469
   46    9 0.188443828685 0.753775314738
   47    9 0.188401836515 0.753607346062
   48    9 0.188354616627 0.753418466508
   49    9 0.188308889243 0.753235556973
   50    9 0.188117016974 0.752468067895
   51    9 0.188160384595 0.752641538380
   52    9 0.188073353436 0.752293413743
   53    9 0.188054337320 0.752217349278
   54    9 0.188052057112 0.752208228449

    1   10 0.188050620916 0.752202483666
    2   10 0.188055312923 0.752221251692
    3   10 0.188061317534 0.752245270135
    4   10 0.188100539872 0.752402159488
    5   10 0.188261555229 0.753046220914
    6   10 0.188192265469 0.752769061875
    7   10 0.188563144830 0.754252579321
    8   10 0.188668061351 0.754672245403
    9   10 0.188788425915 0.755153703659
   10   10 0.188897550047 0.755590200188
   11   10 0.188998919679 0.755995678715
   12   10 0.189153171837 0.756612687348
   13   10 0.189458245878 0.757832983513
   14   10 0.189415050584 0.757660202338
   15   10 0.189605689942 0.758422759769
   16   10 0.189604646372 0.758418585488
   17   10 0.189635752759 0.758543011034
   18   10 0.189633320209 0.758533280836
   19   10 0.189646146081 0.758584584323
   20   10 0.189646691996 0.758586767984
   21   10 0.189652110601 0.758608442404
   22   10 0.189647192606 0.758588770426
   23   10 0.189651444750 0.758605778999
   24   10 0.189650216228 0.758600864912
   25   10 0.189650696123 0.758602784492
   26   10 0.189648141713 0.758592566851
   27   10 0.189647389916 0.758589559662
   28   10 0.189648615455 0.758594461822
   29   10 0.189648806661 0.758595226642
   30   10 0.189646988160 0.758587952642
   31   10 0.189644613587 0.758578454347
   32   10 0.189646250819 0.758585003276
   33   10 0.189649266802 0.758597067208
   34   10 0.189648379728 0.758593518910
   35   10 0.189645753218 0.758583012870
   36   10 0.189647271157 0.758589084630
   37   10 0.189634029165 0.758536116661
   38   10 0.189639992987 0.758559971949
   39   10 0.189610913784 0.758443655135
   40   10 0.189615327772 0.758461311087
   41   10 0.189427630703 0.757710522811
   42   10 0.189472117912 0.757888471648
   43   10 0.189164988955 0.756659955821
   44   10 0.189008689208 0.756034756832
   45   10 0.188908170357 0.755632681428
   46   10 0.188799660893 0.755198643572
   47   10 0.188677316691 0.754709266765
   48   10 0.188572243034 0.754288972137
   49   10 0.188194029949 0.752776119796
   50   10 0.188265526939 0.753062107757
   51   10 0.188101538806 0.752406155225
   52   10 0.188061575610 0.752246302439
   53   10 0.188055482783 0.752221931130
   54   10 0.188050639519 0.752202558078

    1   11 0.188050583889 0.752202335555
    2   11 0.188052599917 0.752210399666
    3   11 0.188063760342 0.752255041366
    4   11 0.188078062076 0.752312248304
    5   11 0.188159282341 0.752637129364
    6   11 0.188478106184 0.753912424737
    7   11 0.188372361805 0.753489447219
    8   11 0.189159299632 0.756637198528
    9   11 0.189397903519 0.757591614077
   10   11 0.189780369139 0.759121476555
   11   11 0.190087301088 0.760349204353
   12   11 0.190777277129 0.763109108518
   13   11 0.190703193152 0.762812772609
   14   11 0.191085473522 0.764341894086
   15   11 0.191084696425 0.764338785702
   16   11 0.191154888343 0.764619553372
   17   11 0.191147284081 0.764589136323
   18   11 0.191181105697 0.764724422786
   19   11 0.191181603736 0.764726414945
   20   11 0.191196051520 0.764784206078
   21   11 0.191196086573 0.764784346292
   22   11 0.191201624817 0.764806499268
   23   11 0.191190848195 0.764763392780
   24   11 0.191192890072 0.764771560287
   25   11 0.191189052241 0.764756208966
   26   11 0.191180231707 0.764720926827
   27   11 0.191174642492 0.764698569967
   28   11 0.191182414507 0.764729658027
   29   11 0.191181539387 0.764726157548
   30   11 0.191180181474 0.764720725895
   31   11 0.191185625000 0.764742500001
   32   11 0.191188410455 0.764753641820
   33   11 0.191188595508 0.764754382032
   34   11 0.191188267332 0.764753069328
   35   11 0.191187747420 0.764750989680
   36   11 0.191177205248 0.764708820993
   37   11 0.191181912983 0.764727651933
   38   11 0.191157041183 0.764628164733
   39   11 0.191167115694 0.764668462775
   40   11 0.191107601491 0.764430405965
   41   11 0.191114069531 0.764456278126
   42   11 0.190732853577 0.762931414307
   43   11 0.190811757553 0.763247030213
   44   11 0.190114529842 0.760458119369
   45   11 0.189807641953 0.759230567810
   46   11 0.189418705801 0.757674823204
   47   11 0.189179078764 0.756716315055
   48   11 0.188376461416 0.753505845665
   49   11 0.188486088435 0.753944353740
   50   11 0.188161356660 0.752645426639
   51   11 0.188078608695 0.752314434780
   52   11 0.188064094471 0.752256377884
   53   11 0.188052700721 0.752210802884
   54   11 0.188050641700 0.752202566800

    1   12 0.188049665487 0.752198661946
    2   12 0.188053745120 0.752214980480
    3   12 0.188058573971 0.752234295883
    4   12 0.188082154628 0.752328618514
    5   12 0.188118290898 0.752473163593
    6   12 0.188288817837 0.753155271349
    7   12 0.188972593611 0.755890374442
    8   12 0.188878303895 0.755513215581
    9   12 0.190788067039 0.763152268155
   10   12 0.191287487195 0.765149948778
   11   12 0.193148702388 0.772594809552
   12   12 0.193049779436 0.772199117743
   13   12 0.193896986888 0.775587947550
   14   12 0.193860608829 0.775442435315
   15   12 0.194022693607 0.776090774428
   16   12 0.193998319603 0.775993278413
   17   12 0.194085150000 0.776340600000
   18   12 0.194080303736 0.776321214946
   19   12 0.194128483664 0.776513934656
   20   12 0.194125938379 0.776503753517
   21   12 0.194146224566 0.776584898262
   22   12 0.194144017182 0.776576068729
   23   12 0.194139940915 0.776559763659
   24   12 0.194116603754 0.776466415015
   25   12 0.194102305123 0.776409220493
   26   12 0.194089664975 0.776358659898
   27   12 0.194090012185 0.776360048739
   28   12 0.194074703606 0.776298814424
   29   12 0.194087461395 0.776349845580
   30   12 0.194102630491 0.776410521966
   31   12 0.194117234309 0.776468937236
   32   12 0.194123001408 0.776492005633
   33   12 0.194113594249 0.776454376994
   34   12 0.194116433750 0.776465734999
   35   12 0.194104139879 0.776416559516
   36   12 0.194107336611 0.776429346444
   37   12 0.194089361202 0.776357444806
   38   12 0.194094229992 0.776376919968
   39   12 0.194038413007 0.776153652027
   40   12 0.194065082843 0.776260331372
   41   12 0.193914740773 0.775658963092
   42   12 0.193967998503 0.775871994010
   43   12 0.193117788917 0.772471155667
   44   12 0.193235232958 0.772940931831
   45   12 0.191339599706 0.765358398825
   46   12 0.190837913564 0.763351654257
   47   12 0.188889503997 0.755558015986
   48   12 0.188989856842 0.755959427370
   49   12 0.188293291841 0.753173167363
   50   12 0.188119528974 0.752478115898
   51   12 0.188082817171 0.752331268684
   52   12 0.188058793113 0.752235172451
   53   12 0.188053893745 0.752215574981
   54   12 0.188049682625 0.752198730500

    1   13 0.188049992585 0.752199970339
    2   13 0.188051891341 0.752207565366
    3   13 0.188061667615 0.752246670462
    4   13 0.188072319141 0.752289276565
    5   13 0.188125323771 0.752501295083
    6   13 0.188226887291 0.752907549164
    7   13 0.188590818229 0.754363272917
    8   13 0.190290971170 0.761163884681
    9   13 0.190968811431 0.763875245722
   10   13 0.197569058117 0.790276232468
   11   13 0.197862334618 0.791449338472
   12   13 0.199984832533 0.799939330132
   13   13 0.199863975843 0.799455903371
   14   13 0.200260139917 0.801040559667
   15   13 0.200144599360 0.800578397439
   16   13 0.200341576788 0.801366307154
   17   13 0.200341841519 0.801367366076
   18   13 0.200475035748 0.801900142994
   19   13 0.200463669373 0.801854677492
   20   13 0.200536312315 0.802145249259
   21   13 0.200533767691 0.802135070763
   22   13 0.200550540585 0.802202162339
   23   13 0.200541658749 0.802166634994
   24   13 0.200478029025 0.801912116100
   25   13 0.200413405924 0.801653623696
   26   13 0.200428437202 0.801713748808
   27   13 0.200395715006 0.801582860025
   28   13 0.200373588053 0.801494352212
   29   13 0.200379417995 0.801517671981
   30   13 0.200460165538 0.801840662154
   31   13 0.200493975446 0.801975901784
   32   13 0.200489556723 0.801958226892
   33   13 0.200493197430 0.801972789718
   34   13 0.200445574544 0.801782298174
   35   13 0.200459196275 0.801836785100
   36   13 0.200449852360 0.801799409440
   37   13 0.200448506217 0.801794024869
   38   13 0.200403909089 0.801615636357
   39   13 0.200405822049 0.801623288195
   40   13 0.200244773583 0.800979094331
   41   13 0.200370970632 0.801483882528
   42   13 0.199993313457 0.799973253829
   43   13 0.200177508500 0.800710033999
   44   13 0.198026436124 0.792105744496
   45   13 0.197752245833 0.791008983333
   46   13 0.191013561729 0.764054246918
   47   13 0.190333599863 0.761334399452
   48   13 0.188600951228 0.754403804911
   49   13 0.188230039471 0.752920157884
   50   13 0.188126753945 0.752507015781
   51   13 0.188072768434 0.752291073738
   52   13 0.188061966924 0.752247867697
   53   13 0.188051984648 0.752207938591
   54   13 0.188050045269 0.752200181075

    1   14 0.188049354956 0.752197419825
    2   14 0.188053243634 0.752212974536
    3   14 0.188057879141 0.752231516562
    4   14 0.188079074125 0.752316296499
    5   14 0.188106865638 0.752427462553
    6   14 0.188240175258 0.752960701031
    7   14 0.188578353952 0.754313415809
    8   14 0.189323925098 0.757295700394
    9   14 0.195542638793 0.782170555171
   10   14 0.233419953195 1.350619812781
   11   14 0.233720680659 1.285900322638
   12   14 0.237569636989 1.353346547957
   13   14 0.236818816833 1.330107267334
   14   14 0.237848788629 1.349693154515
   15   14 0.237247460666 1.336239842666
   16   14 0.238009292874 1.349793971496
   17   14 0.238166498785 1.350027195141
   18   14 0.238719536464 1.359238145854
   19   14 0.238644017842 1.356512071369
   20   14 0.238915200544 1.361208802177
   21   14 0.238930901465 1.360759605860
   22   14 0.239064747230 1.362982988921
   23   14 0.239061364307 1.363425457230
   24   14 0.238612317970 1.356537271881
   25   14 0.238255489029 1.350969556115
   26   14 0.238462210959 1.355204843837
   27   14 0.238337587654 1.353210750616
   28   14 0.238054347147 1.348707788586
   29   14 0.238083484509 1.348737938036
   30   14 0.238631795661 1.357467182642
   31   14 0.238860044828 1.360500179310
   32   14 0.238786254848 1.358993019394
   33   14 0.238723997937 1.358535991749
   34   14 0.238458431534 1.354029726137
   35   14 0.238539901114 1.355803604457
   36   14 0.238573267612 1.356193070450
   37   14 0.238586147201 1.356616588804
   38   14 0.238452397721 1.354493590886
   39   14 0.238347806879 1.354211227517
   40   14 0.237680086614 1.342179146455
   41   14 0.238266288521 1.355061154082
   42   14 0.237345237353 1.336669349414
   43   14 0.238451977194 1.365799908777
   44   14 0.234581114574 1.296973658298
   45   14 0.234345134956 1.364172539824
   46   14 0.195692361732 0.782769446929
   47   14 0.189347787264 0.757391149055
   48   14 0.188587920038 0.754351680152
   49   14 0.188243706073 0.752974824291
   50   14 0.188107898366 0.752431593464
   51   14 0.188079683068 0.752318732270
   52   14 0.188058089395 0.752232357580
   53   14 0.188053385383 0.752213541531
   54   14 0.188049371425 0.752197485701

    1   15 0.188049992585 0.752199970339
    2   15 0.188051891341 0.752207565366
    3   15 0.188061667615 0.752246670462
    4   15 0.188072319141 0.752289276565
    5   15 0.188125323771 0.752501295083
    6   15 0.188226887291 0.752907549164
    7   15 0.188590818229 0.754363272917
    8   15 0.190290971170 0.761163884681
    9   15 0.190968811431 0.763875245722
   10   15 0.197569058117 0.790276232468
   11   15 0.197862334618 0.791449338472
   12   15 0.199984832533 0.799939330132
   13   15 0.199863975843 0.799455903371
   14   15 0.200260139917 0.801040559667
   15   15 0.200144599360 0.800578397439
   16   15 0.200341576788 0.801366307154
   17   15 0.200341841519 0.801367366076
   18   15 0.200475035748 0.801900142994
   19   15 0.200463669373 0.801854677492
   20   15 0.200536312315 0.802145249259
   21   15 0.200533767691 0.802135070763
   22   15 0.200550540585 0.802202162339
   23   15 0.200541658749 0.802166634994
   24   15 0.200478029025 0.801912116100
   25   15 0.200413405924 0.801653623696
   26   15 0.200428437202 0.801713748808
   27   15 0.200395715006 0.801582860025
   28   15 0.200373588053 0.801494352212
   29   15 0.200379417995 0.801517671981
   30   15 0.200460165538 0.801840662154
   31   15 0.200493975446 0.801975901784
   32   15 0.200489556723 0.801958226892
   33   15 0.200493197430 0.801972789718
   34   15 0.200445574544 0.801782298174
   35   15 0.200459196275 0.801836785100
   36   15 0.200449852360 0.801799409440
   37   15 0.200448506217 0.801794024869
   38   15 0.200403909089 0.801615636357
   39   15 0.200405822049 0.801623288195
   40   15 0.200244773583 0.800979094331
   41   15 0.200370970632 0.801483882528
   42   15 0.199993313457 0.799973253829
   43   15 0.200177508500 0.800710033999
   44   15 0.198026436124 0.792105744496
   45   15 0.197752245833 0.791008983333
   46   15 0.191013561729 0.764054246918
   47   15 0.190333599863 0.761334399452
   48   15 0.188600951228 0.754403804911
   49   15 0.188230039471 0.752920157884
   50   15 0.188126753945 0.752507015781
   51   15 0.188072768434 0.752291073738
   52   15 0.188061966924 0.752247867697
   53   15 0.188051984648 0.752207938591
   54   15 0.188050045269 0.752200181075

    1   16 0.188049665487 0.752198661946
    2   16 0.188053745120 0.752214980480
    3   16 0.188058573971 0.752234295883
    4   16 0.188082154628 0.752328618514
    5   16 0.188118290898 0.752473163593
    6   16 0.188288817837 0.753155271349
    7   16 0.188972593611 0.755890374442
    8   16 0.188878303895 0.755513215581
    9   16 0.190788067039 0.763152268155
   10   16 0.191287487195 0.765149948778
   11   16 0.193148702388 0.772594809552
   12   16 0.193049779436 0.772199117743
   13   16 0.193896986888 0.775587947550
   14   16 0.193860608829 0.775442435315
   15   16 0.194022693607 0.776090774428
   16   16 0.193998319603 0.775993278413
   17   16 0.194085150000 0.776340600000
   18   16 0.194080303736 0.776321214946
   19   16 0.194128483664 0.776513934656
   20   16 0.194125938379 0.776503753517
   21   16 0.194146224566 0.776584898262
   22   16 0.194144017182 0.776576068729
   23   16 0.194139940915 0.776559763659
   24   16 0.194116603754 0.776466415015
   25   16 0.194102305123 0.776409220493
   26   16 0.194089664975 0.776358659898
   27   16 0.194090012185 0.776360048739
   28   16 0.194074703606 0.776298814424
   29   16 0.194087461395 0.776349845580
   30   16 0.194102630491 0.776410521966
   31   16 0.194117234309 0.776468937236
   32   16 0.194123001408 0.776492005633
   33   16 0.194113594249 0.776454376994
   34   16 0.194116433750 0.776465734999
   35   16 0.194104139879 0.776416559516
   36   16 0.194107336611 0.776429346444
   37   16 0.194089361202 0.776357444806
   38   16 0.194094229992 0.776376919968
   39   16 0.194038413007 0.776153652027
   40   16 0.194065082843 0.776260331372
   41   16 0.193914740773 0.775658963092
   42   16 0.193967998503 0.775871994010
   43   16 0.193117788917 0.772471155667
   44   16 0.193235232958 0.772940931831
   45   16 0.191339599706 0.765358398825
   46   16 0.190837913564 0.763351654257
   47   16 0.188889503997 0.755558015986
   48   16 0.188989856842 0.755959427370
   49   16 0.188293291841 0.753173167363
   50   16 0.188119528974 0.752478115898
   51   16 0.188082817171 0.752331268684
   52   16 0.188058793113 0.752235172451
   53   16 0.188053893745 0.752215574981
   54   16 0.188049682625 0.752198730500

    1   17 0.188050583889 0.752202335555
    2   17 0.188052599917 0.752210399666
    3   17 0.188063760342 0.752255041366
    4   17 0.188078062076 0.752312248304
    5   17 0.188159282341 0.752637129364
    6   17 0.188478106184 0.753912424737
    7   17 0.188372361805 0.753489447219
    8   17 0.189159299632 0.756637198528
    9   17 0.189397903519 0.757591614077
   10   17 0.189780369139 0.759121476555
   11   17 0.190087301088 0.760349204353
   12   17 0.190777277129 0.763109108518
   13   17 0.190703193152 0.762812772609
   14   17 0.191085473522 0.764341894086
   15   17 0.191084696425 0.764338785702
   16   17 0.191154888343 0.764619553372
   17   17 0.191147284081 0.764589136323
   18   17 0.191181105697 0.764724422786
   19   17 0.191181603736 0.764726414945
   20   17 0.191196051520 0.764784206078
   21   17 0.191196086573 0.764784346292
   22   17 0.191201624817 0.764806499268
   23   17 0.191190848195 0.764763392780
   24   17 0.191192890072 0.764771560287
   25   17 0.191189052241 0.764756208966
   26   17 0.191180231707 0.764720926827
   27   17 0.191174642492 0.764698569967
   28   17 0.191182414507 0.764729658027
   29   17 0.191181539387 0.764726157548
   30   17 0.191180181474 0.764720725895
   31   17 0.191185625000 0.764742500001
   32   17 0.191188410455 0.764753641820
   33   17 0.191188595508 0.764754382032
   34   17 0.191188267332 0.764753069328
   35   17 0.191187747420 0.764750989680
   36   17 0.191177205248 0.764708820993
   37   17 0.191181912983 0.764727651933
   38   17 0.191157041183 0.764628164733
   39   17 0.191167115694 0.764668462775
   40   17 0.191107601491 0.764430405965
   41   17 0.191114069531 0.764456278126
   42   17 0.190732853577 0.762931414307
   43   17 0.190811757553 0.763247030213
   44   17 0.190114529842 0.760458119369
   45   17 0.189807641953 0.759230567810
   46   17 0.189418705801 0.757674823204
   47   17 0.189179078764 0.756716315055
   48   17 0.188376461416 0.753505845665
   49   17 0.188486088435 0.753944353740
   50   17 0.188161356660 0.752645426639
   51   17 0.188078608695 0.752314434780
   52   17 0.188064094471 0.752256377884
   53   17 0.188052700721 0.752210802884
   54   17 0.188050641700 0.752202566800

    1   18 0.188050620916 0.752202483666
    2   18 0.188055312923 0.752221251692
    3   18 0.188061317534 0.752245270135
    4   18 0.188100539872 0.752402159488
    5   18 0.188261555229 0.753046220914
    6   18 0.188192265469 0.752769061875
    7   18 0.188563144830 0.754252579321
    8   18 0.188668061351 0.754672245403
    9   18 0.188788425915 0.755153703659
   10   18 0.188897550047 0.755590200188
   11   18 0.188998919679 0.755995678715
   12   18 0.189153171837 0.756612687348
   13   18 0.189458245878 0.757832983513
   14   18 0.189415050584 0.757660202338
   15   18 0.189605689942 0.758422759769
   16   18 0.189604646372 0.758418585488
   17   18 0.189635752759 0.758543011034
   18   18 0.189633320209 0.758533280836
   19   18 0.189646146081 0.758584584323
   20   18 0.189646691996 0.758586767984
   21   18 0.189652110601 0.758608442404
   22   18 0.189647192606 0.758588770426
   23   18 0.189651444750 0.758605778999
   24   18 0.189650216228 0.758600864912
   25   18 0.189650696123 0.758602784492
   26   18 0.189648141713 0.758592566851
   27   18 0.189647389916 0.758589559662
   28   18 0.189648615455 0.758594461822
   29   18 0.189648806661 0.758595226642
   30   18 0.189646988160 0.758587952642
   31   18 0.189644613587 0.758578454347
   32   18 0.189646250819 0.758585003276
   33   18 0.189649266802 0.758597067208
   34   18 0.189648379728 0.758593518910
   35   18 0.189645753218 0.758583012870
   36   18 0.189647271157 0.758589084630
   37   18 0.189634029165 0.758536116661
   38   18 0.189639992987 0.758559971949
   39   18 0.189610913784 0.758443655135
   40   18 0.189615327772 0.758461311087
   41   18 0.189427630703 0.757710522811
   42   18 0.189472117912 0.757888471648
   43   18 0.189164988955 0.756659955821
   44   18 0.189008689208 0.756034756832
   45   18 0.188908170357 0.755632681428
   46   18 0.188799660893 0.755198643572
   47   18 0.188677316691 0.754709266765
   48   18 0.188572243034 0.754288972137
   49   18 0.188194029949 0.752776119796
   50   18 0.188265526939 0.753062107757
   51   18 0.188101538806 0.752406155225
   52   18 0.188061575610 0.752246302439
   53   18 0.188055482783 0.752221931130
   54   18 0.188050639519 0.752202558078

    1   19 0.188051989017 0.752207956069
    2   19 0.188054222684 0.752216890736
    3   19 0.188072862334 0.752291449338
    4   19 0.188158313889 0.752633255555
    5   19 0.188116190802 0.752464763208
    6   19 0.188304354167 0.753217416667
    7   19 0.188350206010 0.753400824039
    8   19 0.188396654003 0.753586616010
    9   19 0.188439143128 0.753756572512
   10   19 0.188468466881 0.753873867524
   11   19 0.188516512301 0.754066049205
   12   19 0.188550773466 0.754203093865
   13   19 0.188628573643 0.754514294572
   14   19 0.188778828073 0.755115312292
   15   19 0.188751207959 0.755004831835
   16   19 0.188850624539 0.755402498157
   17   19 0.188849069758 0.755396279030
   18   19 0.188863696574 0.755454786295
   19   19 0.188862495452 0.755449981807
   20   19 0.188868605365 0.755474421459
   21   19 0.188866206332 0.755464825328
   22   19 0.188869723398 0.755478893593
   23   19 0.188869352278 0.755477409114
   24   19 0.188871253685 0.755485014740
   25   19 0.188870057883 0.755480231532
   26   19 0.188872168584 0.755488674337
   27   19 0.188872812471 0.755491249883
   28   19 0.188870555131 0.755482220523
   29   19 0.188870622172 0.755482488686
   30   19 0.188870007225 0.755480028899
   31   19 0.188868500432 0.755474001727
   32   19 0.188868154388 0.755472617553
   33   19 0.188868563674 0.755474254694
   34   19 0.188868556088 0.755474224354
   35   19 0.188869091057 0.755476364230
   36   19 0.188863506477 0.755454025907
   37   19 0.188866181339 0.755464725355
   38   19 0.188850205394 0.755400821575
   39   19 0.188854615872 0.755418463486
   40   19 0.188754944799 0.755019779196
   41   19 0.188783566419 0.755134265678
   42   19 0.188633631258 0.754534525034
   43   19 0.188554234256 0.754216937025
   44   19 0.188521071644 0.754084286576
   45   19 0.188472389117 0.753889556469
   46   19 0.188443828685 0.753775314738
   47   19 0.188401836515 0.753607346062
   48   19 0.188354616627 0.753418466508
   49   19 0.188308889243 0.753235556973
   50   19 0.188117016974 0.752468067895
   51   19 0.188160384595 0.752641538380
   52   19 0.188073353436 0.752293413743
   53   19 0.188054337320 0.752217349278
   54   19 0.188052057112 0.752208228449

    1   20 0.188052216609 0.752208866437
    2   20 0.188059854023 0.752239416092
    3   20 0.188106553750 0.752426214998
    4   20 0.188080967635 0.752323870542
    5   20 0.188181038996 0.752724155986
    6   20 0.188200868658 0.752803474631
    7   20 0.188221577795 0.752886311179
    8   20 0.188240388783 0.752961555134
    9   20 0.188252739741 0.753010958963
   10   20 0.188272395470 0.753089581881
   11   20 0.188283585456 0.753134341823
   12   20 0.188307440833 0.753229763332
   13   20 0.188321495282 0.753285981127
   14   20 0.188359924855 0.753439699418
   15   20 0.188437960650 0.753751842598
   16   20 0.188420960768 0.753683843071
   17   20 0.188474767872 0.753899071490
   18   20 0.188472973783 0.753891895131
   19   20 0.188481039861 0.753924159442
   20   20 0.188478980240 0.753915920961
   21   20 0.188482727593 0.753930910372
   22   20 0.188482539480 0.753930157922
   23   20 0.188484263380 0.753937053518
   24   20 0.188483672009 0.753934688036
   25   20 0.188485614356 0.753942457423
   26   20 0.188485888339 0.753943553355
   27   20 0.188486005983 0.753944023932
   28   20 0.188486058882 0.753944235527
   29   20 0.188484560178 0.753938240712
   30   20 0.188484386754 0.753937547017
   31   20 0.188484550585 0.753938202339
   32   20 0.188483557065 0.753934228260
   33   20 0.188482500522 0.753930002086
   34   20 0.188483284309 0.753933137237
   35   20 0.188480864251 0.753923457006
   36   20 0.188482173802 0.753928695209
   37   20 0.188473924731 0.753895698926
   38   20 0.188477063628 0.753908254511
   39   20 0.188421865668 0.753687462671
   40   20 0.188440042085 0.753760168339
   41   20 0.188361294464 0.753445177857
   42   20 0.188322235967 0.753288943869
   43   20 0.188309491850 0.753237967401
   44   20 0.188285022431 0.753140089723
   45   20 0.188274517842 0.753098071369
   46   20 0.188254567137 0.753018268547
   47   20 0.188242642647 0.752970570590
   48   20 0.188224138562 0.752896554247
   49   20 0.188203071127 0.752812284507
   50   20 0.188183416361 0.752733665442
   51   20 0.188081371595 0.752325486381
   52   20 0.188107662273 0.752430649091
   53   20 0.188060088459 0.752240353836
   54   20 0.188052234131 0.752208936524

    1   21 0.188054558725 0.752218234899
    2   21 0.188080296600 0.752321186399
    3   21 0.188063988723 0.752255954892
    4   21 0.188118873223 0.752475492891
    5   21 0.188127031597 0.752508126388
    6   21 0.188137353127 0.752549412506
    7   21 0.188146587103 0.752586348410
    8   21 0.188152874209 0.752611496835
    9   21 0.188162477454 0.752649909817
   10   21 0.188167923628 0.752671694512
   11   21 0.188178559215 0.752714236861
   12   21 0.188184105270 0.752736421078
   13   21 0.188196278528 0.752785114112
   14   21 0.188202383691 0.752809534764
   15   21 0.188221923041 0.752887692164
   16   21 0.188264082880 0.753056331521
   17   21 0.188253543422 0.753014173689
   18   21 0.188283937805 0.753135751222
   19   21 0.188281616721 0.753126466884
   20   21 0.188286600898 0.753146403594
   21   21 0.188286047129 0.753144188516
   22   21 0.188288052952 0.753152211807
   23   21 0.188287697240 0.753150788958
   24   21 0.188289148069 0.753156592274
   25   21 0.188289259489 0.753157037957
   26   21 0.188289768298 0.753159073192
   27   21 0.188289710369 0.753158841477
   28   21 0.188289646500 0.753158585999
   29   21 0.188289607277 0.753158429109
   30   21 0.188289033803 0.753156135210
   31   21 0.188288858571 0.753155434284
   32   21 0.188288452675 0.753153810699
   33   21 0.188288276630 0.753153106521
   34   21 0.188286342396 0.753145369585
   35   21 0.188287340596 0.753149362383
   36   21 0.188282811408 0.753131245633
   37   21 0.188285048640 0.753140194561
   38   21 0.188254225335 0.753016901341
   39   21 0.188265334926 0.753061339705
   40   21 0.188222146785 0.752888587139
   41   21 0.188202658014 0.752810632057
   42   21 0.188196784984 0.752787139936
   43   21 0.188184384142 0.752737536567
   44   21 0.188179584595 0.752718338380
   45   21 0.188168624290 0.752674497161
   46   21 0.188163569508 0.752654278033
   47   21 0.188153800130 0.752615200520
   48   21 0.188147738335 0.752590953342
   49   21 0.188138679783 0.752554719132
   50   21 0.188128167970 0.752512671880
   51   21 0.188120158963 0.752480635854
   52   21 0.188064185114 0.752256740457
   53   21 0.188080884739 0.752323538956
   54   21 0.188054645721 0.752218582883

    1   22 0.188067746090 0.752270984361
    2   22 0.188056155318 0.752224621272
    3   22 0.188086726965 0.752346907860
    4   22 0.188089335955 0.752357343821
    5   22 0.188094863682 0.752379454728
    6   22 0.188099643900 0.752398575599
    7   22 0.188103090360 0.752412361442
    8   22 0.188108145286 0.752432581144
    9   22 0.188111033787 0.752444135147
   10   22 0.188116368438 0.752465473751
   11   22 0.188119193311 0.752476773242
   12   22 0.188124905188 0.752499620750
   13   22 0.188127656600 0.752510626399
   14   22 0.188134447196 0.752537788783
   15   22 0.188137251206 0.752549004823
   16   22 0.188147293630 0.752589174519
   17   22 0.188171012062 0.752684048250
   18   22 0.188164064004 0.752656256017
   19   22 0.188181761277 0.752727045106
   20   22 0.188180424656 0.752721698625
   21   22 0.188183365903 0.752733463614
   22   22 0.188182912342 0.752731649369
   23   22 0.188184337374 0.752737349497
   24   22 0.188184358845 0.752737435381
   25   22 0.188184880542 0.752739522167
   26   22 0.188184818767 0.752739275070
   27   22 0.188185072547 0.752740290189
   28   22 0.188184981182 0.752739924728
   29   22 0.188185050859 0.752740203437
   30   22 0.188185003057 0.752740012227
   31   22 0.188184377528 0.752737510110
   32   22 0.188184496119 0.752737984475
   33   22 0.188183483194 0.752733932777
   34   22 0.188183742257 0.752734969028
   35   22 0.188180690885 0.752722763540
   36   22 0.188182439478 0.752729757912
   37   22 0.188164792532 0.752659170129
   38   22 0.188171611252 0.752686445010
   39   22 0.188147542872 0.752590171488
   40   22 0.188137500028 0.752550000111
   41   22 0.188134471832 0.752537887329
   42   22 0.188127773992 0.752511095969
   43   22 0.188125154621 0.752500618485
   44   22 0.188119317538 0.752477270153
   45   22 0.188116918413 0.752467673653
   46   22 0.188111396173 0.752445584693
   47   22 0.188108737736 0.752434950942
   48   22 0.188103584235 0.752414336939
   49   22 0.188100256699 0.752401026795
   50   22 0.188095571780 0.752382287122
   51   22 0.188089933371 0.752359733483
   52   22 0.188087427525 0.752349710099
   53   22 0.188056235253 0.752224941014
   54   22 0.188068030702 0.752272122807

    1   23 0.188061377522 0.752245510086
    2   23 0.188070116738 0.752280466952
    3   23 0.188070048653 0.752280194610
    4   23 0.188072997592 0.752291990369
    5   23 0.188075290451 0.752301161805
    6   23 0.188077181464 0.752308725855
    7   23 0.188079843137 0.752319372550
    8   23 0.188081408401 0.752325633604
    9   23 0.188084082943 0.752336331772
   10   23 0.188085570885 0.752342283539
   11   23 0.188088388608 0.752353554433
   12   23 0.188089731668 0.752358926671
   13   23 0.188093023097 0.752372092387
   14   23 0.188094380850 0.752377523401
   15   23 0.188098293965 0.752393175859
   16   23 0.188099817992 0.752399271970
   17   23 0.188104818480 0.752419273920
   18   23 0.188118562654 0.752474250617
   19   23 0.188114425093 0.752457700374
   20   23 0.188124778826 0.752499115305
   21   23 0.188123738409 0.752494953637
   22   23 0.188125705969 0.752502823874
   23   23 0.188125564225 0.752502256901
   24   23 0.188126239358 0.752504957431
   25   23 0.188126209526 0.752504838104
   26   23 0.188126501932 0.752506007729
   27   23 0.188126477908 0.752505911631
   28   23 0.188126683181 0.752506732722
   29   23 0.188126550645 0.752506202579
   30   23 0.188126410172 0.752505640687
   31   23 0.188126496845 0.752505987378
   32   23 0.188125659223 0.752502636893
   33   23 0.188125937388 0.752503749550
   34   23 0.188124111693 0.752496446771
   35   23 0.188125155540 0.752500622160
   36   23 0.188114618052 0.752458472207
   37   23 0.188118929605 0.752475718420
   38   23 0.188105156203 0.752420624813
   39   23 0.188099902638 0.752399610553
   40   23 0.188098389568 0.752393558270
   41   23 0.188094502971 0.752378011883
   42   23 0.188093012728 0.752372050910
   43   23 0.188089785093 0.752359140374
   44   23 0.188088518106 0.752354072423
   45   23 0.188085625137 0.752342500549
   46   23 0.188084386732 0.752337546926
   47   23 0.188081600745 0.752326402978
   48   23 0.188080173714 0.752320694856
   49   23 0.188077449828 0.752309799313
   50   23 0.188075624571 0.752302498286
   51   23 0.188073376763 0.752293507051
   52   23 0.188070357136 0.752281428546
   53   23 0.188070491215 0.752281964860
   54   23 0.188061227797 0.752244911189

    1   24 0.188061402614 0.752245610456
    2   24 0.188065163630 0.752260654518
    3   24 0.188061715979 0.752246863916
    4   24 0.188062691698 0.752250766793
    5   24 0.188063578808 0.752254315233
    6   24 0.188064768976 0.752259075903
    7   24 0.188065631942 0.752262527770
    8   24 0.188066809396 0.752267237585
    9   24 0.188067664531 0.752270658124
   10   24 0.188069000630 0.752276002521
   11   24 0.188069659331 0.752278637326
   12   24 0.188071290696 0.752285162785
   13   24 0.188071902171 0.752287608683
   14   24 0.188073793318 0.752295173270
   15   24 0.188074562671 0.752298250683
   16   24 0.188076758415 0.752307033660
   17   24 0.188077710570 0.752310842281
   18   24 0.188080417043 0.752321668174
   19   24 0.188088466098 0.752353864390
   20   24 0.188085845078 0.752343380312
   21   24 0.188092110276 0.752368441106
   22   24 0.188091457857 0.752365831426
   23   24 0.188092620994 0.752370483977
   24   24 0.188092542704 0.752370170815
   25   24 0.188092930791 0.752371723166
   26   24 0.188093079397 0.752372317587
   27   24 0.188093213885 0.752372855540
   28   24 0.188093148920 0.752372595680
   29   24 0.188093239364 0.752372957455
   30   24 0.188093061128 0.752372244513
   31   24 0.188092699715 0.752370798859
   32   24 0.188092859353 0.752371437411
   33   24 0.188091545060 0.752366180239
   34   24 0.188092338652 0.752369354609
   35   24 0.188086076753 0.752344307012
   36   24 0.188088678484 0.752354713936
   37   24 0.188080496335 0.752321985340
   38   24 0.188077775789 0.752311103156
   39   24 0.188076928666 0.752307714666
   40   24 0.188074593230 0.752298372919
   41   24 0.188073829543 0.752295318172
   42   24 0.188071964030 0.752287856119
   43   24 0.188071272812 0.752285091250
   44   24 0.188069682019 0.752278728077
   45   24 0.188069069050 0.752276276200
   46   24 0.188067687965 0.752270751860
   47   24 0.188066980223 0.752267920894
   48   24 0.188065730027 0.752262920108
   49   24 0.188064955820 0.752259823282
   50   24 0.188063720085 0.752254880340
   51   24 0.188062868903 0.752251475613
   52   24 0.188061916919 0.752247667676
   53   24 0.188065219636 0.752260878542
   54   24 0.188061613281 0.752246453126

    1   25 0.188061181255 0.752244725019
    2   25 0.188056099505 0.752224398019
    3   25 0.188059185849 0.752236743397
    4   25 0.188056534629 0.752226138517
    5   25 0.188056992795 0.752227971180
    6   25 0.188057414866 0.752229659463
    7   25 0.188057564783 0.752230259132
    8   25 0.188058165431 0.752232661724
    9   25 0.188058660514 0.752234642056
   10   25 0.188059009369 0.752236037477
   11   25 0.188059835178 0.752239340713
   12   25 0.188060124653 0.752240498613
   13   25 0.188061050905 0.752244203620
   14   25 0.188061401153 0.752245604611
   15   25 0.188062432319 0.752249729274
   16   25 0.188062924775 0.752251699100
   17   25 0.188064311404 0.752257245615
   18   25 0.188064918492 0.752259673966
   19   25 0.188066332358 0.752265329432
   20   25 0.188071214836 0.752284859344
   21   25 0.188069619525 0.752278478099
   22   25 0.188073407543 0.752293630173
   23   25 0.188072995815 0.752291983260
   24   25 0.188073722746 0.752294890983
   25   25 0.188074013698 0.752296054791
   26   25 0.188074093179 0.752296372716
   27   25 0.188074284850 0.752297139401
   28   25 0.188074351041 0.752297404166
   29   25 0.188074116395 0.752296465580
   30   25 0.188074135690 0.752296542759
   31   25 0.188073851621 0.752295406485
   32   25 0.188073103992 0.752292415969
   33   25 0.188073609574 0.752294438295
   34   25 0.188069682293 0.752278729171
   35   25 0.188071346534 0.752285386136
   36   25 0.188066449691 0.752265798765
   37   25 0.188064962384 0.752259849537
   38   25 0.188064352723 0.752257410892
   39   25 0.188062948567 0.752251794270
   40   25 0.188062516281 0.752250065123
   41   25 0.188061414044 0.752245656174
   42   25 0.188061064115 0.752244256461
   43   25 0.188060155413 0.752240621650
   44   25 0.188059818394 0.752239273576
   45   25 0.188059022525 0.752236090100
   46   25 0.188058697287 0.752234789146
   47   25 0.188058168934 0.752232675737
   48   25 0.188057663546 0.752230654185
   49   25 0.188057456169 0.752229824676
   50   25 0.188057091841 0.752228367365
   51   25 0.188056607045 0.752226428179
   52   25 0.188059217607 0.752236870427
   53   25 0.188056212581 0.752224850325
   54   25 0.188061137056 0.752244548224

    1   26 0.188056067103 0.752224268414
    2   26 0.188056808169 0.752227232677
    3   26 0.188053351346 0.752213405384
    4   26 0.188055007388 0.752220029551
    5   26 0.188053465587 0.752213862348
    6   26 0.188052970910 0.752211883642
    7   26 0.188053477225 0.752213908899
    8   26 0.188053359846 0.752213439386
    9   26 0.188053582545 0.752214330179
   10   26 0.188053994531 0.752215978122
   11   26 0.188054159551 0.752216638203
   12   26 0.188054643361 0.752218573445
   13   26 0.188054851113 0.752219404452
   14   26 0.188055350606 0.752221402423
   15   26 0.188055613774 0.752222455097
   16   26 0.188056262888 0.752225051550
   17   26 0.188056601776 0.752226407103
   18   26 0.188057458134 0.752229832538
   19   26 0.188057961439 0.752231845756
   20   26 0.188058752457 0.752235009828
   21   26 0.188061797196 0.752247188784
   22   26 0.188060866460 0.752243465841
   23   26 0.188063180718 0.752252722873
   24   26 0.188063484626 0.752253938505
   25   26 0.188063660065 0.752254640261
   26   26 0.188064073427 0.752256293708
   27   26 0.188064100887 0.752256403549
   28   26 0.188064099031 0.752256396124
   29   26 0.188064134974 0.752256539896
   30   26 0.188063710114 0.752254840457
   31   26 0.188063575179 0.752254300714
   32   26 0.188063299358 0.752253197432
   33   26 0.188060937511 0.752243750043
   34   26 0.188061923402 0.752247693609
   35   26 0.188058786892 0.752235147567
   36   26 0.188057994132 0.752231976530
   37   26 0.188057528110 0.752230112440
   38   26 0.188056619172 0.752226476687
   39   26 0.188056278447 0.752225113787
   40   26 0.188055629375 0.752222517498
   41   26 0.188055395403 0.752221581612
   42   26 0.188054854229 0.752219416916
   43   26 0.188054646917 0.752218587668
   44   26 0.188054182601 0.752216730402
   45   26 0.188053981291 0.752215925165
   46   26 0.188053584770 0.752214339078
   47   26 0.188053382805 0.752213531221
   48   26 0.188053466014 0.752213864057
   49   26 0.188053023610 0.752212094442
   50   26 0.188053479106 0.752213916423
   51   26 0.188055020144 0.752220080577
   52   26 0.188053391735 0.752213566941
   53   26 0.188056782197 0.752227128788
   54   26 0.188056088262 0.752224353049

    1   27 0.188054349189 0.752217396755
    2   27 0.188053995359 0.752215981436
    3   27 0.188054208533 0.752216834132
    4   27 0.188052360472 0.752209441886
    5   27 0.188052130429 0.752208521716
    6   27 0.188051694166 0.752206776665
    7   27 0.188051183567 0.752204734269
    8   27 0.188051317900 0.752205271601
    9   27 0.188051478338 0.752205913350
   10   27 0.188051628239 0.752206512954
   11   27 0.188051894449 0.752207577795
   12   27 0.188052077694 0.752208310778
   13   27 0.188052357259 0.752209429034
   14   27 0.188052585003 0.752210340011
   15   27 0.188052917766 0.752211671063
   16   27 0.188053176683 0.752212706733
   17   27 0.188053596023 0.752214384091
   18   27 0.188053962513 0.752215850052
   19   27 0.188054554136 0.752218216545
   20   27 0.188055094371 0.752220377485
   21   27 0.188055629344 0.752222517378
   22   27 0.188057551253 0.752230205013
   23   27 0.188057946161 0.752231784646
   24   27 0.188058878857 0.752235515430
   25   27 0.188059463878 0.752237855511
   26   27 0.188059576744 0.752238306977
   27   27 0.188059681045 0.752238724182
   28   27 0.188059695703 0.752238782810
   29   27 0.188059603503 0.752238414013
   30   27 0.188059522626 0.752238090505
   31   27 0.188058947369 0.752235789478
   32   27 0.188058020013 0.752232080053
   33   27 0.188057637091 0.752230548364
   34   27 0.188055680510 0.752222722039
   35   27 0.188055149944 0.752220599775
   36   27 0.188054586034 0.752218344138
   37   27 0.188053975756 0.752215903025
   38   27 0.188053628750 0.752214514999
   39   27 0.188053198462 0.752212793846
   40   27 0.188052927063 0.752211708252
   41   27 0.188052590263 0.752210361052
   42   27 0.188052381077 0.752209524308
   43   27 0.188052090288 0.752208361153
   44   27 0.188051894279 0.752207577115
   45   27 0.188051636315 0.752206545260
   46   27 0.188051473941 0.752205895765
   47   27 0.188051311224 0.752205244897
   48   27 0.188051192731 0.752204770925
   49   27 0.188051684665 0.752206738658
   50   27 0.188052137068 0.752208548272
   51   27 0.188052364854 0.752209459415
   52   27 0.188054189857 0.752216759426
   53   27 0.188053990997 0.752215963990
   54   27 0.188054338791 0.752217355165

