# 2D BCS superconductor
# Lx=54, Ly=27, t=2, V/t=2, 
# Spatial profile of BCS pairing field initialized with random DeltaBCS - 2nd iteration
# x, y, BCS pairing field, V*BCS pairing field
    1    1 0.188058035812 0.752232143246
    2    1 0.188057571128 0.752230284511
    3    1 0.188058129356 0.752232517422
    4    1 0.188055085388 0.752220341553
    5    1 0.188055115380 0.752220461521
    6    1 0.188054864341 0.752219457365
    7    1 0.188053563571 0.752214254285
    8    1 0.188054365481 0.752217461924
    9    1 0.188054230043 0.752216920172
   10    1 0.188054375450 0.752217501800
   11    1 0.188054865150 0.752219460601
   12    1 0.188054761477 0.752219045909
   13    1 0.188054520735 0.752218082941
   14    1 0.188055160588 0.752220642353
   15    1 0.188055377149 0.752221508598
   16    1 0.188055599951 0.752222399805
   17    1 0.188056118013 0.752224472051
   18    1 0.188057288128 0.752229152512
   19    1 0.188058052275 0.752232209099
   20    1 0.188058493301 0.752233973202
   21    1 0.188059554786 0.752238219145
   22    1 0.188061650599 0.752246602398
   23    1 0.188062766654 0.752251066616
   24    1 0.188063214908 0.752252859631
   25    1 0.188063839832 0.752255359326
   26    1 0.188063863028 0.752255452113
   27    1 0.188063348791 0.752253395163
   28    1 0.188063720988 0.752254883951
   29    1 0.188064200614 0.752256802456
   30    1 0.188064870630 0.752259482519
   31    1 0.188064428371 0.752257713485
   32    1 0.188064002700 0.752256010799
   33    1 0.188063224792 0.752252899169
   34    1 0.188060281568 0.752241126274
   35    1 0.188059739193 0.752238956771
   36    1 0.188058551883 0.752234207531
   37    1 0.188057080247 0.752228320987
   38    1 0.188057054130 0.752228216519
   39    1 0.188056017502 0.752224070008
   40    1 0.188055417718 0.752221670871
   41    1 0.188054978874 0.752219915496
   42    1 0.188055234387 0.752220937549
   43    1 0.188054967377 0.752219869507
   44    1 0.188054600667 0.752218402666
   45    1 0.188054734462 0.752218937847
   46    1 0.188053978282 0.752215913128
   47    1 0.188054064018 0.752216256071
   48    1 0.188053954374 0.752215817495
   49    1 0.188054433690 0.752217734760
   50    1 0.188055559400 0.752222237599
   51    1 0.188055209178 0.752220836714
   52    1 0.188057991325 0.752231965299
   53    1 0.188057770015 0.752231080060
   54    1 0.188057478614 0.752229914457

    1    2 0.188060336482 0.752241345928
    2    2 0.188062141189 0.752248564755
    3    2 0.188055812840 0.752223251360
    4    2 0.188058966909 0.752235867636
    5    2 0.188056373000 0.752225492002
    6    2 0.188055194317 0.752220777267
    7    2 0.188057618670 0.752230474682
    8    2 0.188055899737 0.752223598949
    9    2 0.188057506562 0.752230026246
   10    2 0.188057653134 0.752230612537
   11    2 0.188057444997 0.752229779989
   12    2 0.188058328414 0.752233313658
   13    2 0.188058828628 0.752235314513
   14    2 0.188057944341 0.752231777364
   15    2 0.188059028337 0.752236113346
   16    2 0.188059664003 0.752238656012
   17    2 0.188060315180 0.752241260721
   18    2 0.188060688641 0.752242754563
   19    2 0.188062400079 0.752249600314
   20    2 0.188063885130 0.752255540521
   21    2 0.188066926104 0.752267704417
   22    2 0.188067225467 0.752268901869
   23    2 0.188067639691 0.752270558764
   24    2 0.188069747470 0.752278989882
   25    2 0.188069080499 0.752276321997
   26    2 0.188068600150 0.752274400599
   27    2 0.188069829762 0.752279319047
   28    2 0.188069275144 0.752277100576
   29    2 0.188070207591 0.752280830364
   30    2 0.188069776106 0.752279104423
   31    2 0.188071147751 0.752284591003
   32    2 0.188070265041 0.752281060163
   33    2 0.188067967604 0.752271870417
   34    2 0.188069685737 0.752278742948
   35    2 0.188063978312 0.752255913247
   36    2 0.188062452663 0.752249810652
   37    2 0.188062962636 0.752251850543
   38    2 0.188060061252 0.752240245009
   39    2 0.188059855644 0.752239422575
   40    2 0.188058980145 0.752235920578
   41    2 0.188059460567 0.752237842268
   42    2 0.188058389198 0.752233556793
   43    2 0.188058141976 0.752232567906
   44    2 0.188058459252 0.752233837009
   45    2 0.188056743359 0.752226973437
   46    2 0.188057540965 0.752230163861
   47    2 0.188056734890 0.752226939560
   48    2 0.188056595058 0.752226380233
   49    2 0.188056969476 0.752227877905
   50    2 0.188056230934 0.752224923738
   51    2 0.188059613540 0.752238454160
   52    2 0.188056702949 0.752226811797
   53    2 0.188061294806 0.752245179226
   54    2 0.188061835852 0.752247343408

    1    3 0.188070825238 0.752283300954
    2    3 0.188058879078 0.752235516310
    3    3 0.188065165731 0.752260662923
    4    3 0.188059686695 0.752238746781
    5    3 0.188059771778 0.752239087111
    6    3 0.188061174299 0.752244697196
    7    3 0.188060326498 0.752241305992
    8    3 0.188064028913 0.752256115652
    9    3 0.188062480334 0.752249921335
   10    3 0.188064855587 0.752259422349
   11    3 0.188065330790 0.752261323159
   12    3 0.188065442951 0.752261771804
   13    3 0.188066804170 0.752267216678
   14    3 0.188067778810 0.752271115241
   15    3 0.188066563378 0.752266253514
   16    3 0.188068650832 0.752274603327
   17    3 0.188069830106 0.752279320423
   18    3 0.188070841501 0.752283366004
   19    3 0.188071598764 0.752286395055
   20    3 0.188079870804 0.752319483214
   21    3 0.188079241066 0.752316964265
   22    3 0.188079856446 0.752319425785
   23    3 0.188083240335 0.752332961339
   24    3 0.188079999833 0.752319999333
   25    3 0.188081558105 0.752326232420
   26    3 0.188082721082 0.752330884330
   27    3 0.188081694416 0.752326777663
   28    3 0.188084478191 0.752337912763
   29    3 0.188082036580 0.752328146319
   30    3 0.188084351800 0.752337407198
   31    3 0.188083146348 0.752332585394
   32    3 0.188083663523 0.752334654092
   33    3 0.188085262358 0.752341049431
   34    3 0.188079202056 0.752316808224
   35    3 0.188081146438 0.752324585753
   36    3 0.188075227812 0.752300911249
   37    3 0.188070786452 0.752283145808
   38    3 0.188070590752 0.752282363008
   39    3 0.188068204999 0.752272819997
   40    3 0.188069380939 0.752277523754
   41    3 0.188067210952 0.752268843808
   42    3 0.188066771691 0.752267086764
   43    3 0.188066711907 0.752266847629
   44    3 0.188064005074 0.752256020297
   45    3 0.188065234100 0.752260936400
   46    3 0.188063574591 0.752254298366
   47    3 0.188062885086 0.752251540346
   48    3 0.188063471471 0.752253885885
   49    3 0.188061078771 0.752244315082
   50    3 0.188062183051 0.752248732204
   51    3 0.188060978674 0.752243914696
   52    3 0.188065409347 0.752261637389
   53    3 0.188062003286 0.752248013144
   54    3 0.188068972715 0.752275890860

    1    4 0.188067732043 0.752270928171
    2    4 0.188077441650 0.752309766600
    3    4 0.188065840623 0.752263362493
    4    4 0.188067478214 0.752269912857
    5    4 0.188068076410 0.752272305642
    6    4 0.188068387041 0.752273548164
    7    4 0.188070965579 0.752283862314
    8    4 0.188071272047 0.752285088188
    9    4 0.188077037721 0.752308150883
   10    4 0.188075365896 0.752301463586
   11    4 0.188079618683 0.752318474733
   12    4 0.188080602118 0.752322408472
   13    4 0.188080983083 0.752323932332
   14    4 0.188083820601 0.752335282405
   15    4 0.188085822893 0.752343291573
   16    4 0.188084079339 0.752336317357
   17    4 0.188087593429 0.752350373717
   18    4 0.188090300245 0.752361200981
   19    4 0.188101892846 0.752407571383
   20    4 0.188096910478 0.752387641914
   21    4 0.188104031451 0.752416125804
   22    4 0.188108328111 0.752433312444
   23    4 0.188102341618 0.752409366472
   24    4 0.188106288367 0.752425153469
   25    4 0.188103842935 0.752415371742
   26    4 0.188106317197 0.752425268788
   27    4 0.188110098861 0.752440395443
   28    4 0.188105462159 0.752421848635
   29    4 0.188111667169 0.752446668677
   30    4 0.188106328866 0.752425315465
   31    4 0.188108017018 0.752432068072
   32    4 0.188109869429 0.752439477717
   33    4 0.188106400422 0.752425601688
   34    4 0.188108079846 0.752432319384
   35    4 0.188103508161 0.752414032645
   36    4 0.188103653240 0.752414612958
   37    4 0.188091445509 0.752365782035
   38    4 0.188087432183 0.752349728730
   39    4 0.188089544254 0.752358177014
   40    4 0.188084784274 0.752339137098
   41    4 0.188084077274 0.752336309094
   42    4 0.188083290123 0.752333160494
   43    4 0.188078642041 0.752314568166
   44    4 0.188080094353 0.752320377413
   45    4 0.188077334297 0.752309337190
   46    4 0.188075536039 0.752302144156
   47    4 0.188076456400 0.752305825600
   48    4 0.188071476903 0.752285907612
   49    4 0.188072698256 0.752290793023
   50    4 0.188070468820 0.752281875279
   51    4 0.188069921580 0.752279686320
   52    4 0.188070918044 0.752283672177
   53    4 0.188077220900 0.752308883601
   54    4 0.188071900324 0.752287601294

    1    5 0.188072045255 0.752288181019
    2    5 0.188080313141 0.752321252562
    3    5 0.188083144471 0.752332577886
    4    5 0.188079380782 0.752317523129
    5    5 0.188082463410 0.752329853638
    6    5 0.188084102610 0.752336410442
    7    5 0.188085687610 0.752342750439
    8    5 0.188089984768 0.752359939071
    9    5 0.188091821910 0.752367287640
   10    5 0.188101788418 0.752407153671
   11    5 0.188099859449 0.752399437795
   12    5 0.188107283217 0.752429132869
   13    5 0.188109739303 0.752438957214
   14    5 0.188110756933 0.752443027730
   15    5 0.188116519296 0.752466077184
   16    5 0.188120047017 0.752480188070
   17    5 0.188118598860 0.752474395442
   18    5 0.188142172743 0.752568690972
   19    5 0.188135542193 0.752542168771
   20    5 0.188143472204 0.752573888816
   21    5 0.188143803833 0.752575215332
   22    5 0.188144010415 0.752576041661
   23    5 0.188148949618 0.752595798471
   24    5 0.188143964808 0.752575859232
   25    5 0.188151496674 0.752605986697
   26    5 0.188149886439 0.752599545757
   27    5 0.188149126623 0.752596506492
   28    5 0.188158784529 0.752635138114
   29    5 0.188148153025 0.752592612101
   30    5 0.188155683318 0.752622733270
   31    5 0.188152036281 0.752608145124
   32    5 0.188146808181 0.752587232725
   33    5 0.188148799928 0.752595199711
   34    5 0.188152140317 0.752608561270
   35    5 0.188149747971 0.752598991884
   36    5 0.188138139362 0.752552557447
   37    5 0.188145361285 0.752581445139
   38    5 0.188128670375 0.752514681501
   39    5 0.188118881550 0.752475526201
   40    5 0.188117655136 0.752470620543
   41    5 0.188114814840 0.752459259360
   42    5 0.188106792615 0.752427170462
   43    5 0.188108345019 0.752433380078
   44    5 0.188103430399 0.752413721596
   45    5 0.188099433213 0.752397732850
   46    5 0.188100873190 0.752403492760
   47    5 0.188091461184 0.752365844737
   48    5 0.188093055574 0.752372222298
   49    5 0.188088725108 0.752354900432
   50    5 0.188087205997 0.752348823988
   51    5 0.188088522578 0.752354090312
   52    5 0.188086127500 0.752344509999
   53    5 0.188087145886 0.752348583545
   54    5 0.188069526928 0.752278107713

    1    6 0.188080950833 0.752323803333
    2    6 0.188060555972 0.752242223886
    3    6 0.188102999978 0.752411999913
    4    6 0.188111804635 0.752447218542
    5    6 0.188105800937 0.752423203749
    6    6 0.188111917472 0.752447669889
    7    6 0.188114925420 0.752459701680
    8    6 0.188118300131 0.752473200523
    9    6 0.188125845045 0.752503380181
   10    6 0.188130434759 0.752521739037
   11    6 0.188148086988 0.752592347951
   12    6 0.188146405822 0.752585623287
   13    6 0.188159600960 0.752638403839
   14    6 0.188165354998 0.752661419994
   15    6 0.188167390954 0.752669563817
   16    6 0.188182061501 0.752728246006
   17    6 0.188219357229 0.752877428915
   18    6 0.188195120500 0.752780482000
   19    6 0.188214938905 0.752859755622
   20    6 0.188219281308 0.752877125231
   21    6 0.188211650524 0.752846602098
   22    6 0.188207301534 0.752829206138
   23    6 0.188217407884 0.752869631536
   24    6 0.188229011128 0.752916044514
   25    6 0.188224676856 0.752898707423
   26    6 0.188229343978 0.752917375912
   27    6 0.188231783012 0.752927132048
   28    6 0.188225238330 0.752900953321
   29    6 0.188237818385 0.752951273539
   30    6 0.188227727575 0.752910910302
   31    6 0.188226220355 0.752904881421
   32    6 0.188218186184 0.752872744734
   33    6 0.188224546815 0.752898187261
   34    6 0.188218771635 0.752875086539
   35    6 0.188217296248 0.752869184993
   36    6 0.188226743762 0.752906975050
   37    6 0.188215428198 0.752861712793
   38    6 0.188223118203 0.752892472812
   39    6 0.188185106578 0.752740426311
   40    6 0.188174980529 0.752699922117
   41    6 0.188161064443 0.752644257771
   42    6 0.188161762184 0.752647048737
   43    6 0.188152950416 0.752611801664
   44    6 0.188144654089 0.752578616357
   45    6 0.188146513044 0.752586052177
   46    6 0.188129024323 0.752516097293
   47    6 0.188131314604 0.752525258415
   48    6 0.188123442145 0.752493768579
   49    6 0.188120776998 0.752483107991
   50    6 0.188122552002 0.752490208006
   51    6 0.188118086162 0.752472344649
   52    6 0.188115428476 0.752461713903
   53    6 0.188061306772 0.752245227089
   54    6 0.188085085086 0.752340340343

    1    7 0.188060033153 0.752240132611
    2    7 0.188100181356 0.752400725423
    3    7 0.188070273265 0.752281093062
    4    7 0.188146985346 0.752587941385
    5    7 0.188168153942 0.752672615769
    6    7 0.188158151253 0.752632605010
    7    7 0.188169054277 0.752676217107
    8    7 0.188174455703 0.752697822812
    9    7 0.188181093503 0.752724374013
   10    7 0.188194464501 0.752777858004
   11    7 0.188205004275 0.752820017102
   12    7 0.188237086757 0.752948347030
   13    7 0.188237875851 0.752951503405
   14    7 0.188262472891 0.753049891563
   15    7 0.188283395796 0.753133583185
   16    7 0.188342569770 0.753370279079
   17    7 0.188328651697 0.753314606788
   18    7 0.188356092388 0.753424369551
   19    7 0.188339481120 0.753357924479
   20    7 0.188336714716 0.753346858864
   21    7 0.188336313575 0.753345254299
   22    7 0.188340048688 0.753360194751
   23    7 0.188337893335 0.753351573342
   24    7 0.188362948023 0.753451792091
   25    7 0.188370314491 0.753481257964
   26    7 0.188372336965 0.753489347860
   27    7 0.188371068277 0.753484273106
   28    7 0.188368137498 0.753472549990
   29    7 0.188369409306 0.753477637223
   30    7 0.188365805883 0.753463223532
   31    7 0.188345650039 0.753382600156
   32    7 0.188370505628 0.753482022512
   33    7 0.188339132241 0.753356528964
   34    7 0.188336053251 0.753344213004
   35    7 0.188352050428 0.753408201712
   36    7 0.188365275422 0.753461101689
   37    7 0.188373077526 0.753492310106
   38    7 0.188338947874 0.753355791497
   39    7 0.188366122181 0.753464488723
   40    7 0.188278209340 0.753112837360
   41    7 0.188267148778 0.753068595113
   42    7 0.188250387877 0.753001551508
   43    7 0.188232198273 0.752928793094
   44    7 0.188234253000 0.752937012002
   45    7 0.188201417007 0.752805668027
   46    7 0.188204703293 0.752818813171
   47    7 0.188190321811 0.752761287246
   48    7 0.188186152211 0.752744608846
   49    7 0.188189093246 0.752756372984
   50    7 0.188180781484 0.752723125937
   51    7 0.188169574403 0.752678297614
   52    7 0.188072463353 0.752289853414
   53    7 0.188108666922 0.752434667687
   54    7 0.188061386723 0.752245546891

    1    8 0.188057134104 0.752228536415
    2    8 0.188067604062 0.752270416248
    3    8 0.188140282750 0.752561130999
    4    8 0.188091998584 0.752367994335
    5    8 0.188232919995 0.752931679981
    6    8 0.188279022398 0.753116089593
    7    8 0.188263611510 0.753054446041
    8    8 0.188284375792 0.753137503170
    9    8 0.188294539553 0.753178158214
   10    8 0.188308897538 0.753235590151
   11    8 0.188333884072 0.753335536287
   12    8 0.188360326858 0.753441307434
   13    8 0.188424267023 0.753697068091
   14    8 0.188450974184 0.753803896737
   15    8 0.188596369165 0.754385476660
   16    8 0.188557861664 0.754231446655
   17    8 0.188592603990 0.754370415960
   18    8 0.188615319578 0.754461278314
   19    8 0.188597880978 0.754391523911
   20    8 0.188550867708 0.754203470831
   21    8 0.188578852217 0.754315408869
   22    8 0.188591351062 0.754365404249
   23    8 0.188608466919 0.754433867676
   24    8 0.188578464972 0.754313859887
   25    8 0.188640514438 0.754562057751
   26    8 0.188639462303 0.754557849210
   27    8 0.188631771570 0.754527086282
   28    8 0.188650092644 0.754600370576
   29    8 0.188596570174 0.754386280696
   30    8 0.188594154009 0.754376616036
   31    8 0.188638793470 0.754555173879
   32    8 0.188571152794 0.754284611175
   33    8 0.188590363369 0.754361453476
   34    8 0.188583654269 0.754334617077
   35    8 0.188606416580 0.754425666319
   36    8 0.188617375241 0.754469500965
   37    8 0.188612133774 0.754448535097
   38    8 0.188652135511 0.754608542043
   39    8 0.188559874907 0.754239499629
   40    8 0.188625542997 0.754502171986
   41    8 0.188479827961 0.753919311844
   42    8 0.188419271599 0.753677086395
   43    8 0.188416240226 0.753664960905
   44    8 0.188349747582 0.753398990326
   45    8 0.188353715189 0.753414860757
   46    8 0.188325800049 0.753303200198
   47    8 0.188318718153 0.753274872612
   48    8 0.188322434590 0.753289738359
   49    8 0.188304882613 0.753219530452
   50    8 0.188274351616 0.753097406465
   51    8 0.188096717745 0.752386870979
   52    8 0.188156396476 0.752625585906
   53    8 0.188071146948 0.752284587793
   54    8 0.188057233837 0.752228935350

    1    9 0.188056503414 0.752226013657
    2    9 0.188059476796 0.752237907184
    3    9 0.188086806319 0.752347225275
    4    9 0.188219863194 0.752879452778
    5    9 0.188137558496 0.752550233982
    6    9 0.188404901018 0.753619604070
    7    9 0.188504496219 0.754017984874
    8    9 0.188486669099 0.753946676396
    9    9 0.188532885463 0.754131541850
   10    9 0.188557385550 0.754229542200
   11    9 0.188597834427 0.754391337708
   12    9 0.188660574542 0.754642298167
   13    9 0.188759432887 0.755037731548
   14    9 0.189066077386 0.756264309545
   15    9 0.188970586667 0.755882346670
   16    9 0.189099996877 0.756399987507
   17    9 0.189113818886 0.756455275543
   18    9 0.189061486495 0.756245945980
   19    9 0.189074935950 0.756299743798
   20    9 0.189108138291 0.756432553163
   21    9 0.189045742104 0.756182968418
   22    9 0.189116787299 0.756467149197
   23    9 0.189089871402 0.756359485608
   24    9 0.189148069497 0.756592277989
   25    9 0.189061374353 0.756245497413
   26    9 0.189153640895 0.756614563580
   27    9 0.189190249969 0.756760999876
   28    9 0.189089469194 0.756357876777
   29    9 0.189114011269 0.756456045074
   30    9 0.189110760617 0.756443042468
   31    9 0.189046703159 0.756186812635
   32    9 0.189083145668 0.756332582671
   33    9 0.189057065296 0.756228261184
   34    9 0.189148715410 0.756594861639
   35    9 0.189098832501 0.756395330002
   36    9 0.189079054477 0.756316217907
   37    9 0.189146241052 0.756584964206
   38    9 0.189077432867 0.756309731470
   39    9 0.189187154701 0.756748618806
   40    9 0.189052444261 0.756209777043
   41    9 0.189105625345 0.756422501381
   42    9 0.188882585188 0.755530340752
   43    9 0.188703469377 0.754813877508
   44    9 0.188690551114 0.754762204456
   45    9 0.188624619671 0.754498478684
   46    9 0.188605974239 0.754423896956
   47    9 0.188603781907 0.754415127628
   48    9 0.188559284801 0.754237139203
   49    9 0.188483307909 0.753933231637
   50    9 0.188147451210 0.752589804838
   51    9 0.188250136161 0.753000544645
   52    9 0.188094223401 0.752376893604
   53    9 0.188061009143 0.752244036570
   54    9 0.188057661590 0.752230646362

    1   10 0.188054742810 0.752218971239
    2   10 0.188061078714 0.752244314857
    3   10 0.188069527782 0.752278111129
    4   10 0.188128341800 0.752513367201
    5   10 0.188379229107 0.753516916427
    6   10 0.188236946778 0.752947787110
    7   10 0.188769932794 0.755079731174
    8   10 0.188987892224 0.755951568896
    9   10 0.188996572466 0.755986289864
   10   10 0.189121862709 0.756487450834
   11   10 0.189222595389 0.756890381558
   12   10 0.189386687643 0.757546750572
   13   10 0.189859281179 0.759437124716
   14   10 0.189757989989 0.759031959958
   15   10 0.190055560940 0.760222243760
   16   10 0.190033921309 0.760135685237
   17   10 0.190076591146 0.760306364584
   18   10 0.190044738471 0.760178953883
   19   10 0.190090812278 0.760363249110
   20   10 0.190172538431 0.760690153724
   21   10 0.190273384868 0.761093539473
   22   10 0.190047446288 0.760189785152
   23   10 0.190235672075 0.760942688301
   24   10 0.190118576662 0.760474306647
   25   10 0.190175869133 0.760703476533
   26   10 0.190068441400 0.760273765600
   27   10 0.190078841776 0.760315367102
   28   10 0.190131998671 0.760527994684
   29   10 0.190138519337 0.760554077349
   30   10 0.190073684154 0.760294736615
   31   10 0.189979257721 0.759917030882
   32   10 0.190052790962 0.760211163849
   33   10 0.190232922455 0.760931689818
   34   10 0.190114297948 0.760457191790
   35   10 0.190158579687 0.760634318749
   36   10 0.190150420796 0.760601683184
   37   10 0.189999735043 0.759998940173
   38   10 0.190191122812 0.760764491248
   39   10 0.190118996684 0.760475986737
   40   10 0.190204837175 0.760819348700
   41   10 0.190063679777 0.760254719109
   42   10 0.190057122175 0.760228488701
   43   10 0.189614688190 0.758458752761
   44   10 0.189391279403 0.757565117613
   45   10 0.189291296242 0.757165184969
   46   10 0.189245794656 0.756983178624
   47   10 0.189110204344 0.756440817377
   48   10 0.188926120604 0.755704482418
   49   10 0.188258260588 0.753033042352
   50   10 0.188437704962 0.753750819848
   51   10 0.188143543294 0.752574173175
   52   10 0.188073128441 0.752292513764
   53   10 0.188063796028 0.752255184112
   54   10 0.188054916983 0.752219667934

    1   11 0.188054408374 0.752217633496
    2   11 0.188057168472 0.752228673886
    3   11 0.188073278869 0.752293115474
    4   11 0.188094055656 0.752376222625
    5   11 0.188217556792 0.752870227168
    6   11 0.188714807536 0.754859230146
    7   11 0.188476245766 0.753904983065
    8   11 0.189625452660 0.758501810641
    9   11 0.190109034551 0.760436138203
   10   11 0.190325006809 0.761300027235
   11   11 0.190717355886 0.762869423545
   12   11 0.191617056989 0.766468227957
   13   11 0.191355345171 0.765421380684
   14   11 0.191639376839 0.766557507356
   15   11 0.191727649242 0.766910596966
   16   11 0.191941244426 0.767764977703
   17   11 0.191786818251 0.767147273003
   18   11 0.192191680045 0.768766720182
   19   11 0.192227094744 0.768908378978
   20   11 0.192441142112 0.769764568450
   21   11 0.192373956799 0.769495827196
   22   11 0.192659483993 0.770637935972
   23   11 0.192082210497 0.768328841986
   24   11 0.192356098349 0.769424393396
   25   11 0.192207162970 0.768828651878
   26   11 0.191983882394 0.767935529575
   27   11 0.191708632829 0.766834531317
   28   11 0.192144554187 0.768578216749
   29   11 0.192045453760 0.768181815038
   30   11 0.191906378179 0.767625512717
   31   11 0.192162405866 0.768649623464
   32   11 0.192201018441 0.768804073766
   33   11 0.192227256948 0.768909027794
   34   11 0.192273000163 0.769092000654
   35   11 0.192231440737 0.768925762949
   36   11 0.192104302632 0.768417210529
   37   11 0.192197433938 0.768789735751
   38   11 0.192026711090 0.768106844361
   39   11 0.192127692644 0.768510770577
   40   11 0.192186027868 0.768744111473
   41   11 0.192189412812 0.768757651248
   42   11 0.191955637259 0.767822549034
   43   11 0.192217448736 0.768869794946
   44   11 0.191164868816 0.764659475265
   45   11 0.190916618988 0.763666475952
   46   11 0.190405304894 0.761621219577
   47   11 0.189963239455 0.759852957819
   48   11 0.188525614318 0.754102457270
   49   11 0.188833569562 0.755334278249
   50   11 0.188249495709 0.752997982835
   51   11 0.188101807611 0.752407230446
   52   11 0.188078546825 0.752314187300
   53   11 0.188058568400 0.752234273598
   54   11 0.188055384841 0.752221539365

    1   12 0.188053277771 0.752213111083
    2   12 0.188058815071 0.752235260286
    3   12 0.188065595204 0.752262380814
    4   12 0.188100275135 0.752401100540
    5   12 0.188154121065 0.752616484258
    6   12 0.188416447812 0.753665791248
    7   12 0.189485303337 0.757941213348
    8   12 0.189169875933 0.756679503734
    9   12 0.192032227182 0.768128908726
   10   12 0.193055115240 0.772220460960
   11   12 0.195082696865 0.780330787460
   12   12 0.194820990426 0.779283961706
   13   12 0.195033085293 0.780132341171
   14   12 0.194962149172 0.779848596688
   15   12 0.194828999304 0.779315997217
   16   12 0.194784435224 0.779137740896
   17   12 0.195877535010 0.783510140039
   18   12 0.195778341931 0.783113367724
   19   12 0.196939027028 0.787756108111
   20   12 0.196427824250 0.785711296998
   21   12 0.197122035274 0.788488141097
   22   12 0.196732440338 0.786929761352
   23   12 0.196997700292 0.787990801169
   24   12 0.196044659966 0.784178639866
   25   12 0.196006616773 0.784026467091
   26   12 0.195399784689 0.781599138756
   27   12 0.195781825104 0.783127300415
   28   12 0.194894724347 0.779578897389
   29   12 0.195494315213 0.781977260852
   30   12 0.196018078042 0.784072312169
   31   12 0.196299556093 0.785198224370
   32   12 0.196611215888 0.786444863551
   33   12 0.195909171219 0.783636684876
   34   12 0.196404568411 0.785618273644
   35   12 0.196024626003 0.784098504011
   36   12 0.196204127589 0.784816510358
   37   12 0.196274409582 0.785097638327
   38   12 0.195792146246 0.783168584984
   39   12 0.195853832909 0.783415331634
   40   12 0.195681600899 0.782726403597
   41   12 0.195824637443 0.783298549774
   42   12 0.196588532956 0.786354131824
   43   12 0.196022389799 0.784089559196
   44   12 0.196890787183 0.787563148733
   45   12 0.193878654431 0.775514617725
   46   12 0.192884127171 0.771536508686
   47   12 0.189304276122 0.757217104490
   48   12 0.189746188573 0.758984754292
   49   12 0.188486503005 0.753946012021
   50   12 0.188171954923 0.752687819691
   51   12 0.188110618072 0.752442472288
   52   12 0.188068715027 0.752274860107
   53   12 0.188061203286 0.752244813143
   54   12 0.188053460338 0.752213841350

    1   13 0.188053505906 0.752214023622
    2   13 0.188056136323 0.752224545293
    3   13 0.188070233875 0.752280935499
    4   13 0.188085460382 0.752341841530
    5   13 0.188164648063 0.752658592250
    6   13 0.188318931764 0.753275727057
    7   13 0.188884931361 0.755539725445
    8   13 0.191560505428 0.766242021711
    9   13 0.192210541792 0.768842167170
   10   13 0.202657374475 0.810629497899
   11   13 0.203370797888 0.813483191553
   12   13 0.203029835528 0.812119342113
   13   13 0.202927592389 0.811710369556
   14   13 0.201743195237 0.806972780948
   15   13 0.200892746349 0.803570985398
   16   13 0.201968208298 0.807872833191
   17   13 0.202911780178 0.811647120712
   18   13 0.206032203846 0.824128815384
   19   13 0.204675651486 0.818702605945
   20   13 0.207339105731 0.829356422925
   21   13 0.205782127363 0.823128509452
   22   13 0.206734306076 0.826937224306
   23   13 0.206663968320 0.826655873280
   24   13 0.205333958577 0.821335834310
   25   13 0.202607662378 0.810430649512
   26   13 0.204585488967 0.818341955868
   27   13 0.202714592495 0.810858369981
   28   13 0.202127062512 0.808508250047
   29   13 0.201930097144 0.807720388576
   30   13 0.205152636451 0.820610545805
   31   13 0.206181244582 0.824724978326
   32   13 0.204819522501 0.819278090004
   33   13 0.205836262238 0.823345048954
   34   13 0.203362434411 0.813449737646
   35   13 0.205084540953 0.820338163812
   36   13 0.205296627925 0.821186511698
   37   13 0.204349189774 0.817396759095
   38   13 0.205147872505 0.820591490019
   39   13 0.203068336127 0.812273344507
   40   13 0.202981674359 0.811926697436
   41   13 0.204199233814 0.816796935255
   42   13 0.204644933018 0.818579732072
   43   13 0.207767207526 0.831068830106
   44   13 0.206372689648 0.825490758592
   45   13 0.205869304180 0.823477216718
   46   13 0.192771867736 0.771087470943
   47   13 0.192221575501 0.768886302003
   48   13 0.189047400886 0.756189603545
   49   13 0.188365131956 0.753460527822
   50   13 0.188186845580 0.752747382321
   51   13 0.188091892976 0.752367571903
   52   13 0.188074995098 0.752299980393
   53   13 0.188057442263 0.752229769053
   54   13 0.188054397719 0.752217590877

    1   14 0.188052810978 0.752211243913
    2   14 0.188058088533 0.752232354132
    3   14 0.188064610938 0.752258443753
    4   14 0.188095692868 0.752382771471
    5   14 0.188136574383 0.752546297534
    6   14 0.188339382075 0.753357528301
    7   14 0.188860429086 0.755441716345
    8   14 0.190030146239 0.760120584954
    9   14 0.200069171940 0.800276687758
   10   14 0.262381254090 1.797945016359
   11   14 0.263249540368 1.730194161471
   12   14 0.250638554631 1.506418218526
   13   14 0.249132583144 1.509342332575
   14   14 0.243147494529 1.418121978115
   15   14 0.236389463556 1.307041854225
   16   14 0.241094913083 1.382487652330
   17   14 0.250472399055 1.508633596220
   18   14 0.265222679047 1.775522716189
   19   14 0.258942623697 1.612194494787
   20   14 0.268938601617 1.826530406468
   21   14 0.262074273762 1.667177095047
   22   14 0.267306195275 1.773956781098
   23   14 0.270253555520 1.839346222082
   24   14 0.258899781420 1.647663125681
   25   14 0.244638358084 1.390437432336
   26   14 0.258209253938 1.668765015751
   27   14 0.250511746427 1.523042985707
   28   14 0.239628768415 1.351898273659
   29   14 0.240169360443 1.340003041772
   30   14 0.262610187333 1.725224749334
   31   14 0.268576253472 1.815525013890
   32   14 0.259624703245 1.634198812981
   33   14 0.260660162032 1.692304648128
   34   14 0.248736947066 1.457263788263
   35   14 0.258208991824 1.642871967294
   36   14 0.261433987274 1.692643949097
   37   14 0.257207034644 1.603348138576
   38   14 0.260346124568 1.690224498274
   39   14 0.248379454149 1.473221816598
   40   14 0.245725928479 1.438023713918
   41   14 0.251751678836 1.540694715345
   42   14 0.256255225005 1.578700900020
   43   14 0.274477876628 1.909011506510
   44   14 0.280298146439 1.990040585756
   45   14 0.277932134586 2.065484538343
   46   14 0.202534145199 0.810136580796
   47   14 0.190425062956 0.761700251825
   48   14 0.189003481220 0.756013924881
   49   14 0.188394437181 0.753577748723
   50   14 0.188151470707 0.752605882827
   51   14 0.188105261974 0.752421047897
   52   14 0.188067625584 0.752270502337
   53   14 0.188060363143 0.752241452574
   54   14 0.188052990842 0.752211963367

    1   15 0.188053505906 0.752214023622
    2   15 0.188056136323 0.752224545293
    3   15 0.188070233875 0.752280935499
    4   15 0.188085460382 0.752341841530
    5   15 0.188164648063 0.752658592250
    6   15 0.188318931764 0.753275727057
    7   15 0.188884931361 0.755539725445
    8   15 0.191560505428 0.766242021711
    9   15 0.192210541792 0.768842167170
   10   15 0.202657374475 0.810629497899
   11   15 0.203370797888 0.813483191553
   12   15 0.203029835528 0.812119342113
   13   15 0.202927592389 0.811710369556
   14   15 0.201743195237 0.806972780948
   15   15 0.200892746349 0.803570985398
   16   15 0.201968208298 0.807872833191
   17   15 0.202911780178 0.811647120712
   18   15 0.206032203846 0.824128815384
   19   15 0.204675651486 0.818702605945
   20   15 0.207339105731 0.829356422925
   21   15 0.205782127363 0.823128509452
   22   15 0.206734306076 0.826937224306
   23   15 0.206663968320 0.826655873280
   24   15 0.205333958577 0.821335834310
   25   15 0.202607662378 0.810430649512
   26   15 0.204585488967 0.818341955868
   27   15 0.202714592495 0.810858369981
   28   15 0.202127062512 0.808508250047
   29   15 0.201930097144 0.807720388576
   30   15 0.205152636451 0.820610545805
   31   15 0.206181244582 0.824724978326
   32   15 0.204819522501 0.819278090004
   33   15 0.205836262238 0.823345048954
   34   15 0.203362434411 0.813449737646
   35   15 0.205084540953 0.820338163812
   36   15 0.205296627925 0.821186511698
   37   15 0.204349189774 0.817396759095
   38   15 0.205147872505 0.820591490019
   39   15 0.203068336127 0.812273344507
   40   15 0.202981674359 0.811926697436
   41   15 0.204199233814 0.816796935255
   42   15 0.204644933018 0.818579732072
   43   15 0.207767207526 0.831068830106
   44   15 0.206372689648 0.825490758592
   45   15 0.205869304180 0.823477216718
   46   15 0.192771867736 0.771087470943
   47   15 0.192221575501 0.768886302003
   48   15 0.189047400886 0.756189603545
   49   15 0.188365131956 0.753460527822
   50   15 0.188186845580 0.752747382321
   51   15 0.188091892976 0.752367571903
   52   15 0.188074995098 0.752299980393
   53   15 0.188057442263 0.752229769053
   54   15 0.188054397719 0.752217590877

    1   16 0.188053277771 0.752213111083
    2   16 0.188058815071 0.752235260286
    3   16 0.188065595204 0.752262380814
    4   16 0.188100275135 0.752401100540
    5   16 0.188154121065 0.752616484258
    6   16 0.188416447812 0.753665791248
    7   16 0.189485303337 0.757941213348
    8   16 0.189169875933 0.756679503734
    9   16 0.192032227182 0.768128908726
   10   16 0.193055115240 0.772220460960
   11   16 0.195082696865 0.780330787460
   12   16 0.194820990426 0.779283961706
   13   16 0.195033085293 0.780132341171
   14   16 0.194962149172 0.779848596688
   15   16 0.194828999304 0.779315997217
   16   16 0.194784435224 0.779137740896
   17   16 0.195877535010 0.783510140039
   18   16 0.195778341931 0.783113367724
   19   16 0.196939027028 0.787756108111
   20   16 0.196427824250 0.785711296998
   21   16 0.197122035274 0.788488141097
   22   16 0.196732440338 0.786929761352
   23   16 0.196997700292 0.787990801169
   24   16 0.196044659966 0.784178639866
   25   16 0.196006616773 0.784026467091
   26   16 0.195399784689 0.781599138756
   27   16 0.195781825104 0.783127300415
   28   16 0.194894724347 0.779578897389
   29   16 0.195494315213 0.781977260852
   30   16 0.196018078042 0.784072312169
   31   16 0.196299556093 0.785198224370
   32   16 0.196611215888 0.786444863551
   33   16 0.195909171219 0.783636684876
   34   16 0.196404568411 0.785618273644
   35   16 0.196024626003 0.784098504011
   36   16 0.196204127589 0.784816510358
   37   16 0.196274409582 0.785097638327
   38   16 0.195792146246 0.783168584984
   39   16 0.195853832909 0.783415331634
   40   16 0.195681600899 0.782726403597
   41   16 0.195824637443 0.783298549774
   42   16 0.196588532956 0.786354131824
   43   16 0.196022389799 0.784089559196
   44   16 0.196890787183 0.787563148733
   45   16 0.193878654431 0.775514617725
   46   16 0.192884127171 0.771536508686
   47   16 0.189304276122 0.757217104490
   48   16 0.189746188573 0.758984754292
   49   16 0.188486503005 0.753946012021
   50   16 0.188171954923 0.752687819691
   51   16 0.188110618072 0.752442472288
   52   16 0.188068715027 0.752274860107
   53   16 0.188061203286 0.752244813143
   54   16 0.188053460338 0.752213841350

    1   17 0.188054408374 0.752217633496
    2   17 0.188057168472 0.752228673886
    3   17 0.188073278869 0.752293115474
    4   17 0.188094055656 0.752376222625
    5   17 0.188217556792 0.752870227168
    6   17 0.188714807536 0.754859230146
    7   17 0.188476245766 0.753904983065
    8   17 0.189625452660 0.758501810641
    9   17 0.190109034551 0.760436138203
   10   17 0.190325006809 0.761300027235
   11   17 0.190717355886 0.762869423545
   12   17 0.191617056989 0.766468227957
   13   17 0.191355345171 0.765421380684
   14   17 0.191639376839 0.766557507356
   15   17 0.191727649242 0.766910596966
   16   17 0.191941244426 0.767764977703
   17   17 0.191786818251 0.767147273003
   18   17 0.192191680045 0.768766720182
   19   17 0.192227094744 0.768908378978
   20   17 0.192441142112 0.769764568450
   21   17 0.192373956799 0.769495827196
   22   17 0.192659483993 0.770637935972
   23   17 0.192082210497 0.768328841986
   24   17 0.192356098349 0.769424393396
   25   17 0.192207162970 0.768828651878
   26   17 0.191983882394 0.767935529575
   27   17 0.191708632829 0.766834531317
   28   17 0.192144554187 0.768578216749
   29   17 0.192045453760 0.768181815038
   30   17 0.191906378179 0.767625512717
   31   17 0.192162405866 0.768649623464
   32   17 0.192201018441 0.768804073766
   33   17 0.192227256948 0.768909027794
   34   17 0.192273000163 0.769092000654
   35   17 0.192231440737 0.768925762949
   36   17 0.192104302632 0.768417210529
   37   17 0.192197433938 0.768789735751
   38   17 0.192026711090 0.768106844361
   39   17 0.192127692644 0.768510770577
   40   17 0.192186027868 0.768744111473
   41   17 0.192189412812 0.768757651248
   42   17 0.191955637259 0.767822549034
   43   17 0.192217448736 0.768869794946
   44   17 0.191164868816 0.764659475265
   45   17 0.190916618988 0.763666475952
   46   17 0.190405304894 0.761621219577
   47   17 0.189963239455 0.759852957819
   48   17 0.188525614318 0.754102457270
   49   17 0.188833569562 0.755334278249
   50   17 0.188249495709 0.752997982835
   51   17 0.188101807611 0.752407230446
   52   17 0.188078546825 0.752314187300
   53   17 0.188058568400 0.752234273598
   54   17 0.188055384841 0.752221539365

    1   18 0.188054742810 0.752218971239
    2   18 0.188061078714 0.752244314857
    3   18 0.188069527782 0.752278111129
    4   18 0.188128341800 0.752513367201
    5   18 0.188379229107 0.753516916427
    6   18 0.188236946778 0.752947787110
    7   18 0.188769932794 0.755079731174
    8   18 0.188987892224 0.755951568896
    9   18 0.188996572466 0.755986289864
   10   18 0.189121862709 0.756487450834
   11   18 0.189222595389 0.756890381558
   12   18 0.189386687643 0.757546750572
   13   18 0.189859281179 0.759437124716
   14   18 0.189757989989 0.759031959958
   15   18 0.190055560940 0.760222243760
   16   18 0.190033921309 0.760135685237
   17   18 0.190076591146 0.760306364584
   18   18 0.190044738471 0.760178953883
   19   18 0.190090812278 0.760363249110
   20   18 0.190172538431 0.760690153724
   21   18 0.190273384868 0.761093539473
   22   18 0.190047446288 0.760189785152
   23   18 0.190235672075 0.760942688301
   24   18 0.190118576662 0.760474306647
   25   18 0.190175869133 0.760703476533
   26   18 0.190068441400 0.760273765600
   27   18 0.190078841776 0.760315367102
   28   18 0.190131998671 0.760527994684
   29   18 0.190138519337 0.760554077349
   30   18 0.190073684154 0.760294736615
   31   18 0.189979257721 0.759917030882
   32   18 0.190052790962 0.760211163849
   33   18 0.190232922455 0.760931689818
   34   18 0.190114297948 0.760457191790
   35   18 0.190158579687 0.760634318749
   36   18 0.190150420796 0.760601683184
   37   18 0.189999735043 0.759998940173
   38   18 0.190191122812 0.760764491248
   39   18 0.190118996684 0.760475986737
   40   18 0.190204837175 0.760819348700
   41   18 0.190063679777 0.760254719109
   42   18 0.190057122175 0.760228488701
   43   18 0.189614688190 0.758458752761
   44   18 0.189391279403 0.757565117613
   45   18 0.189291296242 0.757165184969
   46   18 0.189245794656 0.756983178624
   47   18 0.189110204344 0.756440817377
   48   18 0.188926120604 0.755704482418
   49   18 0.188258260588 0.753033042352
   50   18 0.188437704962 0.753750819848
   51   18 0.188143543294 0.752574173175
   52   18 0.188073128441 0.752292513764
   53   18 0.188063796028 0.752255184112
   54   18 0.188054916983 0.752219667934

    1   19 0.188056503414 0.752226013657
    2   19 0.188059476796 0.752237907184
    3   19 0.188086806319 0.752347225275
    4   19 0.188219863194 0.752879452778
    5   19 0.188137558496 0.752550233982
    6   19 0.188404901018 0.753619604070
    7   19 0.188504496219 0.754017984874
    8   19 0.188486669099 0.753946676396
    9   19 0.188532885463 0.754131541850
   10   19 0.188557385550 0.754229542200
   11   19 0.188597834427 0.754391337708
   12   19 0.188660574542 0.754642298167
   13   19 0.188759432887 0.755037731548
   14   19 0.189066077386 0.756264309545
   15   19 0.188970586667 0.755882346670
   16   19 0.189099996877 0.756399987507
   17   19 0.189113818886 0.756455275543
   18   19 0.189061486495 0.756245945980
   19   19 0.189074935950 0.756299743798
   20   19 0.189108138291 0.756432553163
   21   19 0.189045742104 0.756182968418
   22   19 0.189116787299 0.756467149197
   23   19 0.189089871402 0.756359485608
   24   19 0.189148069497 0.756592277989
   25   19 0.189061374353 0.756245497413
   26   19 0.189153640895 0.756614563580
   27   19 0.189190249969 0.756760999876
   28   19 0.189089469194 0.756357876777
   29   19 0.189114011269 0.756456045074
   30   19 0.189110760617 0.756443042468
   31   19 0.189046703159 0.756186812635
   32   19 0.189083145668 0.756332582671
   33   19 0.189057065296 0.756228261184
   34   19 0.189148715410 0.756594861639
   35   19 0.189098832501 0.756395330002
   36   19 0.189079054477 0.756316217907
   37   19 0.189146241052 0.756584964206
   38   19 0.189077432867 0.756309731470
   39   19 0.189187154701 0.756748618806
   40   19 0.189052444261 0.756209777043
   41   19 0.189105625345 0.756422501381
   42   19 0.188882585188 0.755530340752
   43   19 0.188703469377 0.754813877508
   44   19 0.188690551114 0.754762204456
   45   19 0.188624619671 0.754498478684
   46   19 0.188605974239 0.754423896956
   47   19 0.188603781907 0.754415127628
   48   19 0.188559284801 0.754237139203
   49   19 0.188483307909 0.753933231637
   50   19 0.188147451210 0.752589804838
   51   19 0.188250136161 0.753000544645
   52   19 0.188094223401 0.752376893604
   53   19 0.188061009143 0.752244036570
   54   19 0.188057661590 0.752230646362

    1   20 0.188057134104 0.752228536415
    2   20 0.188067604062 0.752270416248
    3   20 0.188140282750 0.752561130999
    4   20 0.188091998584 0.752367994335
    5   20 0.188232919995 0.752931679981
    6   20 0.188279022398 0.753116089593
    7   20 0.188263611510 0.753054446041
    8   20 0.188284375792 0.753137503170
    9   20 0.188294539553 0.753178158214
   10   20 0.188308897538 0.753235590151
   11   20 0.188333884072 0.753335536287
   12   20 0.188360326858 0.753441307434
   13   20 0.188424267023 0.753697068091
   14   20 0.188450974184 0.753803896737
   15   20 0.188596369165 0.754385476660
   16   20 0.188557861664 0.754231446655
   17   20 0.188592603990 0.754370415960
   18   20 0.188615319578 0.754461278314
   19   20 0.188597880978 0.754391523911
   20   20 0.188550867708 0.754203470831
   21   20 0.188578852217 0.754315408869
   22   20 0.188591351062 0.754365404249
   23   20 0.188608466919 0.754433867676
   24   20 0.188578464972 0.754313859887
   25   20 0.188640514438 0.754562057751
   26   20 0.188639462303 0.754557849210
   27   20 0.188631771570 0.754527086282
   28   20 0.188650092644 0.754600370576
   29   20 0.188596570174 0.754386280696
   30   20 0.188594154009 0.754376616036
   31   20 0.188638793470 0.754555173879
   32   20 0.188571152794 0.754284611175
   33   20 0.188590363369 0.754361453476
   34   20 0.188583654269 0.754334617077
   35   20 0.188606416580 0.754425666319
   36   20 0.188617375241 0.754469500965
   37   20 0.188612133774 0.754448535097
   38   20 0.188652135511 0.754608542043
   39   20 0.188559874907 0.754239499629
   40   20 0.188625542997 0.754502171986
   41   20 0.188479827961 0.753919311844
   42   20 0.188419271599 0.753677086395
   43   20 0.188416240226 0.753664960905
   44   20 0.188349747582 0.753398990326
   45   20 0.188353715189 0.753414860757
   46   20 0.188325800049 0.753303200198
   47   20 0.188318718153 0.753274872612
   48   20 0.188322434590 0.753289738359
   49   20 0.188304882613 0.753219530452
   50   20 0.188274351616 0.753097406465
   51   20 0.188096717745 0.752386870979
   52   20 0.188156396476 0.752625585906
   53   20 0.188071146948 0.752284587793
   54   20 0.188057233837 0.752228935350

    1   21 0.188060033153 0.752240132611
    2   21 0.188100181356 0.752400725423
    3   21 0.188070273265 0.752281093062
    4   21 0.188146985346 0.752587941385
    5   21 0.188168153942 0.752672615769
    6   21 0.188158151253 0.752632605010
    7   21 0.188169054277 0.752676217107
    8   21 0.188174455703 0.752697822812
    9   21 0.188181093503 0.752724374013
   10   21 0.188194464501 0.752777858004
   11   21 0.188205004275 0.752820017102
   12   21 0.188237086757 0.752948347030
   13   21 0.188237875851 0.752951503405
   14   21 0.188262472891 0.753049891563
   15   21 0.188283395796 0.753133583185
   16   21 0.188342569770 0.753370279079
   17   21 0.188328651697 0.753314606788
   18   21 0.188356092388 0.753424369551
   19   21 0.188339481120 0.753357924479
   20   21 0.188336714716 0.753346858864
   21   21 0.188336313575 0.753345254299
   22   21 0.188340048688 0.753360194751
   23   21 0.188337893335 0.753351573342
   24   21 0.188362948023 0.753451792091
   25   21 0.188370314491 0.753481257964
   26   21 0.188372336965 0.753489347860
   27   21 0.188371068277 0.753484273106
   28   21 0.188368137498 0.753472549990
   29   21 0.188369409306 0.753477637223
   30   21 0.188365805883 0.753463223532
   31   21 0.188345650039 0.753382600156
   32   21 0.188370505628 0.753482022512
   33   21 0.188339132241 0.753356528964
   34   21 0.188336053251 0.753344213004
   35   21 0.188352050428 0.753408201712
   36   21 0.188365275422 0.753461101689
   37   21 0.188373077526 0.753492310106
   38   21 0.188338947874 0.753355791497
   39   21 0.188366122181 0.753464488723
   40   21 0.188278209340 0.753112837360
   41   21 0.188267148778 0.753068595113
   42   21 0.188250387877 0.753001551508
   43   21 0.188232198273 0.752928793094
   44   21 0.188234253000 0.752937012002
   45   21 0.188201417007 0.752805668027
   46   21 0.188204703293 0.752818813171
   47   21 0.188190321811 0.752761287246
   48   21 0.188186152211 0.752744608846
   49   21 0.188189093246 0.752756372984
   50   21 0.188180781484 0.752723125937
   51   21 0.188169574403 0.752678297614
   52   21 0.188072463353 0.752289853414
   53   21 0.188108666922 0.752434667687
   54   21 0.188061386723 0.752245546891

    1   22 0.188080950833 0.752323803333
    2   22 0.188060555972 0.752242223886
    3   22 0.188102999978 0.752411999913
    4   22 0.188111804635 0.752447218542
    5   22 0.188105800937 0.752423203749
    6   22 0.188111917472 0.752447669889
    7   22 0.188114925420 0.752459701680
    8   22 0.188118300131 0.752473200523
    9   22 0.188125845045 0.752503380181
   10   22 0.188130434759 0.752521739037
   11   22 0.188148086988 0.752592347951
   12   22 0.188146405822 0.752585623287
   13   22 0.188159600960 0.752638403839
   14   22 0.188165354998 0.752661419994
   15   22 0.188167390954 0.752669563817
   16   22 0.188182061501 0.752728246006
   17   22 0.188219357229 0.752877428915
   18   22 0.188195120500 0.752780482000
   19   22 0.188214938905 0.752859755622
   20   22 0.188219281308 0.752877125231
   21   22 0.188211650524 0.752846602098
   22   22 0.188207301534 0.752829206138
   23   22 0.188217407884 0.752869631536
   24   22 0.188229011128 0.752916044514
   25   22 0.188224676856 0.752898707423
   26   22 0.188229343978 0.752917375912
   27   22 0.188231783012 0.752927132048
   28   22 0.188225238330 0.752900953321
   29   22 0.188237818385 0.752951273539
   30   22 0.188227727575 0.752910910302
   31   22 0.188226220355 0.752904881421
   32   22 0.188218186184 0.752872744734
   33   22 0.188224546815 0.752898187261
   34   22 0.188218771635 0.752875086539
   35   22 0.188217296248 0.752869184993
   36   22 0.188226743762 0.752906975050
   37   22 0.188215428198 0.752861712793
   38   22 0.188223118203 0.752892472812
   39   22 0.188185106578 0.752740426311
   40   22 0.188174980529 0.752699922117
   41   22 0.188161064443 0.752644257771
   42   22 0.188161762184 0.752647048737
   43   22 0.188152950416 0.752611801664
   44   22 0.188144654089 0.752578616357
   45   22 0.188146513044 0.752586052177
   46   22 0.188129024323 0.752516097293
   47   22 0.188131314604 0.752525258415
   48   22 0.188123442145 0.752493768579
   49   22 0.188120776998 0.752483107991
   50   22 0.188122552002 0.752490208006
   51   22 0.188118086162 0.752472344649
   52   22 0.188115428476 0.752461713903
   53   22 0.188061306772 0.752245227089
   54   22 0.188085085086 0.752340340343

    1   23 0.188072045255 0.752288181019
    2   23 0.188080313141 0.752321252562
    3   23 0.188083144471 0.752332577886
    4   23 0.188079380782 0.752317523129
    5   23 0.188082463410 0.752329853638
    6   23 0.188084102610 0.752336410442
    7   23 0.188085687610 0.752342750439
    8   23 0.188089984768 0.752359939071
    9   23 0.188091821910 0.752367287640
   10   23 0.188101788418 0.752407153671
   11   23 0.188099859449 0.752399437795
   12   23 0.188107283217 0.752429132869
   13   23 0.188109739303 0.752438957214
   14   23 0.188110756933 0.752443027730
   15   23 0.188116519296 0.752466077184
   16   23 0.188120047017 0.752480188070
   17   23 0.188118598860 0.752474395442
   18   23 0.188142172743 0.752568690972
   19   23 0.188135542193 0.752542168771
   20   23 0.188143472204 0.752573888816
   21   23 0.188143803833 0.752575215332
   22   23 0.188144010415 0.752576041661
   23   23 0.188148949618 0.752595798471
   24   23 0.188143964808 0.752575859232
   25   23 0.188151496674 0.752605986697
   26   23 0.188149886439 0.752599545757
   27   23 0.188149126623 0.752596506492
   28   23 0.188158784529 0.752635138114
   29   23 0.188148153025 0.752592612101
   30   23 0.188155683318 0.752622733270
   31   23 0.188152036281 0.752608145124
   32   23 0.188146808181 0.752587232725
   33   23 0.188148799928 0.752595199711
   34   23 0.188152140317 0.752608561270
   35   23 0.188149747971 0.752598991884
   36   23 0.188138139362 0.752552557447
   37   23 0.188145361285 0.752581445139
   38   23 0.188128670375 0.752514681501
   39   23 0.188118881550 0.752475526201
   40   23 0.188117655136 0.752470620543
   41   23 0.188114814840 0.752459259360
   42   23 0.188106792615 0.752427170462
   43   23 0.188108345019 0.752433380078
   44   23 0.188103430399 0.752413721596
   45   23 0.188099433213 0.752397732850
   46   23 0.188100873190 0.752403492760
   47   23 0.188091461184 0.752365844737
   48   23 0.188093055574 0.752372222298
   49   23 0.188088725108 0.752354900432
   50   23 0.188087205997 0.752348823988
   51   23 0.188088522578 0.752354090312
   52   23 0.188086127500 0.752344509999
   53   23 0.188087145886 0.752348583545
   54   23 0.188069526928 0.752278107713

    1   24 0.188067732043 0.752270928171
    2   24 0.188077441650 0.752309766600
    3   24 0.188065840623 0.752263362493
    4   24 0.188067478214 0.752269912857
    5   24 0.188068076410 0.752272305642
    6   24 0.188068387041 0.752273548164
    7   24 0.188070965579 0.752283862314
    8   24 0.188071272047 0.752285088188
    9   24 0.188077037721 0.752308150883
   10   24 0.188075365896 0.752301463586
   11   24 0.188079618683 0.752318474733
   12   24 0.188080602118 0.752322408472
   13   24 0.188080983083 0.752323932332
   14   24 0.188083820601 0.752335282405
   15   24 0.188085822893 0.752343291573
   16   24 0.188084079339 0.752336317357
   17   24 0.188087593429 0.752350373717
   18   24 0.188090300245 0.752361200981
   19   24 0.188101892846 0.752407571383
   20   24 0.188096910478 0.752387641914
   21   24 0.188104031451 0.752416125804
   22   24 0.188108328111 0.752433312444
   23   24 0.188102341618 0.752409366472
   24   24 0.188106288367 0.752425153469
   25   24 0.188103842935 0.752415371742
   26   24 0.188106317197 0.752425268788
   27   24 0.188110098861 0.752440395443
   28   24 0.188105462159 0.752421848635
   29   24 0.188111667169 0.752446668677
   30   24 0.188106328866 0.752425315465
   31   24 0.188108017018 0.752432068072
   32   24 0.188109869429 0.752439477717
   33   24 0.188106400422 0.752425601688
   34   24 0.188108079846 0.752432319384
   35   24 0.188103508161 0.752414032645
   36   24 0.188103653240 0.752414612958
   37   24 0.188091445509 0.752365782035
   38   24 0.188087432183 0.752349728730
   39   24 0.188089544254 0.752358177014
   40   24 0.188084784274 0.752339137098
   41   24 0.188084077274 0.752336309094
   42   24 0.188083290123 0.752333160494
   43   24 0.188078642041 0.752314568166
   44   24 0.188080094353 0.752320377413
   45   24 0.188077334297 0.752309337190
   46   24 0.188075536039 0.752302144156
   47   24 0.188076456400 0.752305825600
   48   24 0.188071476903 0.752285907612
   49   24 0.188072698256 0.752290793023
   50   24 0.188070468820 0.752281875279
   51   24 0.188069921580 0.752279686320
   52   24 0.188070918044 0.752283672177
   53   24 0.188077220900 0.752308883601
   54   24 0.188071900324 0.752287601294

    1   25 0.188070825238 0.752283300954
    2   25 0.188058879078 0.752235516310
    3   25 0.188065165731 0.752260662923
    4   25 0.188059686695 0.752238746781
    5   25 0.188059771778 0.752239087111
    6   25 0.188061174299 0.752244697196
    7   25 0.188060326498 0.752241305992
    8   25 0.188064028913 0.752256115652
    9   25 0.188062480334 0.752249921335
   10   25 0.188064855587 0.752259422349
   11   25 0.188065330790 0.752261323159
   12   25 0.188065442951 0.752261771804
   13   25 0.188066804170 0.752267216678
   14   25 0.188067778810 0.752271115241
   15   25 0.188066563378 0.752266253514
   16   25 0.188068650832 0.752274603327
   17   25 0.188069830106 0.752279320423
   18   25 0.188070841501 0.752283366004
   19   25 0.188071598764 0.752286395055
   20   25 0.188079870804 0.752319483214
   21   25 0.188079241066 0.752316964265
   22   25 0.188079856446 0.752319425785
   23   25 0.188083240335 0.752332961339
   24   25 0.188079999833 0.752319999333
   25   25 0.188081558105 0.752326232420
   26   25 0.188082721082 0.752330884330
   27   25 0.188081694416 0.752326777663
   28   25 0.188084478191 0.752337912763
   29   25 0.188082036580 0.752328146319
   30   25 0.188084351800 0.752337407198
   31   25 0.188083146348 0.752332585394
   32   25 0.188083663523 0.752334654092
   33   25 0.188085262358 0.752341049431
   34   25 0.188079202056 0.752316808224
   35   25 0.188081146438 0.752324585753
   36   25 0.188075227812 0.752300911249
   37   25 0.188070786452 0.752283145808
   38   25 0.188070590752 0.752282363008
   39   25 0.188068204999 0.752272819997
   40   25 0.188069380939 0.752277523754
   41   25 0.188067210952 0.752268843808
   42   25 0.188066771691 0.752267086764
   43   25 0.188066711907 0.752266847629
   44   25 0.188064005074 0.752256020297
   45   25 0.188065234100 0.752260936400
   46   25 0.188063574591 0.752254298366
   47   25 0.188062885086 0.752251540346
   48   25 0.188063471471 0.752253885885
   49   25 0.188061078771 0.752244315082
   50   25 0.188062183051 0.752248732204
   51   25 0.188060978674 0.752243914696
   52   25 0.188065409347 0.752261637389
   53   25 0.188062003286 0.752248013144
   54   25 0.188068972715 0.752275890860

    1   26 0.188060336482 0.752241345928
    2   26 0.188062141189 0.752248564755
    3   26 0.188055812840 0.752223251360
    4   26 0.188058966909 0.752235867636
    5   26 0.188056373000 0.752225492002
    6   26 0.188055194317 0.752220777267
    7   26 0.188057618670 0.752230474682
    8   26 0.188055899737 0.752223598949
    9   26 0.188057506562 0.752230026246
   10   26 0.188057653134 0.752230612537
   11   26 0.188057444997 0.752229779989
   12   26 0.188058328414 0.752233313658
   13   26 0.188058828628 0.752235314513
   14   26 0.188057944341 0.752231777364
   15   26 0.188059028337 0.752236113346
   16   26 0.188059664003 0.752238656012
   17   26 0.188060315180 0.752241260721
   18   26 0.188060688641 0.752242754563
   19   26 0.188062400079 0.752249600314
   20   26 0.188063885130 0.752255540521
   21   26 0.188066926104 0.752267704417
   22   26 0.188067225467 0.752268901869
   23   26 0.188067639691 0.752270558764
   24   26 0.188069747470 0.752278989882
   25   26 0.188069080499 0.752276321997
   26   26 0.188068600150 0.752274400599
   27   26 0.188069829762 0.752279319047
   28   26 0.188069275144 0.752277100576
   29   26 0.188070207591 0.752280830364
   30   26 0.188069776106 0.752279104423
   31   26 0.188071147751 0.752284591003
   32   26 0.188070265041 0.752281060163
   33   26 0.188067967604 0.752271870417
   34   26 0.188069685737 0.752278742948
   35   26 0.188063978312 0.752255913247
   36   26 0.188062452663 0.752249810652
   37   26 0.188062962636 0.752251850543
   38   26 0.188060061252 0.752240245009
   39   26 0.188059855644 0.752239422575
   40   26 0.188058980145 0.752235920578
   41   26 0.188059460567 0.752237842267
   42   26 0.188058389198 0.752233556793
   43   26 0.188058141976 0.752232567906
   44   26 0.188058459252 0.752233837009
   45   26 0.188056743359 0.752226973437
   46   26 0.188057540965 0.752230163861
   47   26 0.188056734890 0.752226939560
   48   26 0.188056595058 0.752226380233
   49   26 0.188056969476 0.752227877905
   50   26 0.188056230934 0.752224923738
   51   26 0.188059613540 0.752238454160
   52   26 0.188056702949 0.752226811797
   53   26 0.188061294806 0.752245179226
   54   26 0.188061835852 0.752247343408

    1   27 0.188058035812 0.752232143246
    2   27 0.188057571128 0.752230284511
    3   27 0.188058129356 0.752232517422
    4   27 0.188055085388 0.752220341553
    5   27 0.188055115380 0.752220461521
    6   27 0.188054864341 0.752219457365
    7   27 0.188053563571 0.752214254285
    8   27 0.188054365481 0.752217461924
    9   27 0.188054230043 0.752216920172
   10   27 0.188054375450 0.752217501800
   11   27 0.188054865150 0.752219460601
   12   27 0.188054761477 0.752219045909
   13   27 0.188054520735 0.752218082941
   14   27 0.188055160588 0.752220642353
   15   27 0.188055377149 0.752221508598
   16   27 0.188055599951 0.752222399805
   17   27 0.188056118013 0.752224472051
   18   27 0.188057288128 0.752229152512
   19   27 0.188058052275 0.752232209099
   20   27 0.188058493301 0.752233973202
   21   27 0.188059554786 0.752238219145
   22   27 0.188061650599 0.752246602398
   23   27 0.188062766654 0.752251066616
   24   27 0.188063214908 0.752252859631
   25   27 0.188063839832 0.752255359326
   26   27 0.188063863028 0.752255452113
   27   27 0.188063348791 0.752253395163
   28   27 0.188063720988 0.752254883951
   29   27 0.188064200614 0.752256802456
   30   27 0.188064870630 0.752259482519
   31   27 0.188064428371 0.752257713485
   32   27 0.188064002700 0.752256010799
   33   27 0.188063224792 0.752252899169
   34   27 0.188060281568 0.752241126274
   35   27 0.188059739193 0.752238956771
   36   27 0.188058551883 0.752234207531
   37   27 0.188057080247 0.752228320987
   38   27 0.188057054130 0.752228216519
   39   27 0.188056017502 0.752224070008
   40   27 0.188055417718 0.752221670871
   41   27 0.188054978874 0.752219915496
   42   27 0.188055234387 0.752220937549
   43   27 0.188054967377 0.752219869507
   44   27 0.188054600667 0.752218402666
   45   27 0.188054734462 0.752218937847
   46   27 0.188053978282 0.752215913128
   47   27 0.188054064018 0.752216256071
   48   27 0.188053954374 0.752215817495
   49   27 0.188054433690 0.752217734760
   50   27 0.188055559400 0.752222237599
   51   27 0.188055209178 0.752220836714
   52   27 0.188057991325 0.752231965299
   53   27 0.188057770015 0.752231080060
   54   27 0.188057478614 0.752229914457

