# 2D BCS superconductor
# Lx=54, Ly=27, t=2, V/t=2, 
# Spatial profile of BCS pairing field initialized with random DeltaBCS - 1st iteration
# x, y, BCS pairing field, V*BCS pairing field
    1    1 0.188065327547 0.752261310189
    2    1 0.188062302211 0.752249208842
    3    1 0.188064359819 0.752257439278
    4    1 0.188058789068 0.752235156271
    5    1 0.188059534746 0.752238138983
    6    1 0.188061607971 0.752246431883
    7    1 0.188056501923 0.752226007692
    8    1 0.188061254805 0.752245019220
    9    1 0.188058957106 0.752235828426
   10    1 0.188059406562 0.752237626248
   11    1 0.188061002153 0.752244008612
   12    1 0.188060158745 0.752240634982
   13    1 0.188057458926 0.752229835704
   14    1 0.188060899863 0.752243599451
   15    1 0.188059999875 0.752239999502
   16    1 0.188060087515 0.752240350058
   17    1 0.188059505266 0.752238021062
   18    1 0.188064702881 0.752258811524
   19    1 0.188064954478 0.752259817911
   20    1 0.188064485991 0.752257943963
   21    1 0.188068851652 0.752275406606
   22    1 0.188068442718 0.752273770871
   23    1 0.188074033173 0.752296132692
   24    1 0.188071841588 0.752287366354
   25    1 0.188072813754 0.752291255018
   26    1 0.188073994783 0.752295979133
   27    1 0.188070076575 0.752280306300
   28    1 0.188071988471 0.752287953885
   29    1 0.188073158370 0.752292633478
   30    1 0.188074423185 0.752297692739
   31    1 0.188074077314 0.752296309256
   32    1 0.188074635976 0.752298543904
   33    1 0.188072729236 0.752290916945
   34    1 0.188068449482 0.752273797929
   35    1 0.188068587157 0.752274348628
   36    1 0.188066311434 0.752265245738
   37    1 0.188061362582 0.752245450326
   38    1 0.188064429978 0.752257719911
   39    1 0.188061429138 0.752245716550
   40    1 0.188059757748 0.752239030993
   41    1 0.188059082156 0.752236328625
   42    1 0.188060814541 0.752243258165
   43    1 0.188060631968 0.752242527873
   44    1 0.188058987332 0.752235949328
   45    1 0.188061998071 0.752247992282
   46    1 0.188057965290 0.752231861161
   47    1 0.188059863216 0.752239452863
   48    1 0.188060064217 0.752240256866
   49    1 0.188059024408 0.752236097632
   50    1 0.188063348942 0.752253395768
   51    1 0.188059775270 0.752239101081
   52    1 0.188065250343 0.752261001371
   53    1 0.188065754100 0.752263016401
   54    1 0.188061687599 0.752246750397

    1    2 0.188062982306 0.752251929226
    2    2 0.188073259168 0.752293036671
    3    2 0.188058262548 0.752233050192
    4    2 0.188064944034 0.752259776137
    5    2 0.188062375806 0.752249503226
    6    2 0.188056640243 0.752226560973
    7    2 0.188069164086 0.752276656342
    8    2 0.188056998498 0.752227993992
    9    2 0.188067245592 0.752268982366
   10    2 0.188064332796 0.752257331182
   11    2 0.188063084885 0.752252339541
   12    2 0.188065276908 0.752261107632
   13    2 0.188068639374 0.752274557497
   14    2 0.188059991848 0.752239967394
   15    2 0.188066939014 0.752267756056
   16    2 0.188065535073 0.752262140291
   17    2 0.188069243036 0.752276972144
   18    2 0.188063528761 0.752254115045
   19    2 0.188072225671 0.752288902683
   20    2 0.188075858748 0.752303434991
   21    2 0.188073054021 0.752292216084
   22    2 0.188085121854 0.752340487418
   23    2 0.188072399886 0.752289599544
   24    2 0.188085151655 0.752340606618
   25    2 0.188081686651 0.752326746605
   26    2 0.188075124014 0.752300496057
   27    2 0.188084550073 0.752338200293
   28    2 0.188078534720 0.752314138882
   29    2 0.188082810766 0.752331243063
   30    2 0.188081147420 0.752324589678
   31    2 0.188085155290 0.752340621159
   32    2 0.188082873543 0.752331494171
   33    2 0.188079502454 0.752318009816
   34    2 0.188084309635 0.752337238539
   35    2 0.188073501690 0.752294006759
   36    2 0.188067928632 0.752271714530
   37    2 0.188076605194 0.752306420776
   38    2 0.188064843420 0.752259373679
   39    2 0.188066371757 0.752265487027
   40    2 0.188064967290 0.752259869161
   41    2 0.188067719051 0.752270876204
   42    2 0.188065011327 0.752260045309
   43    2 0.188063501060 0.752254004242
   44    2 0.188069738622 0.752278954487
   45    2 0.188058864028 0.752235456112
   46    2 0.188067636741 0.752270546963
   47    2 0.188063560709 0.752254242836
   48    2 0.188061002741 0.752244010965
   49    2 0.188067766406 0.752271065624
   50    2 0.188058900753 0.752235603011
   51    2 0.188069743200 0.752278972801
   52    2 0.188062946632 0.752251786529
   53    2 0.188066912248 0.752267648992
   54    2 0.188075249629 0.752300998516

    1    3 0.188092941769 0.752371767075
    2    3 0.188057278855 0.752229115420
    3    3 0.188076676592 0.752306706367
    4    3 0.188066801916 0.752267207662
    5    3 0.188062298925 0.752249195700
    6    3 0.188070598410 0.752282393639
    7    3 0.188061118608 0.752244474432
    8    3 0.188081619046 0.752326476184
    9    3 0.188064130915 0.752256523660
   10    3 0.188079627414 0.752318509655
   11    3 0.188074930353 0.752299721412
   12    3 0.188075543349 0.752302173397
   13    3 0.188077234152 0.752308936608
   14    3 0.188083861012 0.752335444046
   15    3 0.188069291059 0.752277164235
   16    3 0.188083037141 0.752332148565
   17    3 0.188079215196 0.752316860784
   18    3 0.188085092924 0.752340371695
   19    3 0.188077050666 0.752308202664
   20    3 0.188096150359 0.752384601438
   21    3 0.188104554741 0.752418218963
   22    3 0.188083802641 0.752335210565
   23    3 0.188112930022 0.752451720088
   24    3 0.188088415824 0.752353663297
   25    3 0.188096818565 0.752387274258
   26    3 0.188104954631 0.752419818525
   27    3 0.188092283928 0.752369135712
   28    3 0.188110914651 0.752443658605
   29    3 0.188094224183 0.752376896733
   30    3 0.188107493509 0.752429974037
   31    3 0.188101165590 0.752404662361
   32    3 0.188100106751 0.752400427006
   33    3 0.188111223501 0.752444894005
   34    3 0.188093594286 0.752374377144
   35    3 0.188093974603 0.752375898412
   36    3 0.188097090138 0.752388360554
   37    3 0.188078512031 0.752314048124
   38    3 0.188083013624 0.752332054495
   39    3 0.188076379158 0.752305516631
   40    3 0.188083720161 0.752334880642
   41    3 0.188078173837 0.752312695346
   42    3 0.188075794886 0.752303179543
   43    3 0.188084061087 0.752336244348
   44    3 0.188066770072 0.752267080288
   45    3 0.188081914890 0.752327659559
   46    3 0.188072517611 0.752290070443
   47    3 0.188070321904 0.752281287616
   48    3 0.188079513468 0.752318053872
   49    3 0.188063640299 0.752254561197
   50    3 0.188074259030 0.752297036120
   51    3 0.188069196534 0.752276786135
   52    3 0.188073807696 0.752295230785
   53    3 0.188073830625 0.752295322501
   54    3 0.188075788623 0.752303154491

    1    4 0.188069887539 0.752279550157
    2    4 0.188103986710 0.752415946841
    3    4 0.188070381247 0.752281524988
    4    4 0.188076169827 0.752304679308
    5    4 0.188080146409 0.752320585635
    6    4 0.188071335219 0.752285340876
    7    4 0.188084735926 0.752338943705
    8    4 0.188073162159 0.752292648638
    9    4 0.188105718554 0.752422874214
   10    4 0.188078158146 0.752312632585
   11    4 0.188105328749 0.752421314997
   12    4 0.188096795085 0.752387180338
   13    4 0.188098265261 0.752393061042
   14    4 0.188102212259 0.752408849037
   15    4 0.188114818438 0.752459273753
   16    4 0.188089341387 0.752357365549
   17    4 0.188112033487 0.752448133949
   18    4 0.188108354904 0.752433419616
   19    4 0.188129994015 0.752519976061
   20    4 0.188114329122 0.752457316486
   21    4 0.188122890531 0.752491562125
   22    4 0.188154500819 0.752618003275
   23    4 0.188110834819 0.752443339277
   24    4 0.188141692419 0.752566769675
   25    4 0.188122504751 0.752490019005
   26    4 0.188132402152 0.752529608607
   27    4 0.188155020607 0.752620082428
   28    4 0.188118705551 0.752474822203
   29    4 0.188162468323 0.752649873291
   30    4 0.188127215568 0.752508862271
   31    4 0.188137974854 0.752551899417
   32    4 0.188152034295 0.752608137180
   33    4 0.188125743892 0.752502975570
   34    4 0.188136128512 0.752544514050
   35    4 0.188140045047 0.752560180186
   36    4 0.188124727135 0.752498908540
   37    4 0.188112364707 0.752449458830
   38    4 0.188102196032 0.752408784128
   39    4 0.188116749826 0.752466999306
   40    4 0.188103233148 0.752412932592
   41    4 0.188101004150 0.752404016598
   42    4 0.188112834307 0.752451337227
   43    4 0.188084215970 0.752336863881
   44    4 0.188107871010 0.752431484039
   45    4 0.188092629998 0.752370519991
   46    4 0.188088401641 0.752353606564
   47    4 0.188102249737 0.752408998947
   48    4 0.188075808325 0.752303233302
   49    4 0.188090991863 0.752363967453
   50    4 0.188083325385 0.752333301541
   51    4 0.188077269443 0.752309077773
   52    4 0.188089949344 0.752359797376
   53    4 0.188088646107 0.752354584428
   54    4 0.188092240705 0.752368962820

    1    5 0.188088074221 0.752352296884
    2    5 0.188097174997 0.752388699988
    3    5 0.188113100146 0.752452400582
    4    5 0.188088042750 0.752352171002
    5    5 0.188096024488 0.752384097951
    6    5 0.188103368258 0.752413473031
    7    5 0.188091057755 0.752364231020
    8    5 0.188111947722 0.752447790888
    9    5 0.188095768287 0.752383073149
   10    5 0.188151705812 0.752606823249
   11    5 0.188106363046 0.752425452185
   12    5 0.188152316791 0.752609267164
   13    5 0.188139388495 0.752557553981
   14    5 0.188142295835 0.752569183338
   15    5 0.188150722619 0.752602890475
   16    5 0.188171579415 0.752686317659
   17    5 0.188130115596 0.752520462384
   18    5 0.188193255422 0.752773021687
   19    5 0.188181966783 0.752727867130
   20    5 0.188177940571 0.752711762284
   21    5 0.188179377958 0.752717511832
   22    5 0.188177674699 0.752710698797
   23    5 0.188205197259 0.752820789034
   24    5 0.188167533911 0.752670135643
   25    5 0.188214317937 0.752857271749
   26    5 0.188196510076 0.752786040304
   27    5 0.188184611413 0.752738445652
   28    5 0.188249036177 0.752996144707
   29    5 0.188171992272 0.752687969088
   30    5 0.188228907477 0.752915629907
   31    5 0.188209991026 0.752839964104
   32    5 0.188182432666 0.752729730662
   33    5 0.188195167572 0.752780670288
   34    5 0.188206930058 0.752827720233
   35    5 0.188197852598 0.752791410394
   36    5 0.188172866403 0.752691465611
   37    5 0.188185918164 0.752743672657
   38    5 0.188178165325 0.752712661298
   39    5 0.188152588173 0.752610352692
   40    5 0.188151013896 0.752604055583
   41    5 0.188166028135 0.752664112541
   42    5 0.188119183076 0.752476732306
   43    5 0.188157051329 0.752628205317
   44    5 0.188131558702 0.752526234807
   45    5 0.188122334340 0.752489337361
   46    5 0.188145545768 0.752582183072
   47    5 0.188099292331 0.752397169325
   48    5 0.188123094127 0.752492376509
   49    5 0.188110479233 0.752441916932
   50    5 0.188098775297 0.752395101190
   51    5 0.188120360594 0.752481442377
   52    5 0.188095907122 0.752383628489
   53    5 0.188122248770 0.752488995080
   54    5 0.188071108859 0.752284435434

    1    6 0.188106298950 0.752425195799
    2    6 0.188060668713 0.752242674854
    3    6 0.188132477346 0.752529909386
    4    6 0.188165193773 0.752660775093
    5    6 0.188121142815 0.752484571258
    6    6 0.188135630967 0.752542523867
    7    6 0.188148002191 0.752592008764
    8    6 0.188128330923 0.752513323691
    9    6 0.188163250229 0.752653000915
   10    6 0.188139090680 0.752556362719
   11    6 0.188236459587 0.752945838347
   12    6 0.188162211892 0.752648847568
   13    6 0.188241008273 0.752964033091
   14    6 0.188221281276 0.752885125106
   15    6 0.188224881621 0.752899526486
   16    6 0.188247649575 0.752990598301
   17    6 0.188330189522 0.753320758089
   18    6 0.188239465861 0.752957863443
   19    6 0.188278246682 0.753112986727
   20    6 0.188312860811 0.753251443243
   21    6 0.188271838689 0.753087354755
   22    6 0.188225764995 0.752903059981
   23    6 0.188288254179 0.753153016715
   24    6 0.188335007749 0.753340030998
   25    6 0.188293700401 0.753174801604
   26    6 0.188322032475 0.753288129899
   27    6 0.188336887994 0.753347551976
   28    6 0.188286906310 0.753147625240
   29    6 0.188374170765 0.753496683061
   30    6 0.188309145151 0.753236580606
   31    6 0.188323774626 0.753295098505
   32    6 0.188274798745 0.753099194979
   33    6 0.188324682948 0.753298731792
   34    6 0.188297690425 0.753190761699
   35    6 0.188259629595 0.753038518381
   36    6 0.188318627453 0.753274509812
   37    6 0.188304287079 0.753217148315
   38    6 0.188310082036 0.753240328143
   39    6 0.188249053019 0.752996212076
   40    6 0.188265653762 0.753062615046
   41    6 0.188188628082 0.752754512326
   42    6 0.188248661005 0.752994644022
   43    6 0.188206410838 0.752825643351
   44    6 0.188187332307 0.752749329226
   45    6 0.188226013191 0.752904052763
   46    6 0.188143532764 0.752574131057
   47    6 0.188183574142 0.752734296568
   48    6 0.188161576227 0.752646304908
   49    6 0.188141438589 0.752565754356
   50    6 0.188178394421 0.752713577683
   51    6 0.188137500384 0.752550001534
   52    6 0.188174362759 0.752697451036
   53    6 0.188043476752 0.752173907010
   54    6 0.188115277259 0.752461109035

    1    7 0.188067065793 0.752268263173
    2    7 0.188142513370 0.752570053482
    3    7 0.188069124182 0.752276496730
    4    7 0.188198349698 0.752793398792
    5    7 0.188267463008 0.753069852032
    6    7 0.188189169041 0.752756676165
    7    7 0.188212913789 0.752851655155
    8    7 0.188234318148 0.752937272591
    9    7 0.188200851863 0.752803407451
   10    7 0.188259836948 0.753039347792
   11    7 0.188223984988 0.752895939951
   12    7 0.188397461753 0.753589847013
   13    7 0.188275108143 0.753100432573
   14    7 0.188413127670 0.753652510679
   15    7 0.188394791603 0.753579166410
   16    7 0.188487420071 0.753949680284
   17    7 0.188491388328 0.753965553311
   18    7 0.188509204709 0.754036818837
   19    7 0.188435571524 0.753742286095
   20    7 0.188443179219 0.753772716876
   21    7 0.188427580064 0.753710320254
   22    7 0.188467023673 0.753868094693
   23    7 0.188383536042 0.753534144168
   24    7 0.188532872787 0.754131491149
   25    7 0.188532296711 0.754129186846
   26    7 0.188541852822 0.754167411289
   27    7 0.188536091870 0.754144367481
   28    7 0.188522102649 0.754088410597
   29    7 0.188547360002 0.754189440009
   30    7 0.188551543640 0.754206174561
   31    7 0.188411809433 0.753647237730
   32    7 0.188613117404 0.754452469617
   33    7 0.188435186447 0.753740745787
   34    7 0.188412967531 0.753651870126
   35    7 0.188505701898 0.754022807591
   36    7 0.188493736932 0.753974947729
   37    7 0.188565049534 0.754260198135
   38    7 0.188459984483 0.753839937930
   39    7 0.188577412336 0.754309649342
   40    7 0.188339811741 0.753359246963
   41    7 0.188425212727 0.753700850909
   42    7 0.188354654906 0.753418619624
   43    7 0.188312928063 0.753251712253
   44    7 0.188379074557 0.753516298228
   45    7 0.188229521210 0.752918084842
   46    7 0.188298442021 0.753193768085
   47    7 0.188259466588 0.753037866351
   48    7 0.188226686018 0.752906744073
   49    7 0.188291808064 0.753167232255
   50    7 0.188222193745 0.752888774979
   51    7 0.188271981329 0.753087925316
   52    7 0.188039146644 0.752156586577
   53    7 0.188157946046 0.752631784184
   54    7 0.188070211000 0.752280843999

    1    8 0.188065315734 0.752261262937
    2    8 0.188080789969 0.752323159875
    3    8 0.188213263153 0.752853052613
    4    8 0.188088892225 0.752355568901
    5    8 0.188328364450 0.753313457802
    6    8 0.188470056400 0.753880225599
    7    8 0.188331096773 0.753324387093
    8    8 0.188371702055 0.753486808219
    9    8 0.188408224085 0.753632896342
   10    8 0.188351041078 0.753404164312
   11    8 0.188453822278 0.753815289111
   12    8 0.188404125988 0.753616503950
   13    8 0.188727388587 0.754909554349
   14    8 0.188551413923 0.754205655691
   15    8 0.188963642709 0.755854570837
   16    8 0.188846358279 0.755385433114
   17    8 0.188777265274 0.755109061097
   18    8 0.188948873596 0.755795494382
   19    8 0.188869669589 0.755478678356
   20    8 0.188582883763 0.754331535053
   21    8 0.188810083023 0.755240332091
   22    8 0.188801592902 0.755206371606
   23    8 0.188924984473 0.755699937891
   24    8 0.188608161125 0.754432644500
   25    8 0.189026208799 0.756104835196
   26    8 0.188946528040 0.755786112158
   27    8 0.188900819845 0.755603279380
   28    8 0.189078951370 0.756315805479
   29    8 0.188770696268 0.755082785072
   30    8 0.188770422466 0.755081689862
   31    8 0.189108559218 0.756434236874
   32    8 0.188684982369 0.754739929474
   33    8 0.188845026409 0.755380105635
   34    8 0.188793175204 0.755172700814
   35    8 0.188857566149 0.755430264596
   36    8 0.188952884887 0.755811539549
   37    8 0.188773028801 0.755092115202
   38    8 0.189098063058 0.756392252231
   39    8 0.188697435916 0.754789743664
   40    8 0.189019875765 0.756079503060
   41    8 0.188703470511 0.754813882045
   42    8 0.188579739657 0.754318958628
   43    8 0.188690457647 0.754761830587
   44    8 0.188407434047 0.753629736186
   45    8 0.188528926103 0.754115704411
   46    8 0.188458486832 0.753833947328
   47    8 0.188404292418 0.753617169670
   48    8 0.188520337281 0.754081349124
   49    8 0.188396368698 0.753585474794
   50    8 0.188459559210 0.753838236839
   51    8 0.188035203179 0.752140812718
   52    8 0.188241740346 0.752966961382
   53    8 0.188086358850 0.752345435399
   54    8 0.188062186331 0.752248745324

    1    9 0.188063558611 0.752254234443
    2    9 0.188068305440 0.752273221760
    3    9 0.188113149951 0.752452599803
    4    9 0.188354028569 0.753416114275
    5    9 0.188131216310 0.752524865242
    6    9 0.188591518556 0.754366074226
    7    9 0.188887011334 0.755548045334
    8    9 0.188642861905 0.754571447620
    9    9 0.188724935373 0.754899741491
   10    9 0.188792029574 0.755168118296
   11    9 0.188704598084 0.754818392335
   12    9 0.188911140362 0.755644561450
   13    9 0.188904823498 0.755619293992
   14    9 0.189825929301 0.759303717203
   15    9 0.189332042397 0.757328169589
   16    9 0.189645559374 0.758582237496
   17    9 0.189717814670 0.758871258679
   18    9 0.189411310798 0.757645243193
   19    9 0.189462997331 0.757851989323
   20    9 0.189724855696 0.758899422782
   21    9 0.189218080303 0.756872321212
   22    9 0.189745923208 0.758983692830
   23    9 0.189422543305 0.757690173219
   24    9 0.189901592429 0.759606369715
   25    9 0.189145552710 0.756582210841
   26    9 0.189806833670 0.759227334678
   27    9 0.190022376826 0.760089507302
   28    9 0.189415824103 0.757663296411
   29    9 0.189647247169 0.758588988677
   30    9 0.189700339882 0.758801359529
   31    9 0.189367268725 0.757469074902
   32    9 0.189619336452 0.758477345809
   33    9 0.189370551464 0.757482205856
   34    9 0.189883025540 0.759532102159
   35    9 0.189636205390 0.758544821562
   36    9 0.189422626130 0.757690504522
   37    9 0.189952318744 0.759809274976
   38    9 0.189226923198 0.756907692790
   39    9 0.190053655661 0.760214622643
   40    9 0.189555908268 0.758223633071
   41    9 0.189647508382 0.758590033529
   42    9 0.189473930323 0.757895721293
   43    9 0.188852614702 0.755410458807
   44    9 0.189047461885 0.756189847541
   45    9 0.188904780145 0.755619120580
   46    9 0.188804181833 0.755216727331
   47    9 0.189008940658 0.756035762633
   48    9 0.188767546335 0.755070185340
   49    9 0.188832087405 0.755328349620
   50    9 0.188031377920 0.752125511681
   51    9 0.188406134427 0.753624537707
   52    9 0.188124793508 0.752499174031
   53    9 0.188065660603 0.752262642413
   54    9 0.188066976165 0.752267904662

    1   10 0.188061907478 0.752247629911
    2   10 0.188071658569 0.752286634275
    3   10 0.188083689656 0.752334758625
    4   10 0.188184101996 0.752736407985
    5   10 0.188637460172 0.754549840686
    6   10 0.188225747539 0.752902990157
    7   10 0.189159027320 0.756636109280
    8   10 0.189796701449 0.759186805795
    9   10 0.189389101660 0.757556406639
   10   10 0.189606799046 0.758427196183
   11   10 0.189790487975 0.759161951901
   12   10 0.189770730966 0.759082923862
   13   10 0.190749402635 0.762997610540
   14   10 0.190347739839 0.761390959356
   15   10 0.191209337561 0.764837350243
   16   10 0.190834909970 0.763339639881
   17   10 0.191176774408 0.764707097634
   18   10 0.190761902401 0.763047609604
   19   10 0.191071612584 0.764286450335
   20   10 0.191283909589 0.765135638356
   21   10 0.191974696066 0.767898784266
   22   10 0.190303355291 0.761213421165
   23   10 0.191856379367 0.767425517466
   24   10 0.190916247410 0.763664989640
   25   10 0.191558563229 0.766234252917
   26   10 0.190699819401 0.762799277603
   27   10 0.190957597351 0.763830389404
   28   10 0.191211102901 0.764844411603
   29   10 0.191354820389 0.765419281556
   30   10 0.191127048821 0.764508195284
   31   10 0.190481739742 0.761926958967
   32   10 0.190926580359 0.763706321437
   33   10 0.191859885618 0.767439542473
   34   10 0.191113371806 0.764453487225
   35   10 0.191367679131 0.765470716525
   36   10 0.191572691684 0.766290766737
   37   10 0.190426519458 0.761706077831
   38   10 0.191840150679 0.767360602715
   39   10 0.190895313816 0.763581255266
   40   10 0.191515212846 0.766060851384
   41   10 0.191406016011 0.765624064043
   42   10 0.190899094385 0.763596377541
   43   10 0.190514850971 0.762059403883
   44   10 0.190102915890 0.760411663562
   45   10 0.189813424180 0.759253696719
   46   10 0.190149726055 0.760598904219
   47   10 0.189607756759 0.758431027036
   48   10 0.189621434561 0.758485738243
   49   10 0.188029379152 0.752117516609
   50   10 0.188736003993 0.754944015973
   51   10 0.188209299417 0.752837197668
   52   10 0.188081077092 0.752324308368
   53   10 0.188077004954 0.752308019815
   54   10 0.188059993873 0.752239975491

    1   11 0.188060514898 0.752242059592
    2   11 0.188065248809 0.752260995235
    3   11 0.188091696191 0.752366784765
    4   11 0.188123032332 0.752492129327
    5   11 0.188339953143 0.753359812571
    6   11 0.189238989919 0.756955959674
    7   11 0.188465257530 0.753861030119
    8   11 0.190525928812 0.762103715246
    9   11 0.191965057905 0.767860231618
   10   11 0.191450211744 0.765800846977
   11   11 0.192212495868 0.768849983473
   12   11 0.193686440289 0.774745761155
   13   11 0.192796629461 0.771186517844
   14   11 0.192656803099 0.770627212394
   15   11 0.192921668807 0.771686675227
   16   11 0.194288466436 0.777153865743
   17   11 0.192414776533 0.769659106131
   18   11 0.195098221080 0.780392884321
   19   11 0.194419973018 0.777679892071
   20   11 0.195705785526 0.782823142103
   21   11 0.194631243711 0.778524974844
   22   11 0.196983428421 0.787933713684
   23   11 0.192923652025 0.771694608101
   24   11 0.195666361421 0.782665445683
   25   11 0.194801280305 0.779205121218
   26   11 0.193926081767 0.775704327070
   27   11 0.191671798806 0.766687195225
   28   11 0.194998994806 0.779995979222
   29   11 0.194253209057 0.777012836227
   30   11 0.193163417706 0.772653670825
   31   11 0.194836789505 0.779347158019
   32   11 0.194486848053 0.777947392212
   33   11 0.194971794242 0.779887176969
   34   11 0.195018204740 0.780072818958
   35   11 0.195060175782 0.780240703130
   36   11 0.194136010691 0.776544042762
   37   11 0.195272474095 0.781089896381
   38   11 0.194001133890 0.776004535561
   39   11 0.194654901451 0.778619605802
   40   11 0.194302339008 0.777209356033
   41   11 0.194346519415 0.777386077662
   42   11 0.194198027085 0.776792108341
   43   11 0.195033851292 0.780135405170
   44   11 0.192825023556 0.771300094223
   45   11 0.193237256365 0.772949025460
   46   11 0.191696617282 0.766786469129
   47   11 0.191485295229 0.765941180916
   48   11 0.188047512307 0.752190049228
   49   11 0.189437846162 0.757751384650
   50   11 0.188395975485 0.753583901942
   51   11 0.188121258283 0.752485033131
   52   11 0.188100863578 0.752403454314
   53   11 0.188063933458 0.752255733832
   54   11 0.188063365992 0.752253463967

    1   12 0.188059536423 0.752238145692
    2   12 0.188068250843 0.752273003373
    3   12 0.188078092175 0.752312368699
    4   12 0.188136068270 0.752544273078
    5   12 0.188222900275 0.752891601102
    6   12 0.188695962589 0.754783850357
    7   12 0.190638527872 0.762554111486
    8   12 0.189237606760 0.756950427038
    9   12 0.194581604093 0.778326416371
   10   12 0.197952113743 0.791808454973
   11   12 0.199575957275 0.798303829099
   12   12 0.199797170564 0.799188682256
   13   12 0.197308612539 0.789234450156
   14   12 0.197612070386 0.790448281543
   15   12 0.196770369060 0.787081476239
   16   12 0.194742306436 0.778969225744
   17   12 0.201926300437 0.807705201747
   18   12 0.198413039848 0.793652159392
   19   12 0.206059399233 0.824237596933
   20   12 0.200408612767 0.801634451068
   21   12 0.205854072218 0.823416288873
   22   12 0.202506777843 0.810027111373
   23   12 0.205864735713 0.823458942851
   24   12 0.199408301057 0.797633204229
   25   12 0.201366609540 0.805466438158
   26   12 0.197525067333 0.790100269330
   27   12 0.201606623425 0.806426493701
   28   12 0.194369385677 0.777477542709
   29   12 0.198607019973 0.794428079893
   30   12 0.201399975685 0.805599902740
   31   12 0.201952582065 0.807810328261
   32   12 0.204596678606 0.818386714423
   33   12 0.198763258158 0.795053032632
   34   12 0.203671759468 0.814687037873
   35   12 0.200496235144 0.801984940576
   36   12 0.202406711242 0.809626844968
   37   12 0.203216841632 0.812867366527
   38   12 0.200187435767 0.800749743068
   39   12 0.200943812231 0.803775248923
   40   12 0.199532359775 0.798129439101
   41   12 0.198452293696 0.793809174784
   42   12 0.203351851551 0.813407406205
   43   12 0.200649863560 0.802599454238
   44   12 0.205196840403 0.820787361614
   45   12 0.197781542578 0.791126170311
   46   12 0.196901576778 0.787606307112
   47   12 0.188244609426 0.752978437702
   48   12 0.191085070814 0.764340283258
   49   12 0.188825486802 0.755301947208
   50   12 0.188227604929 0.752910419717
   51   12 0.188153075385 0.752612301539
   52   12 0.188076638673 0.752306554690
   53   12 0.188073067795 0.752292271181
   54   12 0.188058111256 0.752232445025

    1   13 0.188059119948 0.752236479791
    2   13 0.188063766867 0.752255067466
    3   13 0.188087028822 0.752348115286
    4   13 0.188109149807 0.752436599228
    5   13 0.188244519068 0.752978076271
    6   13 0.188506649567 0.754026598267
    7   13 0.189557279385 0.758229117541
    8   13 0.194510005904 0.778040023617
    9   13 0.193408586001 0.773634344006
   10   13 0.214947670584 0.859790682336
   11   13 0.219995590778 0.879982363111
   12   13 0.207862853727 0.831451414909
   13   13 0.212838641148 0.851354564592
   14   13 0.205714940729 0.822859762917
   15   13 0.199988885545 0.799955542179
   16   13 0.206858338004 0.827433352017
   17   13 0.206013072710 0.824052290841
   18   13 0.227350862266 0.909403449064
   19   13 0.207686730703 0.830746922814
   20   13 0.231660828495 0.926643313981
   21   13 0.214754766744 0.859019066975
   22   13 0.224964171665 0.899856686660
   23   13 0.225863939208 0.903455756833
   24   13 0.218943733753 0.875774935010
   25   13 0.199622883544 0.798491534175
   26   13 0.221228431680 0.884913726721
   27   13 0.208157666088 0.832630664352
   28   13 0.206366596313 0.825466385250
   29   13 0.199386781358 0.797547125432
   30   13 0.219515915110 0.878063660440
   31   13 0.225783894536 0.903135578146
   32   13 0.212815206799 0.851260827194
   33   13 0.225978692525 0.903914770100
   34   13 0.204315154881 0.817260619524
   35   13 0.220703049860 0.882812199440
   36   13 0.221868364329 0.887473457317
   37   13 0.213420256948 0.853681027790
   38   13 0.222937799796 0.891751199184
   39   13 0.208003168311 0.832012673245
   40   13 0.208865061259 0.835460245035
   41   13 0.216635263688 0.866541054754
   42   13 0.208634937674 0.834539750696
   43   13 0.228465201310 0.913860805242
   44   13 0.220100540414 0.880402161655
   45   13 0.224147762550 0.896591050201
   46   13 0.190759259931 0.763037039724
   47   13 0.195750545407 0.783002181629
   48   13 0.189872335943 0.759489343770
   49   13 0.188542404935 0.754169619740
   50   13 0.188280906457 0.753123625827
   51   13 0.188107159556 0.752428638224
   52   13 0.188095603019 0.752382412077
   53   13 0.188062800603 0.752251202414
   54   13 0.188061727739 0.752246910957

    1   14 0.188058783516 0.752235134063
    2   14 0.188067113543 0.752268454173
    3   14 0.188076707979 0.752306831917
    4   14 0.188128613338 0.752514453352
    5   14 0.188192302335 0.752769209341
    6   14 0.188550405108 0.754201620434
    7   14 0.189469603985 0.757878415938
    8   14 0.191717012048 0.766868048190
    9   14 0.211714538568 0.846858154272
   10   14 0.343316880215 3.489451520862
   11   14 0.359334240263 3.952464961053
   12   14 0.283503645441 1.859638581766
   13   14 0.295606486682 2.338565946727
   14   14 0.262198568278 1.701898273113
   15   14 0.217983077691 0.967485110763
   16   14 0.248246071249 1.479004284994
   17   14 0.288308459782 1.981709839127
   18   14 0.383848526993 5.066138107970
   19   14 0.309079876753 2.125927507013
   20   14 0.394583445051 5.536877780204
   21   14 0.325814010966 2.574508043865
   22   14 0.368651890276 4.069703561105
   23   14 0.393721669405 5.256442677619
   24   14 0.332908867306 3.060611469223
   25   14 0.241297752187 1.050322208749
   26   14 0.352409955657 3.902851822627
   27   14 0.297555947105 2.263571788421
   28   14 0.236425524197 1.251715296787
   29   14 0.226750674329 0.969972697317
   30   14 0.361202917424 3.978543669694
   31   14 0.388811072817 5.071712291268
   32   14 0.321605923573 2.512239694291
   33   14 0.354289738560 3.895298954241
   34   14 0.263515330284 1.406396921137
   35   14 0.334881512560 3.191294050240
   36   14 0.350121866455 3.592127465818
   37   14 0.314801708020 2.443298832078
   38   14 0.353047801106 3.832071204425
   39   14 0.274907969010 1.755399876040
   40   14 0.263724397056 1.624765588226
   41   14 0.301983520380 2.466270081520
   42   14 0.293772940129 1.978823760516
   43   14 0.394107567789 5.361534271155
   44   14 0.380919069044 4.320728276178
   45   14 0.394609454417 5.490593817669
   46   14 0.218218593724 0.872874374895
   47   14 0.192497030429 0.769988121717
   48   14 0.189651911180 0.758607644721
   49   14 0.188646044031 0.754584176126
   50   14 0.188192865140 0.752771460562
   51   14 0.188144541349 0.752578165397
   52   14 0.188075681797 0.752302727189
   53   14 0.188071677765 0.752286711059
   54   14 0.188057476426 0.752229905705

    1   15 0.188059119948 0.752236479791
    2   15 0.188063766867 0.752255067466
    3   15 0.188087028822 0.752348115286
    4   15 0.188109149807 0.752436599228
    5   15 0.188244519068 0.752978076271
    6   15 0.188506649567 0.754026598267
    7   15 0.189557279385 0.758229117541
    8   15 0.194510005904 0.778040023617
    9   15 0.193408586001 0.773634344006
   10   15 0.214947670584 0.859790682336
   11   15 0.219995590778 0.879982363111
   12   15 0.207862853727 0.831451414909
   13   15 0.212838641148 0.851354564592
   14   15 0.205714940729 0.822859762917
   15   15 0.199988885545 0.799955542179
   16   15 0.206858338004 0.827433352017
   17   15 0.206013072710 0.824052290841
   18   15 0.227350862266 0.909403449064
   19   15 0.207686730703 0.830746922814
   20   15 0.231660828495 0.926643313981
   21   15 0.214754766744 0.859019066975
   22   15 0.224964171665 0.899856686660
   23   15 0.225863939208 0.903455756833
   24   15 0.218943733753 0.875774935010
   25   15 0.199622883544 0.798491534175
   26   15 0.221228431680 0.884913726721
   27   15 0.208157666088 0.832630664352
   28   15 0.206366596313 0.825466385250
   29   15 0.199386781358 0.797547125432
   30   15 0.219515915110 0.878063660440
   31   15 0.225783894536 0.903135578146
   32   15 0.212815206799 0.851260827194
   33   15 0.225978692525 0.903914770100
   34   15 0.204315154881 0.817260619524
   35   15 0.220703049860 0.882812199440
   36   15 0.221868364329 0.887473457317
   37   15 0.213420256948 0.853681027790
   38   15 0.222937799796 0.891751199184
   39   15 0.208003168311 0.832012673245
   40   15 0.208865061259 0.835460245035
   41   15 0.216635263688 0.866541054754
   42   15 0.208634937674 0.834539750696
   43   15 0.228465201310 0.913860805242
   44   15 0.220100540414 0.880402161655
   45   15 0.224147762550 0.896591050201
   46   15 0.190759259931 0.763037039724
   47   15 0.195750545407 0.783002181629
   48   15 0.189872335943 0.759489343770
   49   15 0.188542404935 0.754169619740
   50   15 0.188280906457 0.753123625827
   51   15 0.188107159556 0.752428638224
   52   15 0.188095603019 0.752382412077
   53   15 0.188062800603 0.752251202414
   54   15 0.188061727739 0.752246910957

    1   16 0.188059536423 0.752238145692
    2   16 0.188068250843 0.752273003373
    3   16 0.188078092175 0.752312368699
    4   16 0.188136068270 0.752544273078
    5   16 0.188222900275 0.752891601102
    6   16 0.188695962589 0.754783850357
    7   16 0.190638527872 0.762554111486
    8   16 0.189237606760 0.756950427038
    9   16 0.194581604093 0.778326416371
   10   16 0.197952113743 0.791808454973
   11   16 0.199575957275 0.798303829099
   12   16 0.199797170564 0.799188682256
   13   16 0.197308612539 0.789234450156
   14   16 0.197612070386 0.790448281543
   15   16 0.196770369060 0.787081476239
   16   16 0.194742306436 0.778969225744
   17   16 0.201926300437 0.807705201747
   18   16 0.198413039848 0.793652159392
   19   16 0.206059399233 0.824237596933
   20   16 0.200408612767 0.801634451068
   21   16 0.205854072218 0.823416288873
   22   16 0.202506777843 0.810027111373
   23   16 0.205864735713 0.823458942851
   24   16 0.199408301057 0.797633204229
   25   16 0.201366609540 0.805466438158
   26   16 0.197525067333 0.790100269330
   27   16 0.201606623425 0.806426493701
   28   16 0.194369385677 0.777477542709
   29   16 0.198607019973 0.794428079893
   30   16 0.201399975685 0.805599902740
   31   16 0.201952582065 0.807810328261
   32   16 0.204596678606 0.818386714423
   33   16 0.198763258158 0.795053032632
   34   16 0.203671759468 0.814687037873
   35   16 0.200496235144 0.801984940576
   36   16 0.202406711242 0.809626844968
   37   16 0.203216841632 0.812867366527
   38   16 0.200187435767 0.800749743068
   39   16 0.200943812231 0.803775248923
   40   16 0.199532359775 0.798129439101
   41   16 0.198452293696 0.793809174784
   42   16 0.203351851551 0.813407406205
   43   16 0.200649863560 0.802599454238
   44   16 0.205196840403 0.820787361614
   45   16 0.197781542578 0.791126170311
   46   16 0.196901576778 0.787606307112
   47   16 0.188244609426 0.752978437702
   48   16 0.191085070814 0.764340283258
   49   16 0.188825486802 0.755301947208
   50   16 0.188227604929 0.752910419717
   51   16 0.188153075385 0.752612301539
   52   16 0.188076638673 0.752306554690
   53   16 0.188073067795 0.752292271181
   54   16 0.188058111256 0.752232445025

    1   17 0.188060514898 0.752242059592
    2   17 0.188065248809 0.752260995235
    3   17 0.188091696191 0.752366784765
    4   17 0.188123032332 0.752492129327
    5   17 0.188339953143 0.753359812571
    6   17 0.189238989919 0.756955959674
    7   17 0.188465257530 0.753861030119
    8   17 0.190525928812 0.762103715246
    9   17 0.191965057905 0.767860231618
   10   17 0.191450211744 0.765800846977
   11   17 0.192212495868 0.768849983473
   12   17 0.193686440289 0.774745761155
   13   17 0.192796629461 0.771186517844
   14   17 0.192656803099 0.770627212394
   15   17 0.192921668807 0.771686675227
   16   17 0.194288466436 0.777153865743
   17   17 0.192414776533 0.769659106131
   18   17 0.195098221080 0.780392884321
   19   17 0.194419973018 0.777679892071
   20   17 0.195705785526 0.782823142103
   21   17 0.194631243711 0.778524974844
   22   17 0.196983428421 0.787933713684
   23   17 0.192923652025 0.771694608101
   24   17 0.195666361421 0.782665445683
   25   17 0.194801280305 0.779205121218
   26   17 0.193926081767 0.775704327070
   27   17 0.191671798806 0.766687195225
   28   17 0.194998994806 0.779995979222
   29   17 0.194253209057 0.777012836227
   30   17 0.193163417706 0.772653670825
   31   17 0.194836789505 0.779347158019
   32   17 0.194486848053 0.777947392212
   33   17 0.194971794242 0.779887176969
   34   17 0.195018204740 0.780072818958
   35   17 0.195060175782 0.780240703130
   36   17 0.194136010691 0.776544042762
   37   17 0.195272474095 0.781089896381
   38   17 0.194001133890 0.776004535561
   39   17 0.194654901451 0.778619605802
   40   17 0.194302339008 0.777209356033
   41   17 0.194346519415 0.777386077662
   42   17 0.194198027085 0.776792108341
   43   17 0.195033851292 0.780135405170
   44   17 0.192825023556 0.771300094223
   45   17 0.193237256365 0.772949025460
   46   17 0.191696617282 0.766786469129
   47   17 0.191485295229 0.765941180916
   48   17 0.188047512307 0.752190049228
   49   17 0.189437846162 0.757751384650
   50   17 0.188395975485 0.753583901942
   51   17 0.188121258283 0.752485033131
   52   17 0.188100863578 0.752403454314
   53   17 0.188063933458 0.752255733832
   54   17 0.188063365992 0.752253463967

    1   18 0.188061907478 0.752247629911
    2   18 0.188071658569 0.752286634275
    3   18 0.188083689656 0.752334758625
    4   18 0.188184101996 0.752736407985
    5   18 0.188637460172 0.754549840686
    6   18 0.188225747539 0.752902990157
    7   18 0.189159027320 0.756636109280
    8   18 0.189796701449 0.759186805795
    9   18 0.189389101660 0.757556406639
   10   18 0.189606799046 0.758427196183
   11   18 0.189790487975 0.759161951901
   12   18 0.189770730966 0.759082923862
   13   18 0.190749402635 0.762997610540
   14   18 0.190347739839 0.761390959356
   15   18 0.191209337561 0.764837350243
   16   18 0.190834909970 0.763339639881
   17   18 0.191176774408 0.764707097634
   18   18 0.190761902401 0.763047609604
   19   18 0.191071612584 0.764286450335
   20   18 0.191283909589 0.765135638356
   21   18 0.191974696066 0.767898784266
   22   18 0.190303355291 0.761213421165
   23   18 0.191856379367 0.767425517466
   24   18 0.190916247410 0.763664989640
   25   18 0.191558563229 0.766234252917
   26   18 0.190699819401 0.762799277603
   27   18 0.190957597351 0.763830389404
   28   18 0.191211102901 0.764844411603
   29   18 0.191354820389 0.765419281556
   30   18 0.191127048821 0.764508195284
   31   18 0.190481739742 0.761926958967
   32   18 0.190926580359 0.763706321437
   33   18 0.191859885618 0.767439542473
   34   18 0.191113371806 0.764453487225
   35   18 0.191367679131 0.765470716525
   36   18 0.191572691684 0.766290766737
   37   18 0.190426519458 0.761706077831
   38   18 0.191840150679 0.767360602715
   39   18 0.190895313816 0.763581255266
   40   18 0.191515212846 0.766060851384
   41   18 0.191406016011 0.765624064043
   42   18 0.190899094385 0.763596377541
   43   18 0.190514850971 0.762059403883
   44   18 0.190102915890 0.760411663562
   45   18 0.189813424180 0.759253696719
   46   18 0.190149726055 0.760598904219
   47   18 0.189607756759 0.758431027036
   48   18 0.189621434561 0.758485738243
   49   18 0.188029379152 0.752117516609
   50   18 0.188736003993 0.754944015973
   51   18 0.188209299417 0.752837197668
   52   18 0.188081077092 0.752324308368
   53   18 0.188077004954 0.752308019815
   54   18 0.188059993873 0.752239975491

    1   19 0.188063558611 0.752254234443
    2   19 0.188068305440 0.752273221760
    3   19 0.188113149951 0.752452599803
    4   19 0.188354028569 0.753416114275
    5   19 0.188131216310 0.752524865242
    6   19 0.188591518556 0.754366074226
    7   19 0.188887011334 0.755548045334
    8   19 0.188642861905 0.754571447620
    9   19 0.188724935373 0.754899741491
   10   19 0.188792029574 0.755168118296
   11   19 0.188704598084 0.754818392335
   12   19 0.188911140362 0.755644561450
   13   19 0.188904823498 0.755619293992
   14   19 0.189825929301 0.759303717203
   15   19 0.189332042397 0.757328169589
   16   19 0.189645559374 0.758582237496
   17   19 0.189717814670 0.758871258679
   18   19 0.189411310798 0.757645243193
   19   19 0.189462997331 0.757851989323
   20   19 0.189724855696 0.758899422782
   21   19 0.189218080303 0.756872321212
   22   19 0.189745923208 0.758983692830
   23   19 0.189422543305 0.757690173219
   24   19 0.189901592429 0.759606369715
   25   19 0.189145552710 0.756582210841
   26   19 0.189806833670 0.759227334678
   27   19 0.190022376826 0.760089507302
   28   19 0.189415824103 0.757663296411
   29   19 0.189647247169 0.758588988677
   30   19 0.189700339882 0.758801359529
   31   19 0.189367268725 0.757469074902
   32   19 0.189619336452 0.758477345809
   33   19 0.189370551464 0.757482205856
   34   19 0.189883025540 0.759532102159
   35   19 0.189636205390 0.758544821562
   36   19 0.189422626130 0.757690504522
   37   19 0.189952318744 0.759809274976
   38   19 0.189226923198 0.756907692790
   39   19 0.190053655661 0.760214622643
   40   19 0.189555908268 0.758223633071
   41   19 0.189647508382 0.758590033529
   42   19 0.189473930323 0.757895721293
   43   19 0.188852614702 0.755410458807
   44   19 0.189047461885 0.756189847541
   45   19 0.188904780145 0.755619120580
   46   19 0.188804181833 0.755216727331
   47   19 0.189008940658 0.756035762633
   48   19 0.188767546335 0.755070185340
   49   19 0.188832087405 0.755328349620
   50   19 0.188031377920 0.752125511681
   51   19 0.188406134427 0.753624537707
   52   19 0.188124793508 0.752499174031
   53   19 0.188065660603 0.752262642413
   54   19 0.188066976165 0.752267904662

    1   20 0.188065315734 0.752261262937
    2   20 0.188080789969 0.752323159875
    3   20 0.188213263153 0.752853052613
    4   20 0.188088892225 0.752355568901
    5   20 0.188328364450 0.753313457802
    6   20 0.188470056400 0.753880225599
    7   20 0.188331096773 0.753324387093
    8   20 0.188371702055 0.753486808219
    9   20 0.188408224085 0.753632896342
   10   20 0.188351041078 0.753404164312
   11   20 0.188453822278 0.753815289111
   12   20 0.188404125988 0.753616503950
   13   20 0.188727388587 0.754909554349
   14   20 0.188551413923 0.754205655691
   15   20 0.188963642709 0.755854570837
   16   20 0.188846358279 0.755385433114
   17   20 0.188777265274 0.755109061097
   18   20 0.188948873596 0.755795494382
   19   20 0.188869669589 0.755478678356
   20   20 0.188582883763 0.754331535053
   21   20 0.188810083023 0.755240332091
   22   20 0.188801592902 0.755206371606
   23   20 0.188924984473 0.755699937891
   24   20 0.188608161125 0.754432644500
   25   20 0.189026208799 0.756104835196
   26   20 0.188946528040 0.755786112158
   27   20 0.188900819845 0.755603279380
   28   20 0.189078951370 0.756315805479
   29   20 0.188770696268 0.755082785072
   30   20 0.188770422466 0.755081689862
   31   20 0.189108559218 0.756434236874
   32   20 0.188684982369 0.754739929474
   33   20 0.188845026409 0.755380105635
   34   20 0.188793175203 0.755172700814
   35   20 0.188857566149 0.755430264596
   36   20 0.188952884887 0.755811539549
   37   20 0.188773028801 0.755092115202
   38   20 0.189098063058 0.756392252231
   39   20 0.188697435916 0.754789743664
   40   20 0.189019875765 0.756079503060
   41   20 0.188703470511 0.754813882045
   42   20 0.188579739657 0.754318958628
   43   20 0.188690457647 0.754761830587
   44   20 0.188407434047 0.753629736186
   45   20 0.188528926103 0.754115704411
   46   20 0.188458486832 0.753833947328
   47   20 0.188404292418 0.753617169670
   48   20 0.188520337281 0.754081349124
   49   20 0.188396368698 0.753585474794
   50   20 0.188459559210 0.753838236839
   51   20 0.188035203179 0.752140812718
   52   20 0.188241740346 0.752966961382
   53   20 0.188086358850 0.752345435399
   54   20 0.188062186331 0.752248745324

    1   21 0.188067065793 0.752268263173
    2   21 0.188142513370 0.752570053482
    3   21 0.188069124182 0.752276496730
    4   21 0.188198349698 0.752793398792
    5   21 0.188267463008 0.753069852032
    6   21 0.188189169041 0.752756676165
    7   21 0.188212913789 0.752851655155
    8   21 0.188234318148 0.752937272591
    9   21 0.188200851863 0.752803407451
   10   21 0.188259836948 0.753039347792
   11   21 0.188223984988 0.752895939951
   12   21 0.188397461753 0.753589847013
   13   21 0.188275108143 0.753100432573
   14   21 0.188413127670 0.753652510679
   15   21 0.188394791603 0.753579166410
   16   21 0.188487420071 0.753949680284
   17   21 0.188491388328 0.753965553311
   18   21 0.188509204709 0.754036818837
   19   21 0.188435571524 0.753742286095
   20   21 0.188443179219 0.753772716876
   21   21 0.188427580064 0.753710320254
   22   21 0.188467023673 0.753868094693
   23   21 0.188383536042 0.753534144168
   24   21 0.188532872787 0.754131491149
   25   21 0.188532296711 0.754129186846
   26   21 0.188541852822 0.754167411289
   27   21 0.188536091870 0.754144367481
   28   21 0.188522102649 0.754088410597
   29   21 0.188547360002 0.754189440009
   30   21 0.188551543640 0.754206174561
   31   21 0.188411809433 0.753647237730
   32   21 0.188613117404 0.754452469617
   33   21 0.188435186447 0.753740745787
   34   21 0.188412967531 0.753651870126
   35   21 0.188505701898 0.754022807591
   36   21 0.188493736932 0.753974947729
   37   21 0.188565049534 0.754260198135
   38   21 0.188459984483 0.753839937930
   39   21 0.188577412336 0.754309649342
   40   21 0.188339811741 0.753359246963
   41   21 0.188425212727 0.753700850909
   42   21 0.188354654906 0.753418619624
   43   21 0.188312928063 0.753251712253
   44   21 0.188379074557 0.753516298228
   45   21 0.188229521210 0.752918084842
   46   21 0.188298442021 0.753193768085
   47   21 0.188259466588 0.753037866351
   48   21 0.188226686018 0.752906744073
   49   21 0.188291808064 0.753167232255
   50   21 0.188222193745 0.752888774979
   51   21 0.188271981329 0.753087925316
   52   21 0.188039146644 0.752156586577
   53   21 0.188157946046 0.752631784184
   54   21 0.188070211000 0.752280843999

    1   22 0.188106298950 0.752425195799
    2   22 0.188060668713 0.752242674854
    3   22 0.188132477346 0.752529909386
    4   22 0.188165193773 0.752660775093
    5   22 0.188121142815 0.752484571258
    6   22 0.188135630967 0.752542523867
    7   22 0.188148002191 0.752592008764
    8   22 0.188128330923 0.752513323691
    9   22 0.188163250229 0.752653000915
   10   22 0.188139090680 0.752556362719
   11   22 0.188236459587 0.752945838347
   12   22 0.188162211892 0.752648847568
   13   22 0.188241008273 0.752964033091
   14   22 0.188221281276 0.752885125106
   15   22 0.188224881621 0.752899526486
   16   22 0.188247649575 0.752990598301
   17   22 0.188330189522 0.753320758089
   18   22 0.188239465861 0.752957863443
   19   22 0.188278246682 0.753112986727
   20   22 0.188312860811 0.753251443243
   21   22 0.188271838689 0.753087354755
   22   22 0.188225764995 0.752903059981
   23   22 0.188288254179 0.753153016715
   24   22 0.188335007749 0.753340030998
   25   22 0.188293700401 0.753174801604
   26   22 0.188322032475 0.753288129899
   27   22 0.188336887994 0.753347551976
   28   22 0.188286906310 0.753147625240
   29   22 0.188374170765 0.753496683061
   30   22 0.188309145151 0.753236580606
   31   22 0.188323774626 0.753295098505
   32   22 0.188274798745 0.753099194979
   33   22 0.188324682948 0.753298731792
   34   22 0.188297690425 0.753190761699
   35   22 0.188259629595 0.753038518381
   36   22 0.188318627453 0.753274509812
   37   22 0.188304287079 0.753217148315
   38   22 0.188310082036 0.753240328143
   39   22 0.188249053019 0.752996212076
   40   22 0.188265653762 0.753062615046
   41   22 0.188188628082 0.752754512326
   42   22 0.188248661005 0.752994644022
   43   22 0.188206410838 0.752825643351
   44   22 0.188187332307 0.752749329226
   45   22 0.188226013191 0.752904052763
   46   22 0.188143532764 0.752574131057
   47   22 0.188183574142 0.752734296568
   48   22 0.188161576227 0.752646304908
   49   22 0.188141438589 0.752565754356
   50   22 0.188178394421 0.752713577683
   51   22 0.188137500384 0.752550001534
   52   22 0.188174362759 0.752697451036
   53   22 0.188043476752 0.752173907010
   54   22 0.188115277259 0.752461109035

    1   23 0.188088074221 0.752352296884
    2   23 0.188097174997 0.752388699988
    3   23 0.188113100146 0.752452400582
    4   23 0.188088042751 0.752352171002
    5   23 0.188096024488 0.752384097951
    6   23 0.188103368258 0.752413473031
    7   23 0.188091057755 0.752364231020
    8   23 0.188111947722 0.752447790888
    9   23 0.188095768287 0.752383073149
   10   23 0.188151705812 0.752606823249
   11   23 0.188106363046 0.752425452185
   12   23 0.188152316791 0.752609267164
   13   23 0.188139388495 0.752557553981
   14   23 0.188142295835 0.752569183338
   15   23 0.188150722619 0.752602890475
   16   23 0.188171579415 0.752686317659
   17   23 0.188130115596 0.752520462384
   18   23 0.188193255422 0.752773021687
   19   23 0.188181966783 0.752727867130
   20   23 0.188177940571 0.752711762284
   21   23 0.188179377958 0.752717511832
   22   23 0.188177674699 0.752710698797
   23   23 0.188205197259 0.752820789034
   24   23 0.188167533911 0.752670135643
   25   23 0.188214317937 0.752857271749
   26   23 0.188196510076 0.752786040304
   27   23 0.188184611413 0.752738445652
   28   23 0.188249036177 0.752996144707
   29   23 0.188171992272 0.752687969088
   30   23 0.188228907477 0.752915629907
   31   23 0.188209991026 0.752839964104
   32   23 0.188182432666 0.752729730662
   33   23 0.188195167572 0.752780670288
   34   23 0.188206930058 0.752827720233
   35   23 0.188197852598 0.752791410394
   36   23 0.188172866403 0.752691465611
   37   23 0.188185918164 0.752743672657
   38   23 0.188178165325 0.752712661298
   39   23 0.188152588173 0.752610352692
   40   23 0.188151013896 0.752604055583
   41   23 0.188166028135 0.752664112541
   42   23 0.188119183076 0.752476732306
   43   23 0.188157051329 0.752628205317
   44   23 0.188131558702 0.752526234807
   45   23 0.188122334340 0.752489337361
   46   23 0.188145545768 0.752582183072
   47   23 0.188099292331 0.752397169325
   48   23 0.188123094127 0.752492376509
   49   23 0.188110479233 0.752441916932
   50   23 0.188098775297 0.752395101190
   51   23 0.188120360594 0.752481442377
   52   23 0.188095907122 0.752383628489
   53   23 0.188122248770 0.752488995080
   54   23 0.188071108859 0.752284435434

    1   24 0.188069887539 0.752279550157
    2   24 0.188103986710 0.752415946841
    3   24 0.188070381247 0.752281524988
    4   24 0.188076169827 0.752304679308
    5   24 0.188080146409 0.752320585635
    6   24 0.188071335219 0.752285340876
    7   24 0.188084735926 0.752338943705
    8   24 0.188073162159 0.752292648638
    9   24 0.188105718554 0.752422874214
   10   24 0.188078158146 0.752312632585
   11   24 0.188105328749 0.752421314997
   12   24 0.188096795085 0.752387180338
   13   24 0.188098265261 0.752393061042
   14   24 0.188102212259 0.752408849037
   15   24 0.188114818438 0.752459273753
   16   24 0.188089341387 0.752357365549
   17   24 0.188112033487 0.752448133949
   18   24 0.188108354904 0.752433419616
   19   24 0.188129994015 0.752519976061
   20   24 0.188114329122 0.752457316486
   21   24 0.188122890531 0.752491562125
   22   24 0.188154500819 0.752618003275
   23   24 0.188110834819 0.752443339277
   24   24 0.188141692419 0.752566769675
   25   24 0.188122504751 0.752490019005
   26   24 0.188132402152 0.752529608607
   27   24 0.188155020607 0.752620082428
   28   24 0.188118705551 0.752474822203
   29   24 0.188162468323 0.752649873291
   30   24 0.188127215568 0.752508862271
   31   24 0.188137974854 0.752551899417
   32   24 0.188152034295 0.752608137180
   33   24 0.188125743892 0.752502975570
   34   24 0.188136128512 0.752544514050
   35   24 0.188140045047 0.752560180186
   36   24 0.188124727135 0.752498908540
   37   24 0.188112364707 0.752449458830
   38   24 0.188102196032 0.752408784128
   39   24 0.188116749826 0.752466999306
   40   24 0.188103233148 0.752412932592
   41   24 0.188101004150 0.752404016598
   42   24 0.188112834307 0.752451337227
   43   24 0.188084215970 0.752336863881
   44   24 0.188107871010 0.752431484039
   45   24 0.188092629998 0.752370519991
   46   24 0.188088401641 0.752353606564
   47   24 0.188102249737 0.752408998947
   48   24 0.188075808325 0.752303233302
   49   24 0.188090991863 0.752363967453
   50   24 0.188083325385 0.752333301541
   51   24 0.188077269443 0.752309077773
   52   24 0.188089949344 0.752359797376
   53   24 0.188088646107 0.752354584428
   54   24 0.188092240705 0.752368962820

    1   25 0.188092941769 0.752371767075
    2   25 0.188057278855 0.752229115420
    3   25 0.188076676592 0.752306706367
    4   25 0.188066801916 0.752267207662
    5   25 0.188062298925 0.752249195700
    6   25 0.188070598410 0.752282393639
    7   25 0.188061118608 0.752244474432
    8   25 0.188081619046 0.752326476184
    9   25 0.188064130915 0.752256523660
   10   25 0.188079627414 0.752318509655
   11   25 0.188074930353 0.752299721412
   12   25 0.188075543349 0.752302173397
   13   25 0.188077234152 0.752308936608
   14   25 0.188083861012 0.752335444046
   15   25 0.188069291059 0.752277164235
   16   25 0.188083037141 0.752332148565
   17   25 0.188079215196 0.752316860784
   18   25 0.188085092924 0.752340371695
   19   25 0.188077050666 0.752308202664
   20   25 0.188096150359 0.752384601438
   21   25 0.188104554741 0.752418218963
   22   25 0.188083802641 0.752335210565
   23   25 0.188112930022 0.752451720088
   24   25 0.188088415824 0.752353663297
   25   25 0.188096818565 0.752387274258
   26   25 0.188104954631 0.752419818525
   27   25 0.188092283928 0.752369135712
   28   25 0.188110914651 0.752443658605
   29   25 0.188094224183 0.752376896733
   30   25 0.188107493509 0.752429974037
   31   25 0.188101165590 0.752404662361
   32   25 0.188100106751 0.752400427006
   33   25 0.188111223501 0.752444894005
   34   25 0.188093594286 0.752374377144
   35   25 0.188093974603 0.752375898412
   36   25 0.188097090138 0.752388360554
   37   25 0.188078512031 0.752314048124
   38   25 0.188083013624 0.752332054495
   39   25 0.188076379158 0.752305516631
   40   25 0.188083720161 0.752334880642
   41   25 0.188078173837 0.752312695346
   42   25 0.188075794886 0.752303179543
   43   25 0.188084061087 0.752336244348
   44   25 0.188066770072 0.752267080288
   45   25 0.188081914890 0.752327659559
   46   25 0.188072517611 0.752290070443
   47   25 0.188070321904 0.752281287616
   48   25 0.188079513468 0.752318053872
   49   25 0.188063640299 0.752254561197
   50   25 0.188074259030 0.752297036120
   51   25 0.188069196534 0.752276786135
   52   25 0.188073807696 0.752295230785
   53   25 0.188073830625 0.752295322501
   54   25 0.188075788623 0.752303154491

    1   26 0.188062982306 0.752251929226
    2   26 0.188073259168 0.752293036671
    3   26 0.188058262548 0.752233050192
    4   26 0.188064944034 0.752259776137
    5   26 0.188062375806 0.752249503226
    6   26 0.188056640243 0.752226560973
    7   26 0.188069164086 0.752276656342
    8   26 0.188056998498 0.752227993992
    9   26 0.188067245592 0.752268982366
   10   26 0.188064332796 0.752257331182
   11   26 0.188063084885 0.752252339541
   12   26 0.188065276908 0.752261107632
   13   26 0.188068639374 0.752274557497
   14   26 0.188059991848 0.752239967394
   15   26 0.188066939014 0.752267756056
   16   26 0.188065535073 0.752262140291
   17   26 0.188069243036 0.752276972144
   18   26 0.188063528761 0.752254115045
   19   26 0.188072225671 0.752288902683
   20   26 0.188075858748 0.752303434991
   21   26 0.188073054021 0.752292216084
   22   26 0.188085121854 0.752340487418
   23   26 0.188072399886 0.752289599544
   24   26 0.188085151655 0.752340606618
   25   26 0.188081686651 0.752326746605
   26   26 0.188075124014 0.752300496057
   27   26 0.188084550073 0.752338200293
   28   26 0.188078534720 0.752314138882
   29   26 0.188082810766 0.752331243063
   30   26 0.188081147420 0.752324589678
   31   26 0.188085155290 0.752340621159
   32   26 0.188082873543 0.752331494171
   33   26 0.188079502454 0.752318009816
   34   26 0.188084309635 0.752337238539
   35   26 0.188073501690 0.752294006759
   36   26 0.188067928632 0.752271714530
   37   26 0.188076605194 0.752306420776
   38   26 0.188064843420 0.752259373679
   39   26 0.188066371757 0.752265487027
   40   26 0.188064967290 0.752259869161
   41   26 0.188067719051 0.752270876204
   42   26 0.188065011327 0.752260045309
   43   26 0.188063501060 0.752254004242
   44   26 0.188069738622 0.752278954487
   45   26 0.188058864028 0.752235456112
   46   26 0.188067636741 0.752270546963
   47   26 0.188063560709 0.752254242836
   48   26 0.188061002741 0.752244010965
   49   26 0.188067766406 0.752271065624
   50   26 0.188058900753 0.752235603011
   51   26 0.188069743200 0.752278972801
   52   26 0.188062946632 0.752251786529
   53   26 0.188066912248 0.752267648992
   54   26 0.188075249629 0.752300998516

    1   27 0.188065327547 0.752261310189
    2   27 0.188062302211 0.752249208842
    3   27 0.188064359819 0.752257439278
    4   27 0.188058789068 0.752235156271
    5   27 0.188059534746 0.752238138983
    6   27 0.188061607971 0.752246431883
    7   27 0.188056501923 0.752226007692
    8   27 0.188061254805 0.752245019220
    9   27 0.188058957106 0.752235828426
   10   27 0.188059406562 0.752237626248
   11   27 0.188061002153 0.752244008612
   12   27 0.188060158745 0.752240634982
   13   27 0.188057458926 0.752229835704
   14   27 0.188060899863 0.752243599451
   15   27 0.188059999875 0.752239999502
   16   27 0.188060087515 0.752240350058
   17   27 0.188059505266 0.752238021062
   18   27 0.188064702881 0.752258811524
   19   27 0.188064954478 0.752259817911
   20   27 0.188064485991 0.752257943963
   21   27 0.188068851652 0.752275406606
   22   27 0.188068442718 0.752273770871
   23   27 0.188074033173 0.752296132692
   24   27 0.188071841588 0.752287366354
   25   27 0.188072813754 0.752291255018
   26   27 0.188073994783 0.752295979133
   27   27 0.188070076575 0.752280306300
   28   27 0.188071988471 0.752287953885
   29   27 0.188073158370 0.752292633478
   30   27 0.188074423185 0.752297692739
   31   27 0.188074077314 0.752296309256
   32   27 0.188074635976 0.752298543904
   33   27 0.188072729236 0.752290916945
   34   27 0.188068449482 0.752273797929
   35   27 0.188068587157 0.752274348628
   36   27 0.188066311434 0.752265245738
   37   27 0.188061362582 0.752245450326
   38   27 0.188064429978 0.752257719911
   39   27 0.188061429138 0.752245716550
   40   27 0.188059757748 0.752239030993
   41   27 0.188059082156 0.752236328625
   42   27 0.188060814541 0.752243258165
   43   27 0.188060631968 0.752242527873
   44   27 0.188058987332 0.752235949328
   45   27 0.188061998071 0.752247992282
   46   27 0.188057965290 0.752231861161
   47   27 0.188059863216 0.752239452863
   48   27 0.188060064217 0.752240256866
   49   27 0.188059024408 0.752236097632
   50   27 0.188063348942 0.752253395768
   51   27 0.188059775270 0.752239101081
   52   27 0.188065250343 0.752261001371
   53   27 0.188065754100 0.752263016401
   54   27 0.188061687599 0.752246750397

