# 2D BCS superconductor
# Lx=54, Ly=27, t=2, V/t=2, 
# Spatial profile of BCS pairing field initialized without DeltaBCS - 4th iteration
# x, y, BCS pairing field, V*BCS pairing field
    1    1 0.188054047082 0.752216188327
    2    1 0.188053707011 0.752214828045
    3    1 0.188053873386 0.752215493543
    4    1 0.188052128138 0.752208512551
    5    1 0.188051884864 0.752207539457
    6    1 0.188051455961 0.752205823845
    7    1 0.188050980875 0.752203923499
    8    1 0.188051099548 0.752204398193
    9    1 0.188051262794 0.752205051175
   10    1 0.188051413243 0.752205652971
   11    1 0.188051673289 0.752206693157
   12    1 0.188051866616 0.752207466463
   13    1 0.188052157207 0.752208628828
   14    1 0.188052377962 0.752209511847
   15    1 0.188052707488 0.752210829951
   16    1 0.188052963991 0.752211855966
   17    1 0.188053368164 0.752213472656
   18    1 0.188053708718 0.752214834872
   19    1 0.188054280363 0.752217121452
   20    1 0.188054812701 0.752219250803
   21    1 0.188055331771 0.752221327086
   22    1 0.188057196567 0.752228786267
   23    1 0.188057589818 0.752230359273
   24    1 0.188058514694 0.752234058775
   25    1 0.188059092835 0.752236371339
   26    1 0.188059220782 0.752236883128
   27    1 0.188059334151 0.752237336604
   28    1 0.188059334176 0.752237336704
   29    1 0.188059220733 0.752236882933
   30    1 0.188059092773 0.752236371090
   31    1 0.188058514729 0.752234058915
   32    1 0.188057589800 0.752230359198
   33    1 0.188057196740 0.752228786960
   34    1 0.188055331779 0.752221327117
   35    1 0.188054812691 0.752219250763
   36    1 0.188054280363 0.752217121450
   37    1 0.188053708717 0.752214834870
   38    1 0.188053368203 0.752213472811
   39    1 0.188052964017 0.752211856069
   40    1 0.188052707502 0.752210830008
   41    1 0.188052377944 0.752209511775
   42    1 0.188052157205 0.752208628819
   43    1 0.188051866630 0.752207466520
   44    1 0.188051673330 0.752206693321
   45    1 0.188051413264 0.752205653057
   46    1 0.188051262798 0.752205051190
   47    1 0.188051099522 0.752204398090
   48    1 0.188050980867 0.752203923469
   49    1 0.188051455874 0.752205823498
   50    1 0.188051884815 0.752207539260
   51    1 0.188052128083 0.752208512331
   52    1 0.188053873226 0.752215492903
   53    1 0.188053707053 0.752214828212
   54    1 0.188054047000 0.752216187999

    1    2 0.188055706081 0.752222824322
    2    2 0.188056356552 0.752225426210
    3    2 0.188053146160 0.752212584639
    4    2 0.188054662349 0.752218649395
    5    2 0.188053218395 0.752212873582
    6    2 0.188052751371 0.752211005486
    7    2 0.188053198458 0.752212793831
    8    2 0.188053114321 0.752212457285
    9    2 0.188053308461 0.752213233844
   10    2 0.188053714766 0.752214859063
   11    2 0.188053890061 0.752215560243
   12    2 0.188054357736 0.752217430943
   13    2 0.188054566323 0.752218265292
   14    2 0.188055088934 0.752220355735
   15    2 0.188055340410 0.752221361642
   16    2 0.188055973409 0.752223893635
   17    2 0.188056306005 0.752225224021
   18    2 0.188057146127 0.752228584508
   19    2 0.188057616221 0.752230464884
   20    2 0.188058374436 0.752233497744
   21    2 0.188061330473 0.752245321893
   22    2 0.188060449004 0.752241796017
   23    2 0.188062726243 0.752250904973
   24    2 0.188063008768 0.752252035072
   25    2 0.188063217475 0.752252869901
   26    2 0.188063628917 0.752254515666
   27    2 0.188063641757 0.752254567028
   28    2 0.188063641633 0.752254566533
   29    2 0.188063628898 0.752254515593
   30    2 0.188063217469 0.752252869876
   31    2 0.188063008636 0.752252034543
   32    2 0.188062726439 0.752250905756
   33    2 0.188060448786 0.752241795144
   34    2 0.188061330698 0.752245322791
   35    2 0.188058374433 0.752233497732
   36    2 0.188057616223 0.752230464891
   37    2 0.188057146209 0.752228584836
   38    2 0.188056306018 0.752225224072
   39    2 0.188055973434 0.752223893735
   40    2 0.188055340379 0.752221361518
   41    2 0.188055088958 0.752220355833
   42    2 0.188054566343 0.752218265374
   43    2 0.188054357795 0.752217431180
   44    2 0.188053890067 0.752215560268
   45    2 0.188053714779 0.752214859114
   46    2 0.188053308435 0.752213233740
   47    2 0.188053114339 0.752212457357
   48    2 0.188053198378 0.752212793510
   49    2 0.188052751417 0.752211005669
   50    2 0.188053218250 0.752212872999
   51    2 0.188054662232 0.752218648926
   52    2 0.188053146260 0.752212585039
   53    2 0.188056356102 0.752225424407
   54    2 0.188055706296 0.752222825183

    1    3 0.188060495356 0.752241981424
    2    3 0.188055838118 0.752223352474
    3    3 0.188058680125 0.752234720500
    4    3 0.188056256942 0.752225027766
    5    3 0.188056695127 0.752226780509
    6    3 0.188057104491 0.752228417962
    7    3 0.188057257599 0.752229030396
    8    3 0.188057781478 0.752231125912
    9    3 0.188058290195 0.752233160781
   10    3 0.188058598958 0.752234395831
   11    3 0.188059407496 0.752237629986
   12    3 0.188059703183 0.752238812730
   13    3 0.188060601483 0.752242405931
   14    3 0.188060950962 0.752243803848
   15    3 0.188062012459 0.752248049837
   16    3 0.188062482591 0.752249930362
   17    3 0.188063838815 0.752255355262
   18    3 0.188064441282 0.752257765127
   19    3 0.188065830127 0.752263320509
   20    3 0.188070502549 0.752282010197
   21    3 0.188068991986 0.752275967945
   22    3 0.188072718795 0.752290875180
   23    3 0.188072291888 0.752289167551
   24    3 0.188073097608 0.752292390431
   25    3 0.188073348217 0.752293392869
   26    3 0.188073418778 0.752293675112
   27    3 0.188073602949 0.752294411797
   28    3 0.188073603031 0.752294412122
   29    3 0.188073418658 0.752293674632
   30    3 0.188073348175 0.752293392701
   31    3 0.188073097691 0.752292390766
   32    3 0.188072291503 0.752289166014
   33    3 0.188072719002 0.752290876008
   34    3 0.188068991596 0.752275966384
   35    3 0.188070502989 0.752282011955
   36    3 0.188065830262 0.752263321047
   37    3 0.188064441302 0.752257765207
   38    3 0.188063838875 0.752255355501
   39    3 0.188062482519 0.752249930077
   40    3 0.188062012513 0.752248050054
   41    3 0.188060951004 0.752243804016
   42    3 0.188060601608 0.752242406434
   43    3 0.188059703190 0.752238812762
   44    3 0.188059407515 0.752237630060
   45    3 0.188058598902 0.752234395607
   46    3 0.188058290230 0.752233160921
   47    3 0.188057781411 0.752231125644
   48    3 0.188057257654 0.752229030617
   49    3 0.188057104336 0.752228417342
   50    3 0.188056695216 0.752226780864
   51    3 0.188056256797 0.752225027189
   52    3 0.188058679657 0.752234718630
   53    3 0.188055838495 0.752223353981
   54    3 0.188060494527 0.752241978110

    1    4 0.188060848080 0.752243392320
    2    4 0.188064339834 0.752257359335
    3    4 0.188061304054 0.752245216216
    4    4 0.188062233761 0.752248935042
    5    4 0.188063180664 0.752252722654
    6    4 0.188064338201 0.752257352804
    7    4 0.188065180811 0.752260723245
    8    4 0.188066308867 0.752265235468
    9    4 0.188067052427 0.752268209709
   10    4 0.188068382281 0.752273529125
   11    4 0.188068968335 0.752275873340
   12    4 0.188070564845 0.752282259382
   13    4 0.188071183403 0.752284733612
   14    4 0.188073013932 0.752292055728
   15    4 0.188073777597 0.752295110388
   16    4 0.188076017870 0.752304071478
   17    4 0.188076937963 0.752307751851
   18    4 0.188079581508 0.752318326032
   19    4 0.188087351708 0.752349406831
   20    4 0.188084946757 0.752339787028
   21    4 0.188090988069 0.752363952274
   22    4 0.188090303866 0.752361215466
   23    4 0.188091611490 0.752366445962
   24    4 0.188091460611 0.752365842444
   25    4 0.188091909341 0.752367637363
   26    4 0.188091964785 0.752367859140
   27    4 0.188092011988 0.752368047951
   28    4 0.188092011976 0.752368047903
   29    4 0.188091964966 0.752367859864
   30    4 0.188091909244 0.752367636976
   31    4 0.188091460322 0.752365841289
   32    4 0.188091611412 0.752366445648
   33    4 0.188090303172 0.752361212686
   34    4 0.188090988550 0.752363954201
   35    4 0.188084946336 0.752339785345
   36    4 0.188087352483 0.752349409932
   37    4 0.188079581609 0.752318326434
   38    4 0.188076937821 0.752307751285
   39    4 0.188076017994 0.752304071976
   40    4 0.188073777673 0.752295110691
   41    4 0.188073014173 0.752292056693
   42    4 0.188071183418 0.752284733673
   43    4 0.188070564894 0.752282259576
   44    4 0.188068968242 0.752275872969
   45    4 0.188068382345 0.752273529381
   46    4 0.188067052344 0.752268209376
   47    4 0.188066308936 0.752265235746
   48    4 0.188065180643 0.752260722574
   49    4 0.188064338352 0.752257353410
   50    4 0.188063180429 0.752252721717
   51    4 0.188062233480 0.752248933919
   52    4 0.188061304119 0.752245216476
   53    4 0.188064338986 0.752257355944
   54    4 0.188060849576 0.752243398306

    1    5 0.188060637301 0.752242549202
    2    5 0.188069185279 0.752276741118
    3    5 0.188069234449 0.752276937796
    4    5 0.188072362381 0.752289449524
    5    5 0.188074573969 0.752298295878
    6    5 0.188076550407 0.752306201627
    7    5 0.188079130548 0.752316522190
    8    5 0.188080665198 0.752322660791
    9    5 0.188083216767 0.752332867068
   10    5 0.188084514105 0.752338056418
   11    5 0.188087294596 0.752349178383
   12    5 0.188088510917 0.752354043666
   13    5 0.188091725407 0.752366901627
   14    5 0.188093090518 0.752372362072
   15    5 0.188096880004 0.752387520014
   16    5 0.188098399533 0.752393598133
   17    5 0.188103443297 0.752413773186
   18    5 0.188116663922 0.752466655688
   19    5 0.188112876587 0.752451506347
   20    5 0.188122981206 0.752491924824
   21    5 0.188122021058 0.752488084234
   22    5 0.188124026783 0.752496107132
   23    5 0.188123738162 0.752494952648
   24    5 0.188124530460 0.752498121841
   25    5 0.188124300663 0.752497202650
   26    5 0.188124602851 0.752498411404
   27    5 0.188124539084 0.752498156335
   28    5 0.188124539251 0.752498157002
   29    5 0.188124602976 0.752498411903
   30    5 0.188124300639 0.752497202556
   31    5 0.188124529914 0.752498119655
   32    5 0.188123737576 0.752494950305
   33    5 0.188124026951 0.752496107806
   34    5 0.188122020287 0.752488081149
   35    5 0.188122982032 0.752491928128
   36    5 0.188112875579 0.752451502315
   37    5 0.188116664939 0.752466659755
   38    5 0.188103443600 0.752413774400
   39    5 0.188098399661 0.752393598644
   40    5 0.188096880471 0.752387521884
   41    5 0.188093090538 0.752372362151
   42    5 0.188091725511 0.752366902046
   43    5 0.188088510764 0.752354043056
   44    5 0.188087294732 0.752349178929
   45    5 0.188084513993 0.752338055971
   46    5 0.188083216874 0.752332867496
   47    5 0.188080664969 0.752322659874
   48    5 0.188079130798 0.752316523194
   49    5 0.188076550032 0.752306200129
   50    5 0.188074573490 0.752298293959
   51    5 0.188072362494 0.752289449976
   52    5 0.188069233974 0.752276935894
   53    5 0.188069186908 0.752276747631
   54    5 0.188060635623 0.752242542491

    1    6 0.188066745925 0.752266983700
    2    6 0.188055920823 0.752223683291
    3    6 0.188085239909 0.752340959636
    4    6 0.188087943798 0.752351775191
    5    6 0.188093783105 0.752375132420
    6    6 0.188098403858 0.752393615432
    7    6 0.188101992669 0.752407970675
    8    6 0.188106896816 0.752427587264
    9    6 0.188109729455 0.752438917818
   10    6 0.188114814055 0.752459256221
   11    6 0.188117298731 0.752469194922
   12    6 0.188122903524 0.752491614097
   13    6 0.188125429841 0.752501719364
   14    6 0.188132053826 0.752528215303
   15    6 0.188134873609 0.752539494437
   16    6 0.188144589305 0.752578357222
   17    6 0.188167483305 0.752669933221
   18    6 0.188161460672 0.752645842689
   19    6 0.188178657380 0.752714629521
   20    6 0.188177422941 0.752709691763
   21    6 0.188180676754 0.752722707018
   22    6 0.188180223637 0.752720894546
   23    6 0.188181462302 0.752725849209
   24    6 0.188181051596 0.752724206383
   25    6 0.188181615194 0.752726460776
   26    6 0.188181398913 0.752725595651
   27    6 0.188181591176 0.752726364703
   28    6 0.188181591019 0.752726364075
   29    6 0.188181398580 0.752725594321
   30    6 0.188181614720 0.752726458879
   31    6 0.188181051444 0.752724205776
   32    6 0.188181462006 0.752725848023
   33    6 0.188180223348 0.752720893392
   34    6 0.188180677060 0.752722708241
   35    6 0.188177421003 0.752709684013
   36    6 0.188178658170 0.752714632680
   37    6 0.188161459135 0.752645836539
   38    6 0.188167485782 0.752669943126
   39    6 0.188144590414 0.752578361656
   40    6 0.188134873613 0.752539494452
   41    6 0.188132054059 0.752528216235
   42    6 0.188125429576 0.752501718304
   43    6 0.188122903815 0.752491615260
   44    6 0.188117298569 0.752469194275
   45    6 0.188114814253 0.752459257012
   46    6 0.188109729107 0.752438916429
   47    6 0.188106897241 0.752427588964
   48    6 0.188101991986 0.752407967943
   49    6 0.188098402999 0.752393611997
   50    6 0.188093783324 0.752375133296
   51    6 0.188087943149 0.752351772597
   52    6 0.188085242835 0.752340971339
   53    6 0.188055919493 0.752223677973
   54    6 0.188066747235 0.752266988940

    1    7 0.188054133769 0.752216535074
    2    7 0.188078814763 0.752315259054
    3    7 0.188063671635 0.752254686539
    4    7 0.188116307850 0.752465231399
    5    7 0.188124477130 0.752497908520
    6    7 0.188135355058 0.752541420233
    7    7 0.188144318678 0.752577274712
    8    7 0.188150858507 0.752603434027
    9    7 0.188160193660 0.752640774639
   10    7 0.188165540369 0.752662161476
   11    7 0.188175677341 0.752702709363
   12    7 0.188180598891 0.752722395564
   13    7 0.188192489046 0.752769956183
   14    7 0.188198174642 0.752792698568
   15    7 0.188217152682 0.752868610729
   16    7 0.188257901318 0.753031605272
   17    7 0.188248329070 0.752993316278
   18    7 0.188278013725 0.753112054898
   19    7 0.188276479790 0.753105919159
   20    7 0.188281898206 0.753127592822
   21    7 0.188281276077 0.753125104306
   22    7 0.188283370407 0.753133481629
   23    7 0.188282695968 0.753130783873
   24    7 0.188283538831 0.753134155324
   25    7 0.188283181170 0.753132724678
   26    7 0.188283610143 0.753134440570
   27    7 0.188283565460 0.753134261841
   28    7 0.188283564609 0.753134258437
   29    7 0.188283608483 0.753134433931
   30    7 0.188283180408 0.753132721632
   31    7 0.188283539324 0.753134157297
   32    7 0.188282697062 0.753130788250
   33    7 0.188283369883 0.753133479532
   34    7 0.188281274339 0.753125097358
   35    7 0.188281897687 0.753127590749
   36    7 0.188276476815 0.753105907261
   37    7 0.188278016317 0.753112065268
   38    7 0.188248327229 0.752993308916
   39    7 0.188257905190 0.753031620758
   40    7 0.188217153762 0.752868615047
   41    7 0.188198174211 0.752792696844
   42    7 0.188192489731 0.752769958923
   43    7 0.188180598635 0.752722394539
   44    7 0.188175677746 0.752702710983
   45    7 0.188165539790 0.752662159159
   46    7 0.188160194399 0.752640777596
   47    7 0.188150857208 0.752603428831
   48    7 0.188144317124 0.752577268495
   49    7 0.188135355439 0.752541421757
   50    7 0.188124476268 0.752497905073
   51    7 0.188116313123 0.752465252492
   52    7 0.188063669428 0.752254677711
   53    7 0.188078817305 0.752315269221
   54    7 0.188054134179 0.752216536716

    1    8 0.188051858689 0.752207434755
    2    8 0.188059248586 0.752236994342
    3    8 0.188104054059 0.752416216237
    4    8 0.188080396322 0.752321585289
    5    8 0.188176353276 0.752705413106
    6    8 0.188195995311 0.752783981243
    7    8 0.188217678736 0.752870714946
    8    8 0.188236012828 0.752944051313
    9    8 0.188248831849 0.752995327395
   10    8 0.188267981450 0.753071925799
   11    8 0.188278989530 0.753115958120
   12    8 0.188301776535 0.753207106139
   13    8 0.188314575166 0.753258300662
   14    8 0.188351862046 0.753407448185
   15    8 0.188426544277 0.753706177107
   16    8 0.188411427825 0.753645711300
   17    8 0.188464089728 0.753856358912
   18    8 0.188462491004 0.753849964017
   19    8 0.188471607246 0.753886428984
   20    8 0.188470566822 0.753882267288
   21    8 0.188474190236 0.753896760943
   22    8 0.188473233294 0.753892933176
   23    8 0.188474686839 0.753898747357
   24    8 0.188474122376 0.753896489505
   25    8 0.188474716664 0.753898866657
   26    8 0.188474596401 0.753898385605
   27    8 0.188474835269 0.753899341077
   28    8 0.188474834433 0.753899337732
   29    8 0.188474594876 0.753898379506
   30    8 0.188474716240 0.753898864960
   31    8 0.188474123417 0.753896493668
   32    8 0.188474687561 0.753898750242
   33    8 0.188473232850 0.753892931402
   34    8 0.188474187524 0.753896750096
   35    8 0.188470564717 0.753882258867
   36    8 0.188471608882 0.753886435529
   37    8 0.188462487107 0.753849948430
   38    8 0.188464092915 0.753856371661
   39    8 0.188411422423 0.753645689691
   40    8 0.188426550414 0.753706201658
   41    8 0.188351864886 0.753407459545
   42    8 0.188314574985 0.753258299942
   43    8 0.188301777602 0.753207110407
   44    8 0.188278988506 0.753115954023
   45    8 0.188267982813 0.753071931253
   46    8 0.188248829349 0.752995317397
   47    8 0.188236010029 0.752944040115
   48    8 0.188217679503 0.752870718010
   49    8 0.188195994270 0.752783977081
   50    8 0.188176362886 0.752705451545
   51    8 0.188080392560 0.752321570239
   52    8 0.188104058739 0.752416234957
   53    8 0.188059249499 0.752236997997
   54    8 0.188051858576 0.752207434302

    1    9 0.188051647699 0.752206590797
    2    9 0.188053840758 0.752215363030
    3    9 0.188071779909 0.752287119638
    4    9 0.188153780118 0.752615120471
    5    9 0.188115020665 0.752460082661
    6    9 0.188295410525 0.753181642098
    7    9 0.188340562188 0.753362248751
    8    9 0.188388602056 0.753554408225
    9    9 0.188430114034 0.753720456134
   10    9 0.188460250016 0.753841000064
   11    9 0.188507112633 0.754028450533
   12    9 0.188540739000 0.754162956000
   13    9 0.188615386558 0.754461546233
   14    9 0.188758525835 0.755034103342
   15    9 0.188734247398 0.754936989591
   16    9 0.188830199714 0.755320798856
   17    9 0.188829270012 0.755317080050
   18    9 0.188845863554 0.755383454216
   19    9 0.188844160523 0.755376642093
   20    9 0.188850332787 0.755401331147
   21    9 0.188848572476 0.755394289905
   22    9 0.188851108526 0.755404434105
   23    9 0.188850515253 0.755402061013
   24    9 0.188851630647 0.755406522588
   25    9 0.188851477987 0.755405911950
   26    9 0.188851675731 0.755406702925
   27    9 0.188851456398 0.755405825590
   28    9 0.188851458466 0.755405833862
   29    9 0.188851679859 0.755406719436
   30    9 0.188851480021 0.755405920082
   31    9 0.188851629061 0.755406516243
   32    9 0.188850512156 0.755402048625
   33    9 0.188851106724 0.755404426898
   34    9 0.188848574076 0.755394296305
   35    9 0.188850333185 0.755401332739
   36    9 0.188844159295 0.755376637180
   37    9 0.188845863775 0.755383455100
   38    9 0.188829258491 0.755317033966
   39    9 0.188830203313 0.755320813254
   40    9 0.188734238432 0.754936953728
   41    9 0.188758538047 0.755034152189
   42    9 0.188615391509 0.754461566035
   43    9 0.188540737923 0.754162951690
   44    9 0.188507115712 0.754028462848
   45    9 0.188460245429 0.753840981714
   46    9 0.188430109120 0.753720436480
   47    9 0.188388603995 0.753554415979
   48    9 0.188340561236 0.753362244943
   49    9 0.188295428609 0.753181714436
   50    9 0.188115014127 0.752460056507
   51    9 0.188153788726 0.752615154903
   52    9 0.188071781819 0.752287127274
   53    9 0.188053840861 0.752215363444
   54    9 0.188051648001 0.752206592005

    1   10 0.188050321861 0.752201287445
    2   10 0.188054871847 0.752219487388
    3   10 0.188060720814 0.752242883257
    4   10 0.188098409427 0.752393637708
    5   10 0.188252937398 0.753011749590
    6   10 0.188189661584 0.752758646337
    7   10 0.188545126569 0.754180506276
    8   10 0.188648085662 0.754592342648
    9   10 0.188770472565 0.755081890259
   10   10 0.188877090681 0.755508362725
   11   10 0.188978924177 0.755915696708
   12   10 0.189129093805 0.756516375219
   13   10 0.189424067357 0.757696269428
   14   10 0.189385688672 0.757542754689
   15   10 0.189568635988 0.758274543952
   16   10 0.189568370488 0.758273481950
   17   10 0.189600161273 0.758400645091
   18   10 0.189597128354 0.758388513415
   19   10 0.189609484895 0.758437939581
   20   10 0.189606363595 0.758425454381
   21   10 0.189610445479 0.758441781917
   22   10 0.189609236420 0.758436945678
   23   10 0.189611201844 0.758444807374
   24   10 0.189611704824 0.758446819294
   25   10 0.189612211298 0.758448845191
   26   10 0.189611831580 0.758447326320
   27   10 0.189611396776 0.758445587103
   28   10 0.189611403810 0.758445615242
   29   10 0.189611845027 0.758447380109
   30   10 0.189612217664 0.758448870656
   31   10 0.189611699050 0.758446796201
   32   10 0.189611193027 0.758444772107
   33   10 0.189609235882 0.758436943528
   34   10 0.189610453114 0.758441812456
   35   10 0.189606371458 0.758425485831
   36   10 0.189609480062 0.758437920250
   37   10 0.189597117584 0.758388470336
   38   10 0.189600158045 0.758400632180
   39   10 0.189568350443 0.758273401772
   40   10 0.189568642880 0.758274571521
   41   10 0.189385668977 0.757542675910
   42   10 0.189424088375 0.757696353500
   43   10 0.189129103927 0.756516415709
   44   10 0.188978918491 0.755915673964
   45   10 0.188877082712 0.755508330848
   46   10 0.188770478721 0.755081914882
   47   10 0.188648085634 0.754592342537
   48   10 0.188545162349 0.754180649394
   49   10 0.188189650112 0.752758600448
   50   10 0.188252953712 0.753011814849
   51   10 0.188098413361 0.752393653445
   52   10 0.188060721230 0.752242884922
   53   10 0.188054872449 0.752219489796
   54   10 0.188050321790 0.752201287160

    1   11 0.188050295465 0.752201181862
    2   11 0.188052269649 0.752209078596
    3   11 0.188063028691 0.752252114766
    4   11 0.188076901326 0.752307605303
    5   11 0.188154887040 0.752619548159
    6   11 0.188460858007 0.753843432029
    7   11 0.188365907743 0.753463630972
    8   11 0.189119878410 0.756479513641
    9   11 0.189353798045 0.757415192182
   10   11 0.189735034867 0.758940139469
   11   11 0.190034510622 0.760138042486
   12   11 0.190707266923 0.762829067692
   13   11 0.190647018874 0.762588075495
   14   11 0.191023514324 0.764094057295
   15   11 0.191021517911 0.764086071644
   16   11 0.191090299211 0.764361196844
   17   11 0.191080275649 0.764321102596
   18   11 0.191106355682 0.764425422726
   19   11 0.191100121935 0.764400487740
   20   11 0.191109845437 0.764439381748
   21   11 0.191107852397 0.764431409588
   22   11 0.191110418091 0.764441672366
   23   11 0.191111165384 0.764444661537
   24   11 0.191111813213 0.764447252850
   25   11 0.191112591298 0.764450365194
   26   11 0.191112041013 0.764448164053
   27   11 0.191112207309 0.764448829236
   28   11 0.191112211378 0.764448845513
   29   11 0.191112050344 0.764448201377
   30   11 0.191112597948 0.764450391792
   31   11 0.191111815108 0.764447260433
   32   11 0.191111166398 0.764444665591
   33   11 0.191110423917 0.764441695670
   34   11 0.191107861014 0.764431444056
   35   11 0.191109848384 0.764439393538
   36   11 0.191100119053 0.764400476213
   37   11 0.191106339958 0.764425359831
   38   11 0.191080260615 0.764321042460
   39   11 0.191090294458 0.764361177832
   40   11 0.191021472014 0.764085888055
   41   11 0.191023518980 0.764094075919
   42   11 0.190646977365 0.762587909460
   43   11 0.190707303441 0.762829213762
   44   11 0.190034498996 0.760137995985
   45   11 0.189735059601 0.758940238405
   46   11 0.189353800591 0.757415202363
   47   11 0.189119955033 0.756479820132
   48   11 0.188365887939 0.753463551755
   49   11 0.188460890572 0.753843562287
   50   11 0.188154895237 0.752619580949
   51   11 0.188076902459 0.752307609837
   52   11 0.188063029836 0.752252119343
   53   11 0.188052269755 0.752209079020
   54   11 0.188050295724 0.752201182897

    1   12 0.188049403291 0.752197613164
    2   12 0.188053358865 0.752213435459
    3   12 0.188058066911 0.752232267646
    4   12 0.188080763240 0.752323052962
    5   12 0.188115698075 0.752462792302
    6   12 0.188279367798 0.753117471194
    7   12 0.188935380529 0.755741522115
    8   12 0.188859002390 0.755436009559
    9   12 0.190687776576 0.762751106304
   10   12 0.191180306914 0.764721227655
   11   12 0.192994260984 0.771977043938
   12   12 0.192922605919 0.771690423675
   13   12 0.193772146406 0.775088585623
   14   12 0.193744378034 0.774977512135
   15   12 0.193921549930 0.775686199722
   16   12 0.193886199637 0.775544798547
   17   12 0.193951608595 0.775806434381
   18   12 0.193929687578 0.775718750313
   19   12 0.193953199586 0.775812798345
   20   12 0.193949010026 0.775796040104
   21   12 0.193957894740 0.775831578960
   22   12 0.193960285974 0.775841143895
   23   12 0.193958731981 0.775834927925
   24   12 0.193959657785 0.775838631140
   25   12 0.193957607866 0.775830431465
   26   12 0.193961293034 0.775845172136
   27   12 0.193962164182 0.775848656730
   28   12 0.193962144040 0.775848576161
   29   12 0.193961255711 0.775845022843
   30   12 0.193957602602 0.775830410410
   31   12 0.193959698545 0.775838794180
   32   12 0.193958787253 0.775835149012
   33   12 0.193960310315 0.775841241262
   34   12 0.193957880914 0.775831523658
   35   12 0.193948986977 0.775795947908
   36   12 0.193953190301 0.775812761203
   37   12 0.193929694106 0.775718776423
   38   12 0.193951587344 0.775806349378
   39   12 0.193886165114 0.775544660456
   40   12 0.193921519039 0.775686076157
   41   12 0.193744271286 0.774977085144
   42   12 0.193772139833 0.775088559331
   43   12 0.192922455983 0.771689823932
   44   12 0.192994418774 0.771977675097
   45   12 0.191180307176 0.764721228703
   46   12 0.190687966425 0.762751865699
   47   12 0.188858973248 0.755435892992
   48   12 0.188935451269 0.755741805074
   49   12 0.188279385199 0.753117540794
   50   12 0.188115701215 0.752462804859
   51   12 0.188080765555 0.752323062222
   52   12 0.188058067236 0.752232268946
   53   12 0.188053359389 0.752213437557
   54   12 0.188049403232 0.752197612928

    1   13 0.188049727557 0.752198910227
    2   13 0.188051584718 0.752206338871
    3   13 0.188061011501 0.752244046006
    4   13 0.188071368849 0.752285475397
    5   13 0.188122328969 0.752489315874
    6   13 0.188220251348 0.752881005394
    7   13 0.188569538288 0.754278153152
    8   13 0.190199092043 0.760796368172
    9   13 0.190881947019 0.763527788077
   10   13 0.197193506408 0.788774025633
   11   13 0.197548991767 0.790195967067
   12   13 0.199687714750 0.798750858998
   13   13 0.199597626570 0.798390506278
   14   13 0.200058072251 0.800232289003
   15   13 0.199953632899 0.799814531595
   16   13 0.200139091714 0.800556366855
   17   13 0.200076302057 0.800305208229
   18   13 0.200136592367 0.800546369468
   19   13 0.200111589795 0.800446359179
   20   13 0.200136684785 0.800546739142
   21   13 0.200147141645 0.800588566580
   22   13 0.200153304596 0.800613218383
   23   13 0.200153675929 0.800614703716
   24   13 0.200139841224 0.800559364897
   25   13 0.200144698093 0.800578792370
   26   13 0.200148516814 0.800594067258
   27   13 0.200158745768 0.800634983072
   28   13 0.200158647815 0.800634591259
   29   13 0.200148340265 0.800593361061
   30   13 0.200144648896 0.800578595584
   31   13 0.200139993607 0.800559974428
   32   13 0.200153882357 0.800615529428
   33   13 0.200153379981 0.800613519924
   34   13 0.200147058986 0.800588235946
   35   13 0.200136579459 0.800546317835
   36   13 0.200111572707 0.800446290830
   37   13 0.200136627005 0.800546508020
   38   13 0.200076319027 0.800305276106
   39   13 0.200139012941 0.800556051766
   40   13 0.199953551672 0.799814206688
   41   13 0.200057942942 0.800231771767
   42   13 0.199597208492 0.798388833968
   43   13 0.199687764741 0.798751058964
   44   13 0.197548821799 0.790195287196
   45   13 0.197194199246 0.788776796986
   46   13 0.190881973581 0.763527894324
   47   13 0.190199272119 0.760797088475
   48   13 0.188569575786 0.754278303145
   49   13 0.188220260801 0.752881043203
   50   13 0.188122334191 0.752489336765
   51   13 0.188071369642 0.752285478567
   52   13 0.188061012505 0.752244050020
   53   13 0.188051584820 0.752206339281
   54   13 0.188049727792 0.752198911169

    1   14 0.188049104299 0.752196417196
    2   14 0.188052874907 0.752211499628
    3   14 0.188057393358 0.752229573433
    4   14 0.188077799727 0.752311198907
    5   14 0.188104719367 0.752418877469
    6   14 0.188232751529 0.752931006116
    7   14 0.188558041694 0.754232166776
    8   14 0.189274540660 0.757098162638
    9   14 0.195217797110 0.780871188439
   10   14 0.231399632383 1.320785329534
   11   14 0.232128115571 1.265323262284
   12   14 0.236346576701 1.337469906802
   13   14 0.235697333060 1.314939732238
   14   14 0.237051050773 1.339457803090
   15   14 0.236590312483 1.327908449930
   16   14 0.237284173718 1.340746694870
   17   14 0.237035098236 1.334992392943
   18   14 0.237195483449 1.338341933797
   19   14 0.237079260434 1.335902641734
   20   14 0.237182374557 1.337681098228
   21   14 0.237271605334 1.338914421336
   22   14 0.237310678445 1.339453513781
   23   14 0.237284793159 1.339127572637
   24   14 0.237187282182 1.337515928729
   25   14 0.237200968435 1.337835073739
   26   14 0.237248460648 1.338471042594
   27   14 0.237322201634 1.339624006537
   28   14 0.237321383601 1.339611534404
   29   14 0.237246961909 1.338448247634
   30   14 0.237200512298 1.337828049191
   31   14 0.237188439579 1.337533358316
   32   14 0.237286329485 1.339150517939
   33   14 0.237311087051 1.339459148206
   34   14 0.237270786630 1.338901546520
   35   14 0.237181541015 1.337668564061
   36   14 0.237079278397 1.335903513589
   37   14 0.237195950020 1.338349400079
   38   14 0.237035228586 1.334994514344
   39   14 0.237283796569 1.340740386275
   40   14 0.236590246127 1.327908984508
   41   14 0.237050381428 1.339450725714
   42   14 0.235694984769 1.314902739076
   43   14 0.236345970656 1.337465082624
   44   14 0.232127598272 1.265308393089
   45   14 0.231403943400 1.320855373598
   46   14 0.195218491493 0.780873965971
   47   14 0.189274617335 0.757098469339
   48   14 0.188558075020 0.754232300081
   49   14 0.188232764935 0.752931059738
   50   14 0.188104721675 0.752418886699
   51   14 0.188077801801 0.752311207206
   52   14 0.188057393672 0.752229574687
   53   14 0.188052875406 0.752211501625
   54   14 0.188049104242 0.752196416968

    1   15 0.188049727557 0.752198910227
    2   15 0.188051584718 0.752206338871
    3   15 0.188061011501 0.752244046006
    4   15 0.188071368849 0.752285475397
    5   15 0.188122328969 0.752489315874
    6   15 0.188220251348 0.752881005394
    7   15 0.188569538288 0.754278153152
    8   15 0.190199092043 0.760796368172
    9   15 0.190881947019 0.763527788077
   10   15 0.197193506408 0.788774025633
   11   15 0.197548991767 0.790195967067
   12   15 0.199687714750 0.798750858998
   13   15 0.199597626570 0.798390506278
   14   15 0.200058072251 0.800232289003
   15   15 0.199953632899 0.799814531595
   16   15 0.200139091714 0.800556366855
   17   15 0.200076302057 0.800305208229
   18   15 0.200136592367 0.800546369468
   19   15 0.200111589795 0.800446359179
   20   15 0.200136684785 0.800546739142
   21   15 0.200147141645 0.800588566580
   22   15 0.200153304596 0.800613218383
   23   15 0.200153675929 0.800614703716
   24   15 0.200139841224 0.800559364897
   25   15 0.200144698093 0.800578792370
   26   15 0.200148516814 0.800594067258
   27   15 0.200158745768 0.800634983072
   28   15 0.200158647815 0.800634591259
   29   15 0.200148340265 0.800593361061
   30   15 0.200144648896 0.800578595584
   31   15 0.200139993607 0.800559974428
   32   15 0.200153882357 0.800615529428
   33   15 0.200153379981 0.800613519924
   34   15 0.200147058986 0.800588235946
   35   15 0.200136579459 0.800546317835
   36   15 0.200111572707 0.800446290830
   37   15 0.200136627005 0.800546508020
   38   15 0.200076319027 0.800305276106
   39   15 0.200139012941 0.800556051766
   40   15 0.199953551672 0.799814206688
   41   15 0.200057942942 0.800231771767
   42   15 0.199597208492 0.798388833968
   43   15 0.199687764741 0.798751058964
   44   15 0.197548821799 0.790195287196
   45   15 0.197194199246 0.788776796986
   46   15 0.190881973581 0.763527894324
   47   15 0.190199272119 0.760797088475
   48   15 0.188569575786 0.754278303145
   49   15 0.188220260801 0.752881043203
   50   15 0.188122334191 0.752489336765
   51   15 0.188071369642 0.752285478567
   52   15 0.188061012505 0.752244050020
   53   15 0.188051584820 0.752206339281
   54   15 0.188049727792 0.752198911169

    1   16 0.188049403291 0.752197613164
    2   16 0.188053358865 0.752213435459
    3   16 0.188058066911 0.752232267646
    4   16 0.188080763240 0.752323052962
    5   16 0.188115698075 0.752462792302
    6   16 0.188279367798 0.753117471194
    7   16 0.188935380529 0.755741522115
    8   16 0.188859002390 0.755436009559
    9   16 0.190687776576 0.762751106304
   10   16 0.191180306914 0.764721227655
   11   16 0.192994260984 0.771977043938
   12   16 0.192922605919 0.771690423675
   13   16 0.193772146406 0.775088585623
   14   16 0.193744378034 0.774977512135
   15   16 0.193921549930 0.775686199722
   16   16 0.193886199637 0.775544798547
   17   16 0.193951608595 0.775806434381
   18   16 0.193929687578 0.775718750313
   19   16 0.193953199586 0.775812798345
   20   16 0.193949010026 0.775796040104
   21   16 0.193957894740 0.775831578960
   22   16 0.193960285974 0.775841143895
   23   16 0.193958731981 0.775834927925
   24   16 0.193959657785 0.775838631140
   25   16 0.193957607866 0.775830431465
   26   16 0.193961293034 0.775845172136
   27   16 0.193962164182 0.775848656730
   28   16 0.193962144040 0.775848576161
   29   16 0.193961255711 0.775845022843
   30   16 0.193957602602 0.775830410410
   31   16 0.193959698545 0.775838794180
   32   16 0.193958787253 0.775835149012
   33   16 0.193960310315 0.775841241262
   34   16 0.193957880914 0.775831523658
   35   16 0.193948986977 0.775795947908
   36   16 0.193953190301 0.775812761203
   37   16 0.193929694106 0.775718776423
   38   16 0.193951587344 0.775806349378
   39   16 0.193886165114 0.775544660456
   40   16 0.193921519039 0.775686076157
   41   16 0.193744271286 0.774977085144
   42   16 0.193772139833 0.775088559331
   43   16 0.192922455983 0.771689823932
   44   16 0.192994418774 0.771977675097
   45   16 0.191180307176 0.764721228703
   46   16 0.190687966425 0.762751865699
   47   16 0.188858973248 0.755435892992
   48   16 0.188935451269 0.755741805074
   49   16 0.188279385199 0.753117540794
   50   16 0.188115701215 0.752462804859
   51   16 0.188080765555 0.752323062222
   52   16 0.188058067236 0.752232268946
   53   16 0.188053359389 0.752213437557
   54   16 0.188049403232 0.752197612928

    1   17 0.188050295465 0.752201181862
    2   17 0.188052269649 0.752209078596
    3   17 0.188063028691 0.752252114766
    4   17 0.188076901326 0.752307605303
    5   17 0.188154887040 0.752619548159
    6   17 0.188460858007 0.753843432028
    7   17 0.188365907743 0.753463630972
    8   17 0.189119878410 0.756479513641
    9   17 0.189353798045 0.757415192182
   10   17 0.189735034867 0.758940139469
   11   17 0.190034510622 0.760138042486
   12   17 0.190707266923 0.762829067692
   13   17 0.190647018874 0.762588075495
   14   17 0.191023514324 0.764094057295
   15   17 0.191021517911 0.764086071644
   16   17 0.191090299211 0.764361196844
   17   17 0.191080275649 0.764321102596
   18   17 0.191106355682 0.764425422726
   19   17 0.191100121935 0.764400487740
   20   17 0.191109845437 0.764439381748
   21   17 0.191107852397 0.764431409588
   22   17 0.191110418091 0.764441672366
   23   17 0.191111165384 0.764444661537
   24   17 0.191111813213 0.764447252850
   25   17 0.191112591298 0.764450365194
   26   17 0.191112041013 0.764448164053
   27   17 0.191112207309 0.764448829236
   28   17 0.191112211378 0.764448845513
   29   17 0.191112050344 0.764448201377
   30   17 0.191112597948 0.764450391792
   31   17 0.191111815108 0.764447260433
   32   17 0.191111166398 0.764444665591
   33   17 0.191110423917 0.764441695670
   34   17 0.191107861014 0.764431444056
   35   17 0.191109848384 0.764439393538
   36   17 0.191100119053 0.764400476213
   37   17 0.191106339958 0.764425359831
   38   17 0.191080260615 0.764321042460
   39   17 0.191090294458 0.764361177832
   40   17 0.191021472014 0.764085888055
   41   17 0.191023518980 0.764094075919
   42   17 0.190646977365 0.762587909460
   43   17 0.190707303441 0.762829213762
   44   17 0.190034498996 0.760137995985
   45   17 0.189735059601 0.758940238405
   46   17 0.189353800591 0.757415202363
   47   17 0.189119955033 0.756479820132
   48   17 0.188365887939 0.753463551755
   49   17 0.188460890572 0.753843562287
   50   17 0.188154895237 0.752619580949
   51   17 0.188076902459 0.752307609837
   52   17 0.188063029836 0.752252119343
   53   17 0.188052269755 0.752209079020
   54   17 0.188050295724 0.752201182897

    1   18 0.188050321861 0.752201287445
    2   18 0.188054871847 0.752219487388
    3   18 0.188060720814 0.752242883257
    4   18 0.188098409427 0.752393637708
    5   18 0.188252937398 0.753011749590
    6   18 0.188189661584 0.752758646337
    7   18 0.188545126569 0.754180506276
    8   18 0.188648085662 0.754592342648
    9   18 0.188770472565 0.755081890259
   10   18 0.188877090681 0.755508362725
   11   18 0.188978924177 0.755915696708
   12   18 0.189129093805 0.756516375219
   13   18 0.189424067357 0.757696269428
   14   18 0.189385688672 0.757542754689
   15   18 0.189568635988 0.758274543952
   16   18 0.189568370488 0.758273481950
   17   18 0.189600161273 0.758400645091
   18   18 0.189597128354 0.758388513415
   19   18 0.189609484895 0.758437939581
   20   18 0.189606363595 0.758425454381
   21   18 0.189610445479 0.758441781917
   22   18 0.189609236420 0.758436945678
   23   18 0.189611201844 0.758444807374
   24   18 0.189611704824 0.758446819294
   25   18 0.189612211298 0.758448845191
   26   18 0.189611831580 0.758447326320
   27   18 0.189611396776 0.758445587103
   28   18 0.189611403810 0.758445615242
   29   18 0.189611845027 0.758447380109
   30   18 0.189612217664 0.758448870656
   31   18 0.189611699050 0.758446796201
   32   18 0.189611193027 0.758444772107
   33   18 0.189609235882 0.758436943528
   34   18 0.189610453114 0.758441812456
   35   18 0.189606371458 0.758425485831
   36   18 0.189609480062 0.758437920250
   37   18 0.189597117584 0.758388470336
   38   18 0.189600158045 0.758400632180
   39   18 0.189568350443 0.758273401772
   40   18 0.189568642880 0.758274571521
   41   18 0.189385668977 0.757542675910
   42   18 0.189424088375 0.757696353500
   43   18 0.189129103927 0.756516415709
   44   18 0.188978918491 0.755915673964
   45   18 0.188877082712 0.755508330848
   46   18 0.188770478721 0.755081914882
   47   18 0.188648085634 0.754592342537
   48   18 0.188545162349 0.754180649394
   49   18 0.188189650112 0.752758600448
   50   18 0.188252953712 0.753011814849
   51   18 0.188098413361 0.752393653445
   52   18 0.188060721230 0.752242884921
   53   18 0.188054872449 0.752219489796
   54   18 0.188050321790 0.752201287160

    1   19 0.188051647699 0.752206590797
    2   19 0.188053840758 0.752215363030
    3   19 0.188071779909 0.752287119638
    4   19 0.188153780118 0.752615120471
    5   19 0.188115020665 0.752460082661
    6   19 0.188295410525 0.753181642098
    7   19 0.188340562188 0.753362248751
    8   19 0.188388602056 0.753554408225
    9   19 0.188430114034 0.753720456134
   10   19 0.188460250016 0.753841000064
   11   19 0.188507112633 0.754028450533
   12   19 0.188540739000 0.754162956000
   13   19 0.188615386558 0.754461546233
   14   19 0.188758525835 0.755034103342
   15   19 0.188734247398 0.754936989591
   16   19 0.188830199714 0.755320798856
   17   19 0.188829270012 0.755317080050
   18   19 0.188845863554 0.755383454216
   19   19 0.188844160523 0.755376642093
   20   19 0.188850332787 0.755401331147
   21   19 0.188848572476 0.755394289905
   22   19 0.188851108526 0.755404434105
   23   19 0.188850515253 0.755402061013
   24   19 0.188851630647 0.755406522588
   25   19 0.188851477987 0.755405911950
   26   19 0.188851675731 0.755406702925
   27   19 0.188851456398 0.755405825590
   28   19 0.188851458466 0.755405833862
   29   19 0.188851679859 0.755406719436
   30   19 0.188851480021 0.755405920082
   31   19 0.188851629061 0.755406516243
   32   19 0.188850512156 0.755402048625
   33   19 0.188851106724 0.755404426898
   34   19 0.188848574076 0.755394296305
   35   19 0.188850333185 0.755401332739
   36   19 0.188844159295 0.755376637180
   37   19 0.188845863775 0.755383455100
   38   19 0.188829258491 0.755317033966
   39   19 0.188830203313 0.755320813254
   40   19 0.188734238432 0.754936953728
   41   19 0.188758538047 0.755034152189
   42   19 0.188615391509 0.754461566035
   43   19 0.188540737923 0.754162951690
   44   19 0.188507115712 0.754028462848
   45   19 0.188460245429 0.753840981714
   46   19 0.188430109120 0.753720436480
   47   19 0.188388603995 0.753554415979
   48   19 0.188340561236 0.753362244943
   49   19 0.188295428609 0.753181714436
   50   19 0.188115014127 0.752460056507
   51   19 0.188153788726 0.752615154903
   52   19 0.188071781819 0.752287127274
   53   19 0.188053840861 0.752215363444
   54   19 0.188051648001 0.752206592005

    1   20 0.188051858689 0.752207434755
    2   20 0.188059248586 0.752236994342
    3   20 0.188104054059 0.752416216237
    4   20 0.188080396322 0.752321585289
    5   20 0.188176353276 0.752705413106
    6   20 0.188195995311 0.752783981243
    7   20 0.188217678736 0.752870714946
    8   20 0.188236012828 0.752944051313
    9   20 0.188248831849 0.752995327395
   10   20 0.188267981450 0.753071925799
   11   20 0.188278989530 0.753115958120
   12   20 0.188301776535 0.753207106139
   13   20 0.188314575166 0.753258300662
   14   20 0.188351862046 0.753407448185
   15   20 0.188426544277 0.753706177107
   16   20 0.188411427825 0.753645711300
   17   20 0.188464089728 0.753856358912
   18   20 0.188462491004 0.753849964017
   19   20 0.188471607246 0.753886428984
   20   20 0.188470566822 0.753882267288
   21   20 0.188474190236 0.753896760943
   22   20 0.188473233294 0.753892933176
   23   20 0.188474686839 0.753898747357
   24   20 0.188474122376 0.753896489505
   25   20 0.188474716664 0.753898866657
   26   20 0.188474596401 0.753898385605
   27   20 0.188474835269 0.753899341077
   28   20 0.188474834433 0.753899337732
   29   20 0.188474594876 0.753898379506
   30   20 0.188474716240 0.753898864960
   31   20 0.188474123417 0.753896493668
   32   20 0.188474687561 0.753898750242
   33   20 0.188473232850 0.753892931402
   34   20 0.188474187524 0.753896750096
   35   20 0.188470564717 0.753882258867
   36   20 0.188471608882 0.753886435529
   37   20 0.188462487107 0.753849948430
   38   20 0.188464092915 0.753856371661
   39   20 0.188411422423 0.753645689691
   40   20 0.188426550414 0.753706201658
   41   20 0.188351864886 0.753407459545
   42   20 0.188314574985 0.753258299942
   43   20 0.188301777602 0.753207110407
   44   20 0.188278988506 0.753115954023
   45   20 0.188267982813 0.753071931253
   46   20 0.188248829349 0.752995317397
   47   20 0.188236010029 0.752944040115
   48   20 0.188217679503 0.752870718010
   49   20 0.188195994270 0.752783977081
   50   20 0.188176362886 0.752705451545
   51   20 0.188080392560 0.752321570239
   52   20 0.188104058739 0.752416234957
   53   20 0.188059249499 0.752236997997
   54   20 0.188051858576 0.752207434302

    1   21 0.188054133769 0.752216535074
    2   21 0.188078814763 0.752315259054
    3   21 0.188063671635 0.752254686539
    4   21 0.188116307850 0.752465231399
    5   21 0.188124477130 0.752497908520
    6   21 0.188135355058 0.752541420233
    7   21 0.188144318678 0.752577274712
    8   21 0.188150858507 0.752603434027
    9   21 0.188160193660 0.752640774639
   10   21 0.188165540369 0.752662161476
   11   21 0.188175677341 0.752702709363
   12   21 0.188180598891 0.752722395564
   13   21 0.188192489046 0.752769956183
   14   21 0.188198174642 0.752792698568
   15   21 0.188217152682 0.752868610729
   16   21 0.188257901318 0.753031605272
   17   21 0.188248329070 0.752993316278
   18   21 0.188278013725 0.753112054898
   19   21 0.188276479790 0.753105919159
   20   21 0.188281898206 0.753127592822
   21   21 0.188281276077 0.753125104306
   22   21 0.188283370407 0.753133481629
   23   21 0.188282695968 0.753130783873
   24   21 0.188283538831 0.753134155324
   25   21 0.188283181170 0.753132724678
   26   21 0.188283610143 0.753134440570
   27   21 0.188283565460 0.753134261841
   28   21 0.188283564609 0.753134258437
   29   21 0.188283608483 0.753134433931
   30   21 0.188283180408 0.753132721632
   31   21 0.188283539324 0.753134157297
   32   21 0.188282697062 0.753130788250
   33   21 0.188283369883 0.753133479532
   34   21 0.188281274339 0.753125097358
   35   21 0.188281897687 0.753127590749
   36   21 0.188276476815 0.753105907261
   37   21 0.188278016317 0.753112065268
   38   21 0.188248327229 0.752993308916
   39   21 0.188257905190 0.753031620758
   40   21 0.188217153762 0.752868615047
   41   21 0.188198174211 0.752792696844
   42   21 0.188192489731 0.752769958923
   43   21 0.188180598635 0.752722394539
   44   21 0.188175677746 0.752702710983
   45   21 0.188165539790 0.752662159159
   46   21 0.188160194399 0.752640777596
   47   21 0.188150857208 0.752603428831
   48   21 0.188144317124 0.752577268495
   49   21 0.188135355439 0.752541421757
   50   21 0.188124476268 0.752497905073
   51   21 0.188116313123 0.752465252492
   52   21 0.188063669428 0.752254677711
   53   21 0.188078817305 0.752315269221
   54   21 0.188054134179 0.752216536716

    1   22 0.188066745925 0.752266983700
    2   22 0.188055920823 0.752223683291
    3   22 0.188085239909 0.752340959636
    4   22 0.188087943798 0.752351775191
    5   22 0.188093783105 0.752375132420
    6   22 0.188098403858 0.752393615432
    7   22 0.188101992669 0.752407970675
    8   22 0.188106896816 0.752427587264
    9   22 0.188109729455 0.752438917818
   10   22 0.188114814055 0.752459256221
   11   22 0.188117298731 0.752469194922
   12   22 0.188122903524 0.752491614097
   13   22 0.188125429841 0.752501719364
   14   22 0.188132053826 0.752528215303
   15   22 0.188134873609 0.752539494437
   16   22 0.188144589305 0.752578357222
   17   22 0.188167483305 0.752669933221
   18   22 0.188161460672 0.752645842689
   19   22 0.188178657380 0.752714629521
   20   22 0.188177422941 0.752709691763
   21   22 0.188180676754 0.752722707018
   22   22 0.188180223637 0.752720894546
   23   22 0.188181462302 0.752725849209
   24   22 0.188181051596 0.752724206383
   25   22 0.188181615194 0.752726460776
   26   22 0.188181398913 0.752725595651
   27   22 0.188181591176 0.752726364703
   28   22 0.188181591019 0.752726364075
   29   22 0.188181398580 0.752725594321
   30   22 0.188181614720 0.752726458879
   31   22 0.188181051444 0.752724205776
   32   22 0.188181462006 0.752725848023
   33   22 0.188180223348 0.752720893392
   34   22 0.188180677060 0.752722708241
   35   22 0.188177421003 0.752709684013
   36   22 0.188178658170 0.752714632680
   37   22 0.188161459135 0.752645836539
   38   22 0.188167485782 0.752669943126
   39   22 0.188144590414 0.752578361656
   40   22 0.188134873613 0.752539494452
   41   22 0.188132054059 0.752528216235
   42   22 0.188125429576 0.752501718304
   43   22 0.188122903815 0.752491615260
   44   22 0.188117298569 0.752469194275
   45   22 0.188114814253 0.752459257012
   46   22 0.188109729107 0.752438916429
   47   22 0.188106897241 0.752427588964
   48   22 0.188101991986 0.752407967943
   49   22 0.188098402999 0.752393611997
   50   22 0.188093783324 0.752375133296
   51   22 0.188087943149 0.752351772597
   52   22 0.188085242835 0.752340971339
   53   22 0.188055919493 0.752223677973
   54   22 0.188066747235 0.752266988940

    1   23 0.188060637301 0.752242549202
    2   23 0.188069185279 0.752276741118
    3   23 0.188069234449 0.752276937796
    4   23 0.188072362381 0.752289449524
    5   23 0.188074573969 0.752298295878
    6   23 0.188076550407 0.752306201627
    7   23 0.188079130548 0.752316522190
    8   23 0.188080665198 0.752322660791
    9   23 0.188083216767 0.752332867068
   10   23 0.188084514105 0.752338056418
   11   23 0.188087294596 0.752349178383
   12   23 0.188088510917 0.752354043666
   13   23 0.188091725407 0.752366901627
   14   23 0.188093090518 0.752372362072
   15   23 0.188096880004 0.752387520014
   16   23 0.188098399533 0.752393598133
   17   23 0.188103443297 0.752413773186
   18   23 0.188116663922 0.752466655688
   19   23 0.188112876587 0.752451506347
   20   23 0.188122981206 0.752491924824
   21   23 0.188122021058 0.752488084234
   22   23 0.188124026783 0.752496107132
   23   23 0.188123738162 0.752494952648
   24   23 0.188124530460 0.752498121841
   25   23 0.188124300663 0.752497202650
   26   23 0.188124602851 0.752498411404
   27   23 0.188124539084 0.752498156335
   28   23 0.188124539251 0.752498157002
   29   23 0.188124602976 0.752498411903
   30   23 0.188124300639 0.752497202556
   31   23 0.188124529914 0.752498119655
   32   23 0.188123737576 0.752494950305
   33   23 0.188124026951 0.752496107806
   34   23 0.188122020287 0.752488081149
   35   23 0.188122982032 0.752491928128
   36   23 0.188112875579 0.752451502315
   37   23 0.188116664939 0.752466659755
   38   23 0.188103443600 0.752413774400
   39   23 0.188098399661 0.752393598644
   40   23 0.188096880471 0.752387521884
   41   23 0.188093090538 0.752372362151
   42   23 0.188091725511 0.752366902046
   43   23 0.188088510764 0.752354043056
   44   23 0.188087294732 0.752349178929
   45   23 0.188084513993 0.752338055971
   46   23 0.188083216874 0.752332867496
   47   23 0.188080664969 0.752322659874
   48   23 0.188079130798 0.752316523194
   49   23 0.188076550032 0.752306200129
   50   23 0.188074573490 0.752298293959
   51   23 0.188072362494 0.752289449976
   52   23 0.188069233974 0.752276935894
   53   23 0.188069186908 0.752276747631
   54   23 0.188060635623 0.752242542491

    1   24 0.188060848080 0.752243392320
    2   24 0.188064339834 0.752257359335
    3   24 0.188061304054 0.752245216216
    4   24 0.188062233761 0.752248935042
    5   24 0.188063180664 0.752252722654
    6   24 0.188064338201 0.752257352804
    7   24 0.188065180811 0.752260723245
    8   24 0.188066308867 0.752265235468
    9   24 0.188067052427 0.752268209709
   10   24 0.188068382281 0.752273529125
   11   24 0.188068968335 0.752275873340
   12   24 0.188070564845 0.752282259382
   13   24 0.188071183403 0.752284733612
   14   24 0.188073013932 0.752292055728
   15   24 0.188073777597 0.752295110388
   16   24 0.188076017870 0.752304071478
   17   24 0.188076937963 0.752307751851
   18   24 0.188079581508 0.752318326032
   19   24 0.188087351708 0.752349406831
   20   24 0.188084946757 0.752339787028
   21   24 0.188090988069 0.752363952274
   22   24 0.188090303866 0.752361215466
   23   24 0.188091611490 0.752366445962
   24   24 0.188091460611 0.752365842444
   25   24 0.188091909341 0.752367637363
   26   24 0.188091964785 0.752367859140
   27   24 0.188092011988 0.752368047951
   28   24 0.188092011976 0.752368047903
   29   24 0.188091964966 0.752367859864
   30   24 0.188091909244 0.752367636976
   31   24 0.188091460322 0.752365841289
   32   24 0.188091611412 0.752366445648
   33   24 0.188090303172 0.752361212686
   34   24 0.188090988550 0.752363954201
   35   24 0.188084946336 0.752339785345
   36   24 0.188087352483 0.752349409932
   37   24 0.188079581609 0.752318326434
   38   24 0.188076937821 0.752307751285
   39   24 0.188076017994 0.752304071976
   40   24 0.188073777673 0.752295110691
   41   24 0.188073014173 0.752292056693
   42   24 0.188071183418 0.752284733673
   43   24 0.188070564894 0.752282259576
   44   24 0.188068968242 0.752275872969
   45   24 0.188068382345 0.752273529381
   46   24 0.188067052344 0.752268209376
   47   24 0.188066308936 0.752265235746
   48   24 0.188065180643 0.752260722574
   49   24 0.188064338352 0.752257353410
   50   24 0.188063180429 0.752252721717
   51   24 0.188062233480 0.752248933919
   52   24 0.188061304119 0.752245216476
   53   24 0.188064338986 0.752257355944
   54   24 0.188060849576 0.752243398306

    1   25 0.188060495356 0.752241981424
    2   25 0.188055838118 0.752223352474
    3   25 0.188058680125 0.752234720500
    4   25 0.188056256942 0.752225027766
    5   25 0.188056695127 0.752226780509
    6   25 0.188057104491 0.752228417962
    7   25 0.188057257599 0.752229030396
    8   25 0.188057781478 0.752231125912
    9   25 0.188058290195 0.752233160781
   10   25 0.188058598958 0.752234395831
   11   25 0.188059407496 0.752237629986
   12   25 0.188059703183 0.752238812730
   13   25 0.188060601483 0.752242405931
   14   25 0.188060950962 0.752243803848
   15   25 0.188062012459 0.752248049837
   16   25 0.188062482591 0.752249930362
   17   25 0.188063838815 0.752255355262
   18   25 0.188064441282 0.752257765127
   19   25 0.188065830127 0.752263320509
   20   25 0.188070502549 0.752282010197
   21   25 0.188068991986 0.752275967945
   22   25 0.188072718795 0.752290875180
   23   25 0.188072291888 0.752289167551
   24   25 0.188073097608 0.752292390431
   25   25 0.188073348217 0.752293392869
   26   25 0.188073418778 0.752293675112
   27   25 0.188073602949 0.752294411797
   28   25 0.188073603031 0.752294412122
   29   25 0.188073418658 0.752293674632
   30   25 0.188073348175 0.752293392701
   31   25 0.188073097691 0.752292390766
   32   25 0.188072291503 0.752289166014
   33   25 0.188072719002 0.752290876008
   34   25 0.188068991596 0.752275966384
   35   25 0.188070502989 0.752282011955
   36   25 0.188065830262 0.752263321047
   37   25 0.188064441302 0.752257765207
   38   25 0.188063838875 0.752255355501
   39   25 0.188062482519 0.752249930077
   40   25 0.188062012513 0.752248050054
   41   25 0.188060951004 0.752243804016
   42   25 0.188060601608 0.752242406434
   43   25 0.188059703190 0.752238812762
   44   25 0.188059407515 0.752237630060
   45   25 0.188058598902 0.752234395607
   46   25 0.188058290230 0.752233160921
   47   25 0.188057781411 0.752231125644
   48   25 0.188057257654 0.752229030617
   49   25 0.188057104336 0.752228417342
   50   25 0.188056695216 0.752226780864
   51   25 0.188056256797 0.752225027189
   52   25 0.188058679657 0.752234718630
   53   25 0.188055838495 0.752223353981
   54   25 0.188060494527 0.752241978110

    1   26 0.188055706081 0.752222824322
    2   26 0.188056356552 0.752225426210
    3   26 0.188053146160 0.752212584639
    4   26 0.188054662349 0.752218649395
    5   26 0.188053218395 0.752212873582
    6   26 0.188052751371 0.752211005486
    7   26 0.188053198458 0.752212793831
    8   26 0.188053114321 0.752212457285
    9   26 0.188053308461 0.752213233844
   10   26 0.188053714766 0.752214859063
   11   26 0.188053890061 0.752215560243
   12   26 0.188054357736 0.752217430943
   13   26 0.188054566323 0.752218265292
   14   26 0.188055088934 0.752220355735
   15   26 0.188055340410 0.752221361642
   16   26 0.188055973409 0.752223893635
   17   26 0.188056306005 0.752225224021
   18   26 0.188057146127 0.752228584508
   19   26 0.188057616221 0.752230464884
   20   26 0.188058374436 0.752233497744
   21   26 0.188061330473 0.752245321893
   22   26 0.188060449004 0.752241796017
   23   26 0.188062726243 0.752250904973
   24   26 0.188063008768 0.752252035072
   25   26 0.188063217475 0.752252869901
   26   26 0.188063628917 0.752254515666
   27   26 0.188063641757 0.752254567028
   28   26 0.188063641633 0.752254566533
   29   26 0.188063628898 0.752254515593
   30   26 0.188063217469 0.752252869876
   31   26 0.188063008636 0.752252034543
   32   26 0.188062726439 0.752250905756
   33   26 0.188060448786 0.752241795144
   34   26 0.188061330698 0.752245322791
   35   26 0.188058374433 0.752233497732
   36   26 0.188057616223 0.752230464891
   37   26 0.188057146209 0.752228584836
   38   26 0.188056306018 0.752225224072
   39   26 0.188055973434 0.752223893735
   40   26 0.188055340379 0.752221361518
   41   26 0.188055088958 0.752220355833
   42   26 0.188054566343 0.752218265374
   43   26 0.188054357795 0.752217431180
   44   26 0.188053890067 0.752215560268
   45   26 0.188053714779 0.752214859114
   46   26 0.188053308435 0.752213233740
   47   26 0.188053114339 0.752212457357
   48   26 0.188053198378 0.752212793510
   49   26 0.188052751417 0.752211005669
   50   26 0.188053218250 0.752212872999
   51   26 0.188054662232 0.752218648926
   52   26 0.188053146260 0.752212585039
   53   26 0.188056356102 0.752225424407
   54   26 0.188055706296 0.752222825183

    1   27 0.188054047082 0.752216188327
    2   27 0.188053707011 0.752214828045
    3   27 0.188053873386 0.752215493543
    4   27 0.188052128138 0.752208512551
    5   27 0.188051884864 0.752207539457
    6   27 0.188051455961 0.752205823845
    7   27 0.188050980875 0.752203923499
    8   27 0.188051099548 0.752204398193
    9   27 0.188051262794 0.752205051175
   10   27 0.188051413243 0.752205652971
   11   27 0.188051673289 0.752206693157
   12   27 0.188051866616 0.752207466463
   13   27 0.188052157207 0.752208628828
   14   27 0.188052377962 0.752209511847
   15   27 0.188052707488 0.752210829951
   16   27 0.188052963991 0.752211855966
   17   27 0.188053368164 0.752213472656
   18   27 0.188053708718 0.752214834872
   19   27 0.188054280363 0.752217121452
   20   27 0.188054812701 0.752219250803
   21   27 0.188055331771 0.752221327086
   22   27 0.188057196567 0.752228786267
   23   27 0.188057589818 0.752230359273
   24   27 0.188058514694 0.752234058775
   25   27 0.188059092835 0.752236371339
   26   27 0.188059220782 0.752236883128
   27   27 0.188059334151 0.752237336604
   28   27 0.188059334176 0.752237336704
   29   27 0.188059220733 0.752236882933
   30   27 0.188059092773 0.752236371090
   31   27 0.188058514729 0.752234058915
   32   27 0.188057589800 0.752230359198
   33   27 0.188057196740 0.752228786960
   34   27 0.188055331779 0.752221327117
   35   27 0.188054812691 0.752219250763
   36   27 0.188054280363 0.752217121450
   37   27 0.188053708717 0.752214834870
   38   27 0.188053368203 0.752213472811
   39   27 0.188052964017 0.752211856069
   40   27 0.188052707502 0.752210830008
   41   27 0.188052377944 0.752209511775
   42   27 0.188052157205 0.752208628819
   43   27 0.188051866630 0.752207466520
   44   27 0.188051673330 0.752206693321
   45   27 0.188051413264 0.752205653057
   46   27 0.188051262798 0.752205051190
   47   27 0.188051099522 0.752204398090
   48   27 0.188050980867 0.752203923469
   49   27 0.188051455874 0.752205823498
   50   27 0.188051884815 0.752207539260
   51   27 0.188052128083 0.752208512331
   52   27 0.188053873226 0.752215492903
   53   27 0.188053707053 0.752214828212
   54   27 0.188054047000 0.752216187999

