# 2D BCS superconductor
# Lx=54, Ly=27, t=2, V/t=2, 
# Spatial profile of BCS pairing field initialized without DeltaBCS - 1st iteration
# x, y, BCS pairing field, V*BCS pairing field
    1    1 0.188043045887 0.752172183550
    2    1 0.188043045887 0.752172183550
    3    1 0.188043045887 0.752172183550
    4    1 0.188043045887 0.752172183550
    5    1 0.188043045887 0.752172183550
    6    1 0.188043045887 0.752172183550
    7    1 0.188043045887 0.752172183550
    8    1 0.188043045887 0.752172183550
    9    1 0.188043045887 0.752172183550
   10    1 0.188043045887 0.752172183550
   11    1 0.188043045887 0.752172183550
   12    1 0.188043045887 0.752172183550
   13    1 0.188043045887 0.752172183550
   14    1 0.188043045887 0.752172183550
   15    1 0.188043045887 0.752172183550
   16    1 0.188043045887 0.752172183550
   17    1 0.188043045887 0.752172183550
   18    1 0.188043045887 0.752172183550
   19    1 0.188043045887 0.752172183550
   20    1 0.188043045887 0.752172183550
   21    1 0.188043045887 0.752172183550
   22    1 0.188043045887 0.752172183550
   23    1 0.188043045887 0.752172183550
   24    1 0.188043045887 0.752172183550
   25    1 0.188043045887 0.752172183550
   26    1 0.188043045887 0.752172183550
   27    1 0.188043045887 0.752172183550
   28    1 0.188043045887 0.752172183550
   29    1 0.188043045887 0.752172183550
   30    1 0.188043045887 0.752172183550
   31    1 0.188043045887 0.752172183550
   32    1 0.188043045887 0.752172183550
   33    1 0.188043045887 0.752172183550
   34    1 0.188043045887 0.752172183550
   35    1 0.188043045887 0.752172183550
   36    1 0.188043045887 0.752172183550
   37    1 0.188043045887 0.752172183550
   38    1 0.188043045887 0.752172183550
   39    1 0.188043045887 0.752172183550
   40    1 0.188043045887 0.752172183550
   41    1 0.188043045887 0.752172183550
   42    1 0.188043045887 0.752172183550
   43    1 0.188043045887 0.752172183550
   44    1 0.188043045887 0.752172183550
   45    1 0.188043045887 0.752172183550
   46    1 0.188043045887 0.752172183550
   47    1 0.188043045887 0.752172183550
   48    1 0.188043045887 0.752172183550
   49    1 0.188043045887 0.752172183550
   50    1 0.188043045887 0.752172183550
   51    1 0.188043045887 0.752172183550
   52    1 0.188043045887 0.752172183550
   53    1 0.188043045887 0.752172183550
   54    1 0.188043045887 0.752172183550

    1    2 0.188043045887 0.752172183550
    2    2 0.188043045887 0.752172183550
    3    2 0.188043045887 0.752172183550
    4    2 0.188043045887 0.752172183550
    5    2 0.188043045887 0.752172183550
    6    2 0.188043045887 0.752172183550
    7    2 0.188043045887 0.752172183550
    8    2 0.188043045887 0.752172183550
    9    2 0.188043045887 0.752172183550
   10    2 0.188043045887 0.752172183550
   11    2 0.188043045887 0.752172183550
   12    2 0.188043045887 0.752172183550
   13    2 0.188043045887 0.752172183550
   14    2 0.188043045887 0.752172183550
   15    2 0.188043045887 0.752172183550
   16    2 0.188043045887 0.752172183550
   17    2 0.188043045887 0.752172183550
   18    2 0.188043045887 0.752172183550
   19    2 0.188043045887 0.752172183550
   20    2 0.188043045887 0.752172183550
   21    2 0.188043045887 0.752172183550
   22    2 0.188043045887 0.752172183550
   23    2 0.188043045887 0.752172183550
   24    2 0.188043045887 0.752172183550
   25    2 0.188043045887 0.752172183550
   26    2 0.188043045887 0.752172183550
   27    2 0.188043045887 0.752172183550
   28    2 0.188043045887 0.752172183550
   29    2 0.188043045887 0.752172183550
   30    2 0.188043045887 0.752172183550
   31    2 0.188043045887 0.752172183550
   32    2 0.188043045887 0.752172183550
   33    2 0.188043045887 0.752172183550
   34    2 0.188043045887 0.752172183550
   35    2 0.188043045887 0.752172183550
   36    2 0.188043045887 0.752172183550
   37    2 0.188043045887 0.752172183550
   38    2 0.188043045887 0.752172183550
   39    2 0.188043045887 0.752172183550
   40    2 0.188043045887 0.752172183550
   41    2 0.188043045887 0.752172183550
   42    2 0.188043045887 0.752172183550
   43    2 0.188043045887 0.752172183550
   44    2 0.188043045887 0.752172183550
   45    2 0.188043045887 0.752172183550
   46    2 0.188043045887 0.752172183550
   47    2 0.188043045887 0.752172183550
   48    2 0.188043045887 0.752172183550
   49    2 0.188043045887 0.752172183550
   50    2 0.188043045887 0.752172183550
   51    2 0.188043045887 0.752172183550
   52    2 0.188043045887 0.752172183550
   53    2 0.188043045887 0.752172183550
   54    2 0.188043045887 0.752172183550

    1    3 0.188043045887 0.752172183550
    2    3 0.188043045887 0.752172183550
    3    3 0.188043045887 0.752172183550
    4    3 0.188043045887 0.752172183550
    5    3 0.188043045887 0.752172183550
    6    3 0.188043045887 0.752172183550
    7    3 0.188043045887 0.752172183550
    8    3 0.188043045887 0.752172183550
    9    3 0.188043045887 0.752172183550
   10    3 0.188043045887 0.752172183550
   11    3 0.188043045887 0.752172183550
   12    3 0.188043045887 0.752172183550
   13    3 0.188043045887 0.752172183550
   14    3 0.188043045887 0.752172183550
   15    3 0.188043045887 0.752172183550
   16    3 0.188043045887 0.752172183550
   17    3 0.188043045887 0.752172183550
   18    3 0.188043045887 0.752172183550
   19    3 0.188043045887 0.752172183550
   20    3 0.188043045887 0.752172183550
   21    3 0.188043045887 0.752172183550
   22    3 0.188043045887 0.752172183550
   23    3 0.188043045887 0.752172183550
   24    3 0.188043045887 0.752172183550
   25    3 0.188043045887 0.752172183550
   26    3 0.188043045887 0.752172183550
   27    3 0.188043045887 0.752172183550
   28    3 0.188043045887 0.752172183550
   29    3 0.188043045887 0.752172183550
   30    3 0.188043045887 0.752172183550
   31    3 0.188043045887 0.752172183550
   32    3 0.188043045887 0.752172183550
   33    3 0.188043045887 0.752172183550
   34    3 0.188043045887 0.752172183550
   35    3 0.188043045887 0.752172183550
   36    3 0.188043045887 0.752172183550
   37    3 0.188043045887 0.752172183550
   38    3 0.188043045887 0.752172183550
   39    3 0.188043045887 0.752172183550
   40    3 0.188043045887 0.752172183550
   41    3 0.188043045887 0.752172183550
   42    3 0.188043045887 0.752172183550
   43    3 0.188043045887 0.752172183550
   44    3 0.188043045887 0.752172183550
   45    3 0.188043045887 0.752172183550
   46    3 0.188043045887 0.752172183550
   47    3 0.188043045887 0.752172183550
   48    3 0.188043045887 0.752172183550
   49    3 0.188043045887 0.752172183550
   50    3 0.188043045887 0.752172183550
   51    3 0.188043045887 0.752172183550
   52    3 0.188043045887 0.752172183550
   53    3 0.188043045887 0.752172183550
   54    3 0.188043045887 0.752172183550

    1    4 0.188043045887 0.752172183550
    2    4 0.188043045887 0.752172183550
    3    4 0.188043045887 0.752172183550
    4    4 0.188043045887 0.752172183550
    5    4 0.188043045887 0.752172183550
    6    4 0.188043045887 0.752172183550
    7    4 0.188043045887 0.752172183550
    8    4 0.188043045887 0.752172183550
    9    4 0.188043045887 0.752172183550
   10    4 0.188043045887 0.752172183550
   11    4 0.188043045887 0.752172183550
   12    4 0.188043045887 0.752172183550
   13    4 0.188043045887 0.752172183550
   14    4 0.188043045887 0.752172183550
   15    4 0.188043045887 0.752172183550
   16    4 0.188043045887 0.752172183550
   17    4 0.188043045887 0.752172183550
   18    4 0.188043045887 0.752172183550
   19    4 0.188043045887 0.752172183550
   20    4 0.188043045887 0.752172183550
   21    4 0.188043045887 0.752172183550
   22    4 0.188043045887 0.752172183550
   23    4 0.188043045887 0.752172183550
   24    4 0.188043045887 0.752172183550
   25    4 0.188043045887 0.752172183550
   26    4 0.188043045887 0.752172183550
   27    4 0.188043045887 0.752172183550
   28    4 0.188043045887 0.752172183550
   29    4 0.188043045887 0.752172183550
   30    4 0.188043045887 0.752172183550
   31    4 0.188043045887 0.752172183550
   32    4 0.188043045887 0.752172183550
   33    4 0.188043045887 0.752172183550
   34    4 0.188043045887 0.752172183550
   35    4 0.188043045887 0.752172183550
   36    4 0.188043045887 0.752172183550
   37    4 0.188043045887 0.752172183550
   38    4 0.188043045887 0.752172183550
   39    4 0.188043045887 0.752172183550
   40    4 0.188043045887 0.752172183550
   41    4 0.188043045887 0.752172183550
   42    4 0.188043045887 0.752172183550
   43    4 0.188043045887 0.752172183550
   44    4 0.188043045887 0.752172183550
   45    4 0.188043045887 0.752172183550
   46    4 0.188043045887 0.752172183550
   47    4 0.188043045887 0.752172183550
   48    4 0.188043045887 0.752172183550
   49    4 0.188043045887 0.752172183550
   50    4 0.188043045887 0.752172183550
   51    4 0.188043045887 0.752172183550
   52    4 0.188043045887 0.752172183550
   53    4 0.188043045887 0.752172183550
   54    4 0.188043045887 0.752172183550

    1    5 0.188043045887 0.752172183550
    2    5 0.188043045887 0.752172183550
    3    5 0.188043045887 0.752172183550
    4    5 0.188043045887 0.752172183550
    5    5 0.188043045887 0.752172183550
    6    5 0.188043045887 0.752172183550
    7    5 0.188043045887 0.752172183550
    8    5 0.188043045887 0.752172183550
    9    5 0.188043045887 0.752172183550
   10    5 0.188043045887 0.752172183550
   11    5 0.188043045887 0.752172183550
   12    5 0.188043045887 0.752172183550
   13    5 0.188043045887 0.752172183550
   14    5 0.188043045887 0.752172183550
   15    5 0.188043045887 0.752172183550
   16    5 0.188043045887 0.752172183550
   17    5 0.188043045887 0.752172183550
   18    5 0.188043045887 0.752172183550
   19    5 0.188043045887 0.752172183550
   20    5 0.188043045887 0.752172183550
   21    5 0.188043045887 0.752172183550
   22    5 0.188043045887 0.752172183550
   23    5 0.188043045887 0.752172183550
   24    5 0.188043045887 0.752172183550
   25    5 0.188043045887 0.752172183550
   26    5 0.188043045887 0.752172183550
   27    5 0.188043045887 0.752172183550
   28    5 0.188043045887 0.752172183550
   29    5 0.188043045887 0.752172183550
   30    5 0.188043045887 0.752172183550
   31    5 0.188043045887 0.752172183550
   32    5 0.188043045887 0.752172183550
   33    5 0.188043045887 0.752172183550
   34    5 0.188043045887 0.752172183550
   35    5 0.188043045887 0.752172183550
   36    5 0.188043045887 0.752172183550
   37    5 0.188043045887 0.752172183550
   38    5 0.188043045887 0.752172183550
   39    5 0.188043045887 0.752172183550
   40    5 0.188043045887 0.752172183550
   41    5 0.188043045887 0.752172183550
   42    5 0.188043045887 0.752172183550
   43    5 0.188043045887 0.752172183550
   44    5 0.188043045887 0.752172183550
   45    5 0.188043045887 0.752172183550
   46    5 0.188043045887 0.752172183550
   47    5 0.188043045887 0.752172183550
   48    5 0.188043045887 0.752172183550
   49    5 0.188043045887 0.752172183550
   50    5 0.188043045887 0.752172183550
   51    5 0.188043045887 0.752172183550
   52    5 0.188043045887 0.752172183550
   53    5 0.188043045887 0.752172183550
   54    5 0.188043045887 0.752172183550

    1    6 0.188043045887 0.752172183550
    2    6 0.188043045887 0.752172183550
    3    6 0.188043045887 0.752172183550
    4    6 0.188043045887 0.752172183550
    5    6 0.188043045887 0.752172183550
    6    6 0.188043045887 0.752172183550
    7    6 0.188043045887 0.752172183550
    8    6 0.188043045887 0.752172183550
    9    6 0.188043045887 0.752172183550
   10    6 0.188043045887 0.752172183550
   11    6 0.188043045887 0.752172183550
   12    6 0.188043045887 0.752172183550
   13    6 0.188043045887 0.752172183550
   14    6 0.188043045887 0.752172183550
   15    6 0.188043045887 0.752172183550
   16    6 0.188043045887 0.752172183550
   17    6 0.188043045887 0.752172183550
   18    6 0.188043045887 0.752172183550
   19    6 0.188043045887 0.752172183550
   20    6 0.188043045887 0.752172183550
   21    6 0.188043045887 0.752172183550
   22    6 0.188043045887 0.752172183550
   23    6 0.188043045887 0.752172183550
   24    6 0.188043045887 0.752172183550
   25    6 0.188043045887 0.752172183550
   26    6 0.188043045887 0.752172183550
   27    6 0.188043045887 0.752172183550
   28    6 0.188043045887 0.752172183550
   29    6 0.188043045887 0.752172183550
   30    6 0.188043045887 0.752172183550
   31    6 0.188043045887 0.752172183550
   32    6 0.188043045887 0.752172183550
   33    6 0.188043045887 0.752172183550
   34    6 0.188043045887 0.752172183550
   35    6 0.188043045887 0.752172183550
   36    6 0.188043045887 0.752172183550
   37    6 0.188043045887 0.752172183550
   38    6 0.188043045887 0.752172183550
   39    6 0.188043045887 0.752172183550
   40    6 0.188043045887 0.752172183550
   41    6 0.188043045887 0.752172183550
   42    6 0.188043045887 0.752172183550
   43    6 0.188043045887 0.752172183550
   44    6 0.188043045887 0.752172183550
   45    6 0.188043045887 0.752172183550
   46    6 0.188043045887 0.752172183550
   47    6 0.188043045887 0.752172183550
   48    6 0.188043045887 0.752172183550
   49    6 0.188043045887 0.752172183550
   50    6 0.188043045887 0.752172183550
   51    6 0.188043045887 0.752172183550
   52    6 0.188043045887 0.752172183550
   53    6 0.188043045887 0.752172183550
   54    6 0.188043045887 0.752172183550

    1    7 0.188043045887 0.752172183550
    2    7 0.188043045887 0.752172183550
    3    7 0.188043045887 0.752172183550
    4    7 0.188043045887 0.752172183550
    5    7 0.188043045887 0.752172183550
    6    7 0.188043045887 0.752172183550
    7    7 0.188043045887 0.752172183550
    8    7 0.188043045887 0.752172183550
    9    7 0.188043045887 0.752172183550
   10    7 0.188043045887 0.752172183550
   11    7 0.188043045887 0.752172183550
   12    7 0.188043045887 0.752172183550
   13    7 0.188043045887 0.752172183550
   14    7 0.188043045887 0.752172183550
   15    7 0.188043045887 0.752172183550
   16    7 0.188043045887 0.752172183550
   17    7 0.188043045887 0.752172183550
   18    7 0.188043045887 0.752172183550
   19    7 0.188043045887 0.752172183550
   20    7 0.188043045887 0.752172183550
   21    7 0.188043045887 0.752172183550
   22    7 0.188043045887 0.752172183550
   23    7 0.188043045887 0.752172183550
   24    7 0.188043045887 0.752172183550
   25    7 0.188043045887 0.752172183550
   26    7 0.188043045887 0.752172183550
   27    7 0.188043045887 0.752172183550
   28    7 0.188043045887 0.752172183550
   29    7 0.188043045887 0.752172183550
   30    7 0.188043045887 0.752172183550
   31    7 0.188043045887 0.752172183550
   32    7 0.188043045887 0.752172183550
   33    7 0.188043045887 0.752172183550
   34    7 0.188043045887 0.752172183550
   35    7 0.188043045887 0.752172183550
   36    7 0.188043045887 0.752172183550
   37    7 0.188043045887 0.752172183550
   38    7 0.188043045887 0.752172183550
   39    7 0.188043045887 0.752172183550
   40    7 0.188043045887 0.752172183550
   41    7 0.188043045887 0.752172183550
   42    7 0.188043045887 0.752172183550
   43    7 0.188043045887 0.752172183550
   44    7 0.188043045887 0.752172183550
   45    7 0.188043045887 0.752172183550
   46    7 0.188043045887 0.752172183550
   47    7 0.188043045887 0.752172183550
   48    7 0.188043045887 0.752172183550
   49    7 0.188043045887 0.752172183550
   50    7 0.188043045887 0.752172183550
   51    7 0.188043045887 0.752172183550
   52    7 0.188043045887 0.752172183550
   53    7 0.188043045887 0.752172183550
   54    7 0.188043045887 0.752172183550

    1    8 0.188043045887 0.752172183550
    2    8 0.188043045887 0.752172183550
    3    8 0.188043045887 0.752172183550
    4    8 0.188043045887 0.752172183550
    5    8 0.188043045887 0.752172183550
    6    8 0.188043045887 0.752172183550
    7    8 0.188043045887 0.752172183550
    8    8 0.188043045887 0.752172183550
    9    8 0.188043045887 0.752172183550
   10    8 0.188043045887 0.752172183550
   11    8 0.188043045887 0.752172183550
   12    8 0.188043045887 0.752172183550
   13    8 0.188043045887 0.752172183550
   14    8 0.188043045887 0.752172183550
   15    8 0.188043045887 0.752172183550
   16    8 0.188043045887 0.752172183550
   17    8 0.188043045887 0.752172183550
   18    8 0.188043045887 0.752172183550
   19    8 0.188043045887 0.752172183550
   20    8 0.188043045887 0.752172183550
   21    8 0.188043045887 0.752172183550
   22    8 0.188043045887 0.752172183550
   23    8 0.188043045887 0.752172183550
   24    8 0.188043045887 0.752172183550
   25    8 0.188043045887 0.752172183550
   26    8 0.188043045887 0.752172183550
   27    8 0.188043045887 0.752172183550
   28    8 0.188043045887 0.752172183550
   29    8 0.188043045887 0.752172183550
   30    8 0.188043045887 0.752172183550
   31    8 0.188043045887 0.752172183550
   32    8 0.188043045887 0.752172183550
   33    8 0.188043045887 0.752172183550
   34    8 0.188043045887 0.752172183550
   35    8 0.188043045887 0.752172183550
   36    8 0.188043045887 0.752172183550
   37    8 0.188043045887 0.752172183550
   38    8 0.188043045887 0.752172183550
   39    8 0.188043045887 0.752172183550
   40    8 0.188043045887 0.752172183550
   41    8 0.188043045887 0.752172183550
   42    8 0.188043045887 0.752172183550
   43    8 0.188043045887 0.752172183550
   44    8 0.188043045887 0.752172183550
   45    8 0.188043045887 0.752172183550
   46    8 0.188043045887 0.752172183550
   47    8 0.188043045887 0.752172183550
   48    8 0.188043045887 0.752172183550
   49    8 0.188043045887 0.752172183550
   50    8 0.188043045887 0.752172183550
   51    8 0.188043045887 0.752172183550
   52    8 0.188043045887 0.752172183550
   53    8 0.188043045887 0.752172183550
   54    8 0.188043045887 0.752172183550

    1    9 0.188043045887 0.752172183550
    2    9 0.188043045887 0.752172183550
    3    9 0.188043045887 0.752172183550
    4    9 0.188043045887 0.752172183550
    5    9 0.188043045887 0.752172183550
    6    9 0.188043045887 0.752172183550
    7    9 0.188043045887 0.752172183550
    8    9 0.188043045887 0.752172183550
    9    9 0.188043045887 0.752172183550
   10    9 0.188043045887 0.752172183550
   11    9 0.188043045887 0.752172183550
   12    9 0.188043045887 0.752172183550
   13    9 0.188043045887 0.752172183550
   14    9 0.188043045887 0.752172183550
   15    9 0.188043045887 0.752172183550
   16    9 0.188043045887 0.752172183550
   17    9 0.188043045887 0.752172183550
   18    9 0.188043045887 0.752172183550
   19    9 0.188043045887 0.752172183550
   20    9 0.188043045887 0.752172183550
   21    9 0.188043045887 0.752172183550
   22    9 0.188043045887 0.752172183550
   23    9 0.188043045887 0.752172183550
   24    9 0.188043045887 0.752172183550
   25    9 0.188043045887 0.752172183550
   26    9 0.188043045887 0.752172183550
   27    9 0.188043045887 0.752172183550
   28    9 0.188043045887 0.752172183550
   29    9 0.188043045887 0.752172183550
   30    9 0.188043045887 0.752172183550
   31    9 0.188043045887 0.752172183550
   32    9 0.188043045887 0.752172183550
   33    9 0.188043045887 0.752172183550
   34    9 0.188043045887 0.752172183550
   35    9 0.188043045887 0.752172183550
   36    9 0.188043045887 0.752172183550
   37    9 0.188043045887 0.752172183550
   38    9 0.188043045887 0.752172183550
   39    9 0.188043045887 0.752172183550
   40    9 0.188043045887 0.752172183550
   41    9 0.188043045887 0.752172183550
   42    9 0.188043045887 0.752172183550
   43    9 0.188043045887 0.752172183550
   44    9 0.188043045887 0.752172183550
   45    9 0.188043045887 0.752172183550
   46    9 0.188043045887 0.752172183550
   47    9 0.188043045887 0.752172183550
   48    9 0.188043045887 0.752172183550
   49    9 0.188043045887 0.752172183550
   50    9 0.188043045887 0.752172183550
   51    9 0.188043045887 0.752172183550
   52    9 0.188043045887 0.752172183550
   53    9 0.188043045887 0.752172183550
   54    9 0.188043045887 0.752172183550

    1   10 0.188043045887 0.752172183550
    2   10 0.188043045887 0.752172183550
    3   10 0.188043045887 0.752172183550
    4   10 0.188043045887 0.752172183550
    5   10 0.188043045887 0.752172183550
    6   10 0.188043045887 0.752172183550
    7   10 0.188043045887 0.752172183550
    8   10 0.188043045887 0.752172183550
    9   10 0.188043045887 0.752172183550
   10   10 0.188043045887 0.752172183550
   11   10 0.188043045887 0.752172183550
   12   10 0.188043045887 0.752172183550
   13   10 0.188043045887 0.752172183550
   14   10 0.188043045887 0.752172183550
   15   10 0.188043045887 0.752172183550
   16   10 0.188043045887 0.752172183550
   17   10 0.188043045887 0.752172183550
   18   10 0.188043045887 0.752172183550
   19   10 0.188043045887 0.752172183550
   20   10 0.188043045887 0.752172183550
   21   10 0.188043045887 0.752172183550
   22   10 0.188043045887 0.752172183550
   23   10 0.188043045887 0.752172183550
   24   10 0.188043045887 0.752172183550
   25   10 0.188043045887 0.752172183550
   26   10 0.188043045887 0.752172183550
   27   10 0.188043045887 0.752172183550
   28   10 0.188043045887 0.752172183550
   29   10 0.188043045887 0.752172183550
   30   10 0.188043045887 0.752172183550
   31   10 0.188043045887 0.752172183550
   32   10 0.188043045887 0.752172183550
   33   10 0.188043045887 0.752172183550
   34   10 0.188043045887 0.752172183550
   35   10 0.188043045887 0.752172183550
   36   10 0.188043045887 0.752172183550
   37   10 0.188043045887 0.752172183550
   38   10 0.188043045887 0.752172183550
   39   10 0.188043045887 0.752172183550
   40   10 0.188043045887 0.752172183550
   41   10 0.188043045887 0.752172183550
   42   10 0.188043045887 0.752172183550
   43   10 0.188043045887 0.752172183550
   44   10 0.188043045887 0.752172183550
   45   10 0.188043045887 0.752172183550
   46   10 0.188043045887 0.752172183550
   47   10 0.188043045887 0.752172183550
   48   10 0.188043045887 0.752172183550
   49   10 0.188043045887 0.752172183550
   50   10 0.188043045887 0.752172183550
   51   10 0.188043045887 0.752172183550
   52   10 0.188043045887 0.752172183550
   53   10 0.188043045887 0.752172183550
   54   10 0.188043045887 0.752172183550

    1   11 0.188043045887 0.752172183550
    2   11 0.188043045887 0.752172183550
    3   11 0.188043045887 0.752172183550
    4   11 0.188043045887 0.752172183550
    5   11 0.188043045887 0.752172183550
    6   11 0.188043045887 0.752172183550
    7   11 0.188043045887 0.752172183550
    8   11 0.188043045887 0.752172183550
    9   11 0.188043045887 0.752172183550
   10   11 0.188043045887 0.752172183550
   11   11 0.188043045887 0.752172183550
   12   11 0.188043045887 0.752172183550
   13   11 0.188043045887 0.752172183550
   14   11 0.188043045887 0.752172183550
   15   11 0.188043045887 0.752172183550
   16   11 0.188043045887 0.752172183550
   17   11 0.188043045887 0.752172183550
   18   11 0.188043045887 0.752172183550
   19   11 0.188043045887 0.752172183550
   20   11 0.188043045887 0.752172183550
   21   11 0.188043045887 0.752172183550
   22   11 0.188043045887 0.752172183550
   23   11 0.188043045887 0.752172183550
   24   11 0.188043045887 0.752172183550
   25   11 0.188043045887 0.752172183550
   26   11 0.188043045887 0.752172183550
   27   11 0.188043045887 0.752172183550
   28   11 0.188043045887 0.752172183550
   29   11 0.188043045887 0.752172183550
   30   11 0.188043045887 0.752172183550
   31   11 0.188043045887 0.752172183550
   32   11 0.188043045887 0.752172183550
   33   11 0.188043045887 0.752172183550
   34   11 0.188043045887 0.752172183550
   35   11 0.188043045887 0.752172183550
   36   11 0.188043045887 0.752172183550
   37   11 0.188043045887 0.752172183550
   38   11 0.188043045887 0.752172183550
   39   11 0.188043045887 0.752172183550
   40   11 0.188043045887 0.752172183550
   41   11 0.188043045887 0.752172183550
   42   11 0.188043045887 0.752172183550
   43   11 0.188043045887 0.752172183550
   44   11 0.188043045887 0.752172183550
   45   11 0.188043045887 0.752172183550
   46   11 0.188043045887 0.752172183550
   47   11 0.188043045887 0.752172183550
   48   11 0.188043045887 0.752172183550
   49   11 0.188043045887 0.752172183550
   50   11 0.188043045887 0.752172183550
   51   11 0.188043045887 0.752172183550
   52   11 0.188043045887 0.752172183550
   53   11 0.188043045887 0.752172183550
   54   11 0.188043045887 0.752172183550

    1   12 0.188043045887 0.752172183550
    2   12 0.188043045887 0.752172183550
    3   12 0.188043045887 0.752172183550
    4   12 0.188043045887 0.752172183550
    5   12 0.188043045887 0.752172183550
    6   12 0.188043045887 0.752172183550
    7   12 0.188043045887 0.752172183550
    8   12 0.188043045887 0.752172183550
    9   12 0.188043045887 0.752172183550
   10   12 0.188043045887 0.752172183550
   11   12 0.188043045887 0.752172183550
   12   12 0.188043045887 0.752172183550
   13   12 0.188043045887 0.752172183550
   14   12 0.188043045887 0.752172183550
   15   12 0.188043045887 0.752172183550
   16   12 0.188043045887 0.752172183550
   17   12 0.188043045887 0.752172183550
   18   12 0.188043045887 0.752172183550
   19   12 0.188043045887 0.752172183550
   20   12 0.188043045887 0.752172183550
   21   12 0.188043045887 0.752172183550
   22   12 0.188043045887 0.752172183550
   23   12 0.188043045887 0.752172183550
   24   12 0.188043045887 0.752172183550
   25   12 0.188043045887 0.752172183550
   26   12 0.188043045887 0.752172183550
   27   12 0.188043045887 0.752172183550
   28   12 0.188043045887 0.752172183550
   29   12 0.188043045887 0.752172183550
   30   12 0.188043045887 0.752172183550
   31   12 0.188043045887 0.752172183550
   32   12 0.188043045887 0.752172183550
   33   12 0.188043045887 0.752172183550
   34   12 0.188043045887 0.752172183550
   35   12 0.188043045887 0.752172183550
   36   12 0.188043045887 0.752172183550
   37   12 0.188043045887 0.752172183550
   38   12 0.188043045887 0.752172183550
   39   12 0.188043045887 0.752172183550
   40   12 0.188043045887 0.752172183550
   41   12 0.188043045887 0.752172183550
   42   12 0.188043045887 0.752172183550
   43   12 0.188043045887 0.752172183550
   44   12 0.188043045887 0.752172183550
   45   12 0.188043045887 0.752172183550
   46   12 0.188043045887 0.752172183550
   47   12 0.188043045887 0.752172183550
   48   12 0.188043045887 0.752172183550
   49   12 0.188043045887 0.752172183550
   50   12 0.188043045887 0.752172183550
   51   12 0.188043045887 0.752172183550
   52   12 0.188043045887 0.752172183550
   53   12 0.188043045887 0.752172183550
   54   12 0.188043045887 0.752172183550

    1   13 0.188043045887 0.752172183550
    2   13 0.188043045887 0.752172183550
    3   13 0.188043045887 0.752172183550
    4   13 0.188043045887 0.752172183550
    5   13 0.188043045887 0.752172183550
    6   13 0.188043045887 0.752172183550
    7   13 0.188043045887 0.752172183550
    8   13 0.188043045887 0.752172183550
    9   13 0.188043045887 0.752172183550
   10   13 0.188043045887 0.752172183550
   11   13 0.188043045887 0.752172183550
   12   13 0.188043045887 0.752172183550
   13   13 0.188043045887 0.752172183550
   14   13 0.188043045887 0.752172183550
   15   13 0.188043045887 0.752172183550
   16   13 0.188043045887 0.752172183550
   17   13 0.188043045887 0.752172183550
   18   13 0.188043045887 0.752172183550
   19   13 0.188043045887 0.752172183550
   20   13 0.188043045887 0.752172183550
   21   13 0.188043045887 0.752172183550
   22   13 0.188043045887 0.752172183550
   23   13 0.188043045887 0.752172183550
   24   13 0.188043045887 0.752172183550
   25   13 0.188043045887 0.752172183550
   26   13 0.188043045887 0.752172183550
   27   13 0.188043045887 0.752172183550
   28   13 0.188043045887 0.752172183550
   29   13 0.188043045887 0.752172183550
   30   13 0.188043045887 0.752172183550
   31   13 0.188043045887 0.752172183550
   32   13 0.188043045887 0.752172183550
   33   13 0.188043045887 0.752172183550
   34   13 0.188043045887 0.752172183550
   35   13 0.188043045887 0.752172183550
   36   13 0.188043045887 0.752172183550
   37   13 0.188043045887 0.752172183550
   38   13 0.188043045887 0.752172183550
   39   13 0.188043045887 0.752172183550
   40   13 0.188043045887 0.752172183550
   41   13 0.188043045887 0.752172183550
   42   13 0.188043045887 0.752172183550
   43   13 0.188043045887 0.752172183550
   44   13 0.188043045887 0.752172183550
   45   13 0.188043045887 0.752172183550
   46   13 0.188043045887 0.752172183550
   47   13 0.188043045887 0.752172183550
   48   13 0.188043045887 0.752172183550
   49   13 0.188043045887 0.752172183550
   50   13 0.188043045887 0.752172183550
   51   13 0.188043045887 0.752172183550
   52   13 0.188043045887 0.752172183550
   53   13 0.188043045887 0.752172183550
   54   13 0.188043045887 0.752172183550

    1   14 0.188043045887 0.752172183550
    2   14 0.188043045887 0.752172183550
    3   14 0.188043045887 0.752172183550
    4   14 0.188043045887 0.752172183550
    5   14 0.188043045887 0.752172183550
    6   14 0.188043045887 0.752172183550
    7   14 0.188043045887 0.752172183550
    8   14 0.188043045887 0.752172183550
    9   14 0.188043045887 0.752172183550
   10   14 0.188043045887 0.752172183550
   11   14 0.188043045887 0.752172183550
   12   14 0.188043045887 0.752172183550
   13   14 0.188043045887 0.752172183550
   14   14 0.188043045887 0.752172183550
   15   14 0.188043045887 0.752172183550
   16   14 0.188043045887 0.752172183550
   17   14 0.188043045887 0.752172183550
   18   14 0.188043045887 0.752172183550
   19   14 0.188043045887 0.752172183550
   20   14 0.188043045887 0.752172183550
   21   14 0.188043045887 0.752172183550
   22   14 0.188043045887 0.752172183550
   23   14 0.188043045887 0.752172183550
   24   14 0.188043045887 0.752172183550
   25   14 0.188043045887 0.752172183550
   26   14 0.188043045887 0.752172183550
   27   14 0.188043045887 0.752172183550
   28   14 0.188043045887 0.752172183550
   29   14 0.188043045887 0.752172183550
   30   14 0.188043045887 0.752172183550
   31   14 0.188043045887 0.752172183550
   32   14 0.188043045887 0.752172183550
   33   14 0.188043045887 0.752172183550
   34   14 0.188043045887 0.752172183550
   35   14 0.188043045887 0.752172183550
   36   14 0.188043045887 0.752172183550
   37   14 0.188043045887 0.752172183550
   38   14 0.188043045887 0.752172183550
   39   14 0.188043045887 0.752172183550
   40   14 0.188043045887 0.752172183550
   41   14 0.188043045887 0.752172183550
   42   14 0.188043045887 0.752172183550
   43   14 0.188043045887 0.752172183550
   44   14 0.188043045887 0.752172183550
   45   14 0.188043045887 0.752172183550
   46   14 0.188043045887 0.752172183550
   47   14 0.188043045887 0.752172183550
   48   14 0.188043045887 0.752172183550
   49   14 0.188043045887 0.752172183550
   50   14 0.188043045887 0.752172183550
   51   14 0.188043045887 0.752172183550
   52   14 0.188043045887 0.752172183550
   53   14 0.188043045887 0.752172183550
   54   14 0.188043045887 0.752172183550

    1   15 0.188043045887 0.752172183550
    2   15 0.188043045887 0.752172183550
    3   15 0.188043045887 0.752172183550
    4   15 0.188043045887 0.752172183550
    5   15 0.188043045887 0.752172183550
    6   15 0.188043045887 0.752172183550
    7   15 0.188043045887 0.752172183550
    8   15 0.188043045887 0.752172183550
    9   15 0.188043045887 0.752172183550
   10   15 0.188043045887 0.752172183550
   11   15 0.188043045887 0.752172183550
   12   15 0.188043045887 0.752172183550
   13   15 0.188043045887 0.752172183550
   14   15 0.188043045887 0.752172183550
   15   15 0.188043045887 0.752172183550
   16   15 0.188043045887 0.752172183550
   17   15 0.188043045887 0.752172183550
   18   15 0.188043045887 0.752172183550
   19   15 0.188043045887 0.752172183550
   20   15 0.188043045887 0.752172183550
   21   15 0.188043045887 0.752172183550
   22   15 0.188043045887 0.752172183550
   23   15 0.188043045887 0.752172183550
   24   15 0.188043045887 0.752172183550
   25   15 0.188043045887 0.752172183550
   26   15 0.188043045887 0.752172183550
   27   15 0.188043045887 0.752172183550
   28   15 0.188043045887 0.752172183550
   29   15 0.188043045887 0.752172183550
   30   15 0.188043045887 0.752172183550
   31   15 0.188043045887 0.752172183550
   32   15 0.188043045887 0.752172183550
   33   15 0.188043045887 0.752172183550
   34   15 0.188043045887 0.752172183550
   35   15 0.188043045887 0.752172183550
   36   15 0.188043045887 0.752172183550
   37   15 0.188043045887 0.752172183550
   38   15 0.188043045887 0.752172183550
   39   15 0.188043045887 0.752172183550
   40   15 0.188043045887 0.752172183550
   41   15 0.188043045887 0.752172183550
   42   15 0.188043045887 0.752172183550
   43   15 0.188043045887 0.752172183550
   44   15 0.188043045887 0.752172183550
   45   15 0.188043045887 0.752172183550
   46   15 0.188043045887 0.752172183550
   47   15 0.188043045887 0.752172183550
   48   15 0.188043045887 0.752172183550
   49   15 0.188043045887 0.752172183550
   50   15 0.188043045887 0.752172183550
   51   15 0.188043045887 0.752172183550
   52   15 0.188043045887 0.752172183550
   53   15 0.188043045887 0.752172183550
   54   15 0.188043045887 0.752172183550

    1   16 0.188043045887 0.752172183550
    2   16 0.188043045887 0.752172183550
    3   16 0.188043045887 0.752172183550
    4   16 0.188043045887 0.752172183550
    5   16 0.188043045887 0.752172183550
    6   16 0.188043045887 0.752172183550
    7   16 0.188043045887 0.752172183550
    8   16 0.188043045887 0.752172183550
    9   16 0.188043045887 0.752172183550
   10   16 0.188043045887 0.752172183550
   11   16 0.188043045887 0.752172183550
   12   16 0.188043045887 0.752172183550
   13   16 0.188043045887 0.752172183550
   14   16 0.188043045887 0.752172183550
   15   16 0.188043045887 0.752172183550
   16   16 0.188043045887 0.752172183550
   17   16 0.188043045887 0.752172183550
   18   16 0.188043045887 0.752172183550
   19   16 0.188043045887 0.752172183550
   20   16 0.188043045887 0.752172183550
   21   16 0.188043045887 0.752172183550
   22   16 0.188043045887 0.752172183550
   23   16 0.188043045887 0.752172183550
   24   16 0.188043045887 0.752172183550
   25   16 0.188043045887 0.752172183550
   26   16 0.188043045887 0.752172183550
   27   16 0.188043045887 0.752172183550
   28   16 0.188043045887 0.752172183550
   29   16 0.188043045887 0.752172183550
   30   16 0.188043045887 0.752172183550
   31   16 0.188043045887 0.752172183550
   32   16 0.188043045887 0.752172183550
   33   16 0.188043045887 0.752172183550
   34   16 0.188043045887 0.752172183550
   35   16 0.188043045887 0.752172183550
   36   16 0.188043045887 0.752172183550
   37   16 0.188043045887 0.752172183550
   38   16 0.188043045887 0.752172183550
   39   16 0.188043045887 0.752172183550
   40   16 0.188043045887 0.752172183550
   41   16 0.188043045887 0.752172183550
   42   16 0.188043045887 0.752172183550
   43   16 0.188043045887 0.752172183550
   44   16 0.188043045887 0.752172183550
   45   16 0.188043045887 0.752172183550
   46   16 0.188043045887 0.752172183550
   47   16 0.188043045887 0.752172183550
   48   16 0.188043045887 0.752172183550
   49   16 0.188043045887 0.752172183550
   50   16 0.188043045887 0.752172183550
   51   16 0.188043045887 0.752172183550
   52   16 0.188043045887 0.752172183550
   53   16 0.188043045887 0.752172183550
   54   16 0.188043045887 0.752172183550

    1   17 0.188043045887 0.752172183550
    2   17 0.188043045887 0.752172183550
    3   17 0.188043045887 0.752172183550
    4   17 0.188043045887 0.752172183550
    5   17 0.188043045887 0.752172183550
    6   17 0.188043045887 0.752172183550
    7   17 0.188043045887 0.752172183550
    8   17 0.188043045887 0.752172183550
    9   17 0.188043045887 0.752172183550
   10   17 0.188043045887 0.752172183550
   11   17 0.188043045887 0.752172183550
   12   17 0.188043045887 0.752172183550
   13   17 0.188043045887 0.752172183550
   14   17 0.188043045887 0.752172183550
   15   17 0.188043045887 0.752172183550
   16   17 0.188043045887 0.752172183550
   17   17 0.188043045887 0.752172183550
   18   17 0.188043045887 0.752172183550
   19   17 0.188043045887 0.752172183550
   20   17 0.188043045887 0.752172183550
   21   17 0.188043045887 0.752172183550
   22   17 0.188043045887 0.752172183550
   23   17 0.188043045887 0.752172183550
   24   17 0.188043045887 0.752172183550
   25   17 0.188043045887 0.752172183550
   26   17 0.188043045887 0.752172183550
   27   17 0.188043045887 0.752172183550
   28   17 0.188043045887 0.752172183550
   29   17 0.188043045887 0.752172183550
   30   17 0.188043045887 0.752172183550
   31   17 0.188043045887 0.752172183550
   32   17 0.188043045887 0.752172183550
   33   17 0.188043045887 0.752172183550
   34   17 0.188043045887 0.752172183550
   35   17 0.188043045887 0.752172183550
   36   17 0.188043045887 0.752172183550
   37   17 0.188043045887 0.752172183550
   38   17 0.188043045887 0.752172183550
   39   17 0.188043045887 0.752172183550
   40   17 0.188043045887 0.752172183550
   41   17 0.188043045887 0.752172183550
   42   17 0.188043045887 0.752172183550
   43   17 0.188043045887 0.752172183550
   44   17 0.188043045887 0.752172183550
   45   17 0.188043045887 0.752172183550
   46   17 0.188043045887 0.752172183550
   47   17 0.188043045887 0.752172183550
   48   17 0.188043045887 0.752172183550
   49   17 0.188043045887 0.752172183550
   50   17 0.188043045887 0.752172183550
   51   17 0.188043045887 0.752172183550
   52   17 0.188043045887 0.752172183550
   53   17 0.188043045887 0.752172183550
   54   17 0.188043045887 0.752172183550

    1   18 0.188043045887 0.752172183550
    2   18 0.188043045887 0.752172183550
    3   18 0.188043045887 0.752172183550
    4   18 0.188043045887 0.752172183550
    5   18 0.188043045887 0.752172183550
    6   18 0.188043045887 0.752172183550
    7   18 0.188043045887 0.752172183550
    8   18 0.188043045887 0.752172183550
    9   18 0.188043045887 0.752172183550
   10   18 0.188043045887 0.752172183550
   11   18 0.188043045887 0.752172183550
   12   18 0.188043045887 0.752172183550
   13   18 0.188043045887 0.752172183550
   14   18 0.188043045887 0.752172183550
   15   18 0.188043045887 0.752172183550
   16   18 0.188043045887 0.752172183550
   17   18 0.188043045887 0.752172183550
   18   18 0.188043045887 0.752172183550
   19   18 0.188043045887 0.752172183550
   20   18 0.188043045887 0.752172183550
   21   18 0.188043045887 0.752172183550
   22   18 0.188043045887 0.752172183550
   23   18 0.188043045887 0.752172183550
   24   18 0.188043045887 0.752172183550
   25   18 0.188043045887 0.752172183550
   26   18 0.188043045887 0.752172183550
   27   18 0.188043045887 0.752172183550
   28   18 0.188043045887 0.752172183550
   29   18 0.188043045887 0.752172183550
   30   18 0.188043045887 0.752172183550
   31   18 0.188043045887 0.752172183550
   32   18 0.188043045887 0.752172183550
   33   18 0.188043045887 0.752172183550
   34   18 0.188043045887 0.752172183550
   35   18 0.188043045887 0.752172183550
   36   18 0.188043045887 0.752172183550
   37   18 0.188043045887 0.752172183550
   38   18 0.188043045887 0.752172183550
   39   18 0.188043045887 0.752172183550
   40   18 0.188043045887 0.752172183550
   41   18 0.188043045887 0.752172183550
   42   18 0.188043045887 0.752172183550
   43   18 0.188043045887 0.752172183550
   44   18 0.188043045887 0.752172183550
   45   18 0.188043045887 0.752172183550
   46   18 0.188043045887 0.752172183550
   47   18 0.188043045887 0.752172183550
   48   18 0.188043045887 0.752172183550
   49   18 0.188043045887 0.752172183550
   50   18 0.188043045887 0.752172183550
   51   18 0.188043045887 0.752172183550
   52   18 0.188043045887 0.752172183550
   53   18 0.188043045887 0.752172183550
   54   18 0.188043045887 0.752172183550

    1   19 0.188043045887 0.752172183550
    2   19 0.188043045887 0.752172183550
    3   19 0.188043045887 0.752172183550
    4   19 0.188043045887 0.752172183550
    5   19 0.188043045887 0.752172183550
    6   19 0.188043045887 0.752172183550
    7   19 0.188043045887 0.752172183550
    8   19 0.188043045887 0.752172183550
    9   19 0.188043045887 0.752172183550
   10   19 0.188043045887 0.752172183550
   11   19 0.188043045887 0.752172183550
   12   19 0.188043045887 0.752172183550
   13   19 0.188043045887 0.752172183550
   14   19 0.188043045887 0.752172183550
   15   19 0.188043045887 0.752172183550
   16   19 0.188043045887 0.752172183550
   17   19 0.188043045887 0.752172183550
   18   19 0.188043045887 0.752172183550
   19   19 0.188043045887 0.752172183550
   20   19 0.188043045887 0.752172183550
   21   19 0.188043045887 0.752172183550
   22   19 0.188043045887 0.752172183550
   23   19 0.188043045887 0.752172183550
   24   19 0.188043045887 0.752172183550
   25   19 0.188043045887 0.752172183550
   26   19 0.188043045887 0.752172183550
   27   19 0.188043045887 0.752172183550
   28   19 0.188043045887 0.752172183550
   29   19 0.188043045887 0.752172183550
   30   19 0.188043045887 0.752172183550
   31   19 0.188043045887 0.752172183550
   32   19 0.188043045887 0.752172183550
   33   19 0.188043045887 0.752172183550
   34   19 0.188043045887 0.752172183550
   35   19 0.188043045887 0.752172183550
   36   19 0.188043045887 0.752172183550
   37   19 0.188043045887 0.752172183550
   38   19 0.188043045887 0.752172183550
   39   19 0.188043045887 0.752172183550
   40   19 0.188043045887 0.752172183550
   41   19 0.188043045887 0.752172183550
   42   19 0.188043045887 0.752172183550
   43   19 0.188043045887 0.752172183550
   44   19 0.188043045887 0.752172183550
   45   19 0.188043045887 0.752172183550
   46   19 0.188043045887 0.752172183550
   47   19 0.188043045887 0.752172183550
   48   19 0.188043045887 0.752172183550
   49   19 0.188043045887 0.752172183550
   50   19 0.188043045887 0.752172183550
   51   19 0.188043045887 0.752172183550
   52   19 0.188043045887 0.752172183550
   53   19 0.188043045887 0.752172183550
   54   19 0.188043045887 0.752172183550

    1   20 0.188043045887 0.752172183550
    2   20 0.188043045887 0.752172183550
    3   20 0.188043045887 0.752172183550
    4   20 0.188043045887 0.752172183550
    5   20 0.188043045887 0.752172183550
    6   20 0.188043045887 0.752172183550
    7   20 0.188043045887 0.752172183550
    8   20 0.188043045887 0.752172183550
    9   20 0.188043045887 0.752172183550
   10   20 0.188043045887 0.752172183550
   11   20 0.188043045887 0.752172183550
   12   20 0.188043045887 0.752172183550
   13   20 0.188043045887 0.752172183550
   14   20 0.188043045887 0.752172183550
   15   20 0.188043045887 0.752172183550
   16   20 0.188043045887 0.752172183550
   17   20 0.188043045887 0.752172183550
   18   20 0.188043045887 0.752172183550
   19   20 0.188043045887 0.752172183550
   20   20 0.188043045887 0.752172183550
   21   20 0.188043045887 0.752172183550
   22   20 0.188043045887 0.752172183550
   23   20 0.188043045887 0.752172183550
   24   20 0.188043045887 0.752172183550
   25   20 0.188043045887 0.752172183550
   26   20 0.188043045887 0.752172183550
   27   20 0.188043045887 0.752172183550
   28   20 0.188043045887 0.752172183550
   29   20 0.188043045887 0.752172183550
   30   20 0.188043045887 0.752172183550
   31   20 0.188043045887 0.752172183550
   32   20 0.188043045887 0.752172183550
   33   20 0.188043045887 0.752172183550
   34   20 0.188043045887 0.752172183550
   35   20 0.188043045887 0.752172183550
   36   20 0.188043045887 0.752172183550
   37   20 0.188043045887 0.752172183550
   38   20 0.188043045887 0.752172183550
   39   20 0.188043045887 0.752172183550
   40   20 0.188043045887 0.752172183550
   41   20 0.188043045887 0.752172183550
   42   20 0.188043045887 0.752172183550
   43   20 0.188043045887 0.752172183550
   44   20 0.188043045887 0.752172183550
   45   20 0.188043045887 0.752172183550
   46   20 0.188043045887 0.752172183550
   47   20 0.188043045887 0.752172183550
   48   20 0.188043045887 0.752172183550
   49   20 0.188043045887 0.752172183550
   50   20 0.188043045887 0.752172183550
   51   20 0.188043045887 0.752172183550
   52   20 0.188043045887 0.752172183550
   53   20 0.188043045887 0.752172183550
   54   20 0.188043045887 0.752172183550

    1   21 0.188043045887 0.752172183550
    2   21 0.188043045887 0.752172183550
    3   21 0.188043045887 0.752172183550
    4   21 0.188043045887 0.752172183550
    5   21 0.188043045887 0.752172183550
    6   21 0.188043045887 0.752172183550
    7   21 0.188043045887 0.752172183550
    8   21 0.188043045887 0.752172183550
    9   21 0.188043045887 0.752172183550
   10   21 0.188043045887 0.752172183550
   11   21 0.188043045887 0.752172183550
   12   21 0.188043045887 0.752172183550
   13   21 0.188043045887 0.752172183550
   14   21 0.188043045887 0.752172183550
   15   21 0.188043045887 0.752172183550
   16   21 0.188043045887 0.752172183550
   17   21 0.188043045887 0.752172183550
   18   21 0.188043045887 0.752172183550
   19   21 0.188043045887 0.752172183550
   20   21 0.188043045887 0.752172183550
   21   21 0.188043045887 0.752172183550
   22   21 0.188043045887 0.752172183550
   23   21 0.188043045887 0.752172183550
   24   21 0.188043045887 0.752172183550
   25   21 0.188043045887 0.752172183550
   26   21 0.188043045887 0.752172183550
   27   21 0.188043045887 0.752172183550
   28   21 0.188043045887 0.752172183550
   29   21 0.188043045887 0.752172183550
   30   21 0.188043045887 0.752172183550
   31   21 0.188043045887 0.752172183550
   32   21 0.188043045887 0.752172183550
   33   21 0.188043045887 0.752172183550
   34   21 0.188043045887 0.752172183550
   35   21 0.188043045887 0.752172183550
   36   21 0.188043045887 0.752172183550
   37   21 0.188043045887 0.752172183550
   38   21 0.188043045887 0.752172183550
   39   21 0.188043045887 0.752172183550
   40   21 0.188043045887 0.752172183550
   41   21 0.188043045887 0.752172183550
   42   21 0.188043045887 0.752172183550
   43   21 0.188043045887 0.752172183550
   44   21 0.188043045887 0.752172183550
   45   21 0.188043045887 0.752172183550
   46   21 0.188043045887 0.752172183550
   47   21 0.188043045887 0.752172183550
   48   21 0.188043045887 0.752172183550
   49   21 0.188043045887 0.752172183550
   50   21 0.188043045887 0.752172183550
   51   21 0.188043045887 0.752172183550
   52   21 0.188043045887 0.752172183550
   53   21 0.188043045887 0.752172183550
   54   21 0.188043045887 0.752172183550

    1   22 0.188043045887 0.752172183550
    2   22 0.188043045887 0.752172183550
    3   22 0.188043045887 0.752172183550
    4   22 0.188043045887 0.752172183550
    5   22 0.188043045887 0.752172183550
    6   22 0.188043045887 0.752172183550
    7   22 0.188043045887 0.752172183550
    8   22 0.188043045887 0.752172183550
    9   22 0.188043045887 0.752172183550
   10   22 0.188043045887 0.752172183550
   11   22 0.188043045887 0.752172183550
   12   22 0.188043045887 0.752172183550
   13   22 0.188043045887 0.752172183550
   14   22 0.188043045887 0.752172183550
   15   22 0.188043045887 0.752172183550
   16   22 0.188043045887 0.752172183550
   17   22 0.188043045887 0.752172183550
   18   22 0.188043045887 0.752172183550
   19   22 0.188043045887 0.752172183550
   20   22 0.188043045887 0.752172183550
   21   22 0.188043045887 0.752172183550
   22   22 0.188043045887 0.752172183550
   23   22 0.188043045887 0.752172183550
   24   22 0.188043045887 0.752172183550
   25   22 0.188043045887 0.752172183550
   26   22 0.188043045887 0.752172183550
   27   22 0.188043045887 0.752172183550
   28   22 0.188043045887 0.752172183550
   29   22 0.188043045887 0.752172183550
   30   22 0.188043045887 0.752172183550
   31   22 0.188043045887 0.752172183550
   32   22 0.188043045887 0.752172183550
   33   22 0.188043045887 0.752172183550
   34   22 0.188043045887 0.752172183550
   35   22 0.188043045887 0.752172183550
   36   22 0.188043045887 0.752172183550
   37   22 0.188043045887 0.752172183550
   38   22 0.188043045887 0.752172183550
   39   22 0.188043045887 0.752172183550
   40   22 0.188043045887 0.752172183550
   41   22 0.188043045887 0.752172183550
   42   22 0.188043045887 0.752172183550
   43   22 0.188043045887 0.752172183550
   44   22 0.188043045887 0.752172183550
   45   22 0.188043045887 0.752172183550
   46   22 0.188043045887 0.752172183550
   47   22 0.188043045887 0.752172183550
   48   22 0.188043045887 0.752172183550
   49   22 0.188043045887 0.752172183550
   50   22 0.188043045887 0.752172183550
   51   22 0.188043045887 0.752172183550
   52   22 0.188043045887 0.752172183550
   53   22 0.188043045887 0.752172183550
   54   22 0.188043045887 0.752172183550

    1   23 0.188043045887 0.752172183550
    2   23 0.188043045887 0.752172183550
    3   23 0.188043045887 0.752172183550
    4   23 0.188043045887 0.752172183550
    5   23 0.188043045887 0.752172183550
    6   23 0.188043045887 0.752172183550
    7   23 0.188043045887 0.752172183550
    8   23 0.188043045887 0.752172183550
    9   23 0.188043045887 0.752172183550
   10   23 0.188043045887 0.752172183550
   11   23 0.188043045887 0.752172183550
   12   23 0.188043045887 0.752172183550
   13   23 0.188043045887 0.752172183550
   14   23 0.188043045887 0.752172183550
   15   23 0.188043045887 0.752172183550
   16   23 0.188043045887 0.752172183550
   17   23 0.188043045887 0.752172183550
   18   23 0.188043045887 0.752172183550
   19   23 0.188043045887 0.752172183550
   20   23 0.188043045887 0.752172183550
   21   23 0.188043045887 0.752172183550
   22   23 0.188043045887 0.752172183550
   23   23 0.188043045887 0.752172183550
   24   23 0.188043045887 0.752172183550
   25   23 0.188043045887 0.752172183550
   26   23 0.188043045887 0.752172183550
   27   23 0.188043045887 0.752172183550
   28   23 0.188043045887 0.752172183550
   29   23 0.188043045887 0.752172183550
   30   23 0.188043045887 0.752172183550
   31   23 0.188043045887 0.752172183550
   32   23 0.188043045887 0.752172183550
   33   23 0.188043045887 0.752172183550
   34   23 0.188043045887 0.752172183550
   35   23 0.188043045887 0.752172183550
   36   23 0.188043045887 0.752172183550
   37   23 0.188043045887 0.752172183550
   38   23 0.188043045887 0.752172183550
   39   23 0.188043045887 0.752172183550
   40   23 0.188043045887 0.752172183550
   41   23 0.188043045887 0.752172183550
   42   23 0.188043045887 0.752172183550
   43   23 0.188043045887 0.752172183550
   44   23 0.188043045887 0.752172183550
   45   23 0.188043045887 0.752172183550
   46   23 0.188043045887 0.752172183550
   47   23 0.188043045887 0.752172183550
   48   23 0.188043045887 0.752172183550
   49   23 0.188043045887 0.752172183550
   50   23 0.188043045887 0.752172183550
   51   23 0.188043045887 0.752172183550
   52   23 0.188043045887 0.752172183550
   53   23 0.188043045887 0.752172183550
   54   23 0.188043045887 0.752172183550

    1   24 0.188043045887 0.752172183550
    2   24 0.188043045887 0.752172183550
    3   24 0.188043045887 0.752172183550
    4   24 0.188043045887 0.752172183550
    5   24 0.188043045887 0.752172183550
    6   24 0.188043045887 0.752172183550
    7   24 0.188043045887 0.752172183550
    8   24 0.188043045887 0.752172183550
    9   24 0.188043045887 0.752172183550
   10   24 0.188043045887 0.752172183550
   11   24 0.188043045887 0.752172183550
   12   24 0.188043045887 0.752172183550
   13   24 0.188043045887 0.752172183550
   14   24 0.188043045887 0.752172183550
   15   24 0.188043045887 0.752172183550
   16   24 0.188043045887 0.752172183550
   17   24 0.188043045887 0.752172183550
   18   24 0.188043045887 0.752172183550
   19   24 0.188043045887 0.752172183550
   20   24 0.188043045887 0.752172183550
   21   24 0.188043045887 0.752172183550
   22   24 0.188043045887 0.752172183550
   23   24 0.188043045887 0.752172183550
   24   24 0.188043045887 0.752172183550
   25   24 0.188043045887 0.752172183550
   26   24 0.188043045887 0.752172183550
   27   24 0.188043045887 0.752172183550
   28   24 0.188043045887 0.752172183550
   29   24 0.188043045887 0.752172183550
   30   24 0.188043045887 0.752172183550
   31   24 0.188043045887 0.752172183550
   32   24 0.188043045887 0.752172183550
   33   24 0.188043045887 0.752172183550
   34   24 0.188043045887 0.752172183550
   35   24 0.188043045887 0.752172183550
   36   24 0.188043045887 0.752172183550
   37   24 0.188043045887 0.752172183550
   38   24 0.188043045887 0.752172183550
   39   24 0.188043045887 0.752172183550
   40   24 0.188043045887 0.752172183550
   41   24 0.188043045887 0.752172183550
   42   24 0.188043045887 0.752172183550
   43   24 0.188043045887 0.752172183550
   44   24 0.188043045887 0.752172183550
   45   24 0.188043045887 0.752172183550
   46   24 0.188043045887 0.752172183550
   47   24 0.188043045887 0.752172183550
   48   24 0.188043045887 0.752172183550
   49   24 0.188043045887 0.752172183550
   50   24 0.188043045887 0.752172183550
   51   24 0.188043045887 0.752172183550
   52   24 0.188043045887 0.752172183550
   53   24 0.188043045887 0.752172183550
   54   24 0.188043045887 0.752172183550

    1   25 0.188043045887 0.752172183550
    2   25 0.188043045887 0.752172183550
    3   25 0.188043045887 0.752172183550
    4   25 0.188043045887 0.752172183550
    5   25 0.188043045887 0.752172183550
    6   25 0.188043045887 0.752172183550
    7   25 0.188043045887 0.752172183550
    8   25 0.188043045887 0.752172183550
    9   25 0.188043045887 0.752172183550
   10   25 0.188043045887 0.752172183550
   11   25 0.188043045887 0.752172183550
   12   25 0.188043045887 0.752172183550
   13   25 0.188043045887 0.752172183550
   14   25 0.188043045887 0.752172183550
   15   25 0.188043045887 0.752172183550
   16   25 0.188043045887 0.752172183550
   17   25 0.188043045887 0.752172183550
   18   25 0.188043045887 0.752172183550
   19   25 0.188043045887 0.752172183550
   20   25 0.188043045887 0.752172183550
   21   25 0.188043045887 0.752172183550
   22   25 0.188043045887 0.752172183550
   23   25 0.188043045887 0.752172183550
   24   25 0.188043045887 0.752172183550
   25   25 0.188043045887 0.752172183550
   26   25 0.188043045887 0.752172183550
   27   25 0.188043045887 0.752172183550
   28   25 0.188043045887 0.752172183550
   29   25 0.188043045887 0.752172183550
   30   25 0.188043045887 0.752172183550
   31   25 0.188043045887 0.752172183550
   32   25 0.188043045887 0.752172183550
   33   25 0.188043045887 0.752172183550
   34   25 0.188043045887 0.752172183550
   35   25 0.188043045887 0.752172183550
   36   25 0.188043045887 0.752172183550
   37   25 0.188043045887 0.752172183550
   38   25 0.188043045887 0.752172183550
   39   25 0.188043045887 0.752172183550
   40   25 0.188043045887 0.752172183550
   41   25 0.188043045887 0.752172183550
   42   25 0.188043045887 0.752172183550
   43   25 0.188043045887 0.752172183550
   44   25 0.188043045887 0.752172183550
   45   25 0.188043045887 0.752172183550
   46   25 0.188043045887 0.752172183550
   47   25 0.188043045887 0.752172183550
   48   25 0.188043045887 0.752172183550
   49   25 0.188043045887 0.752172183550
   50   25 0.188043045887 0.752172183550
   51   25 0.188043045887 0.752172183550
   52   25 0.188043045887 0.752172183550
   53   25 0.188043045887 0.752172183550
   54   25 0.188043045887 0.752172183550

    1   26 0.188043045887 0.752172183550
    2   26 0.188043045887 0.752172183550
    3   26 0.188043045887 0.752172183550
    4   26 0.188043045887 0.752172183550
    5   26 0.188043045887 0.752172183550
    6   26 0.188043045887 0.752172183550
    7   26 0.188043045887 0.752172183550
    8   26 0.188043045887 0.752172183550
    9   26 0.188043045887 0.752172183550
   10   26 0.188043045887 0.752172183550
   11   26 0.188043045887 0.752172183550
   12   26 0.188043045887 0.752172183550
   13   26 0.188043045887 0.752172183550
   14   26 0.188043045887 0.752172183550
   15   26 0.188043045887 0.752172183550
   16   26 0.188043045887 0.752172183550
   17   26 0.188043045887 0.752172183550
   18   26 0.188043045887 0.752172183550
   19   26 0.188043045887 0.752172183550
   20   26 0.188043045887 0.752172183550
   21   26 0.188043045887 0.752172183550
   22   26 0.188043045887 0.752172183550
   23   26 0.188043045887 0.752172183550
   24   26 0.188043045887 0.752172183550
   25   26 0.188043045887 0.752172183550
   26   26 0.188043045887 0.752172183550
   27   26 0.188043045887 0.752172183550
   28   26 0.188043045887 0.752172183550
   29   26 0.188043045887 0.752172183550
   30   26 0.188043045887 0.752172183550
   31   26 0.188043045887 0.752172183550
   32   26 0.188043045887 0.752172183550
   33   26 0.188043045887 0.752172183550
   34   26 0.188043045887 0.752172183550
   35   26 0.188043045887 0.752172183550
   36   26 0.188043045887 0.752172183550
   37   26 0.188043045887 0.752172183550
   38   26 0.188043045887 0.752172183550
   39   26 0.188043045887 0.752172183550
   40   26 0.188043045887 0.752172183550
   41   26 0.188043045887 0.752172183550
   42   26 0.188043045887 0.752172183550
   43   26 0.188043045887 0.752172183550
   44   26 0.188043045887 0.752172183550
   45   26 0.188043045887 0.752172183550
   46   26 0.188043045887 0.752172183550
   47   26 0.188043045887 0.752172183550
   48   26 0.188043045887 0.752172183550
   49   26 0.188043045887 0.752172183550
   50   26 0.188043045887 0.752172183550
   51   26 0.188043045887 0.752172183550
   52   26 0.188043045887 0.752172183550
   53   26 0.188043045887 0.752172183550
   54   26 0.188043045887 0.752172183550

    1   27 0.188043045887 0.752172183550
    2   27 0.188043045887 0.752172183550
    3   27 0.188043045887 0.752172183550
    4   27 0.188043045887 0.752172183550
    5   27 0.188043045887 0.752172183550
    6   27 0.188043045887 0.752172183550
    7   27 0.188043045887 0.752172183550
    8   27 0.188043045887 0.752172183550
    9   27 0.188043045887 0.752172183550
   10   27 0.188043045887 0.752172183550
   11   27 0.188043045887 0.752172183550
   12   27 0.188043045887 0.752172183550
   13   27 0.188043045887 0.752172183550
   14   27 0.188043045887 0.752172183550
   15   27 0.188043045887 0.752172183550
   16   27 0.188043045887 0.752172183550
   17   27 0.188043045887 0.752172183550
   18   27 0.188043045887 0.752172183550
   19   27 0.188043045887 0.752172183550
   20   27 0.188043045887 0.752172183550
   21   27 0.188043045887 0.752172183550
   22   27 0.188043045887 0.752172183550
   23   27 0.188043045887 0.752172183550
   24   27 0.188043045887 0.752172183550
   25   27 0.188043045887 0.752172183550
   26   27 0.188043045887 0.752172183550
   27   27 0.188043045887 0.752172183550
   28   27 0.188043045887 0.752172183550
   29   27 0.188043045887 0.752172183550
   30   27 0.188043045887 0.752172183550
   31   27 0.188043045887 0.752172183550
   32   27 0.188043045887 0.752172183550
   33   27 0.188043045887 0.752172183550
   34   27 0.188043045887 0.752172183550
   35   27 0.188043045887 0.752172183550
   36   27 0.188043045887 0.752172183550
   37   27 0.188043045887 0.752172183550
   38   27 0.188043045887 0.752172183550
   39   27 0.188043045887 0.752172183550
   40   27 0.188043045887 0.752172183550
   41   27 0.188043045887 0.752172183550
   42   27 0.188043045887 0.752172183550
   43   27 0.188043045887 0.752172183550
   44   27 0.188043045887 0.752172183550
   45   27 0.188043045887 0.752172183550
   46   27 0.188043045887 0.752172183550
   47   27 0.188043045887 0.752172183550
   48   27 0.188043045887 0.752172183550
   49   27 0.188043045887 0.752172183550
   50   27 0.188043045887 0.752172183550
   51   27 0.188043045887 0.752172183550
   52   27 0.188043045887 0.752172183550
   53   27 0.188043045887 0.752172183550
   54   27 0.188043045887 0.752172183550

