# 2D BCS superconductor
# Lx=54, Ly=27, t=2, V/t=2, 
# Spatial profile of BCS pairing field initialized without DeltaBCS - 2nd iteration
# x, y, BCS pairing field, V*BCS pairing field
    1    1 0.188052057152 0.752208228608
    2    1 0.188051802305 0.752207209219
    3    1 0.188051890633 0.752207562530
    4    1 0.188050505049 0.752202020196
    5    1 0.188050288793 0.752201155174
    6    1 0.188049933086 0.752199732344
    7    1 0.188049551441 0.752198205762
    8    1 0.188049653678 0.752198614710
    9    1 0.188049783763 0.752199135054
   10    1 0.188049911999 0.752199647996
   11    1 0.188050122538 0.752200490154
   12    1 0.188050284107 0.752201136428
   13    1 0.188050520366 0.752202081463
   14    1 0.188050703398 0.752202813591
   15    1 0.188050971763 0.752203887053
   16    1 0.188051183355 0.752204733422
   17    1 0.188051511468 0.752206045873
   18    1 0.188051791762 0.752207167050
   19    1 0.188052255700 0.752209022798
   20    1 0.188052692698 0.752210770791
   21    1 0.188053116364 0.752212465457
   22    1 0.188054632627 0.752218530510
   23    1 0.188054987993 0.752219951970
   24    1 0.188055719334 0.752222877336
   25    1 0.188056207484 0.752224829935
   26    1 0.188056306047 0.752225224189
   27    1 0.188056400275 0.752225601102
   28    1 0.188056400270 0.752225601079
   29    1 0.188056306047 0.752225224189
   30    1 0.188056207481 0.752224829922
   31    1 0.188055719321 0.752222877286
   32    1 0.188054987978 0.752219951912
   33    1 0.188054632625 0.752218530500
   34    1 0.188053116361 0.752212465444
   35    1 0.188052692690 0.752210770758
   36    1 0.188052255688 0.752209022753
   37    1 0.188051791755 0.752207167020
   38    1 0.188051511468 0.752206045871
   39    1 0.188051183360 0.752204733439
   40    1 0.188050971764 0.752203887054
   41    1 0.188050703400 0.752202813599
   42    1 0.188050520373 0.752202081491
   43    1 0.188050284120 0.752201136479
   44    1 0.188050122552 0.752200490209
   45    1 0.188049912008 0.752199648033
   46    1 0.188049783767 0.752199135068
   47    1 0.188049653681 0.752198614724
   48    1 0.188049551448 0.752198205792
   49    1 0.188049933099 0.752199732397
   50    1 0.188050288805 0.752201155220
   51    1 0.188050505055 0.752202020218
   52    1 0.188051890625 0.752207562500
   53    1 0.188051802309 0.752207209235
   54    1 0.188052057157 0.752208228629

    1    2 0.188053450415 0.752213801660
    2    2 0.188053885497 0.752215541987
    3    2 0.188051383335 0.752205533338
    4    2 0.188052529193 0.752210116773
    5    2 0.188051380289 0.752205521156
    6    2 0.188051001847 0.752204007390
    7    2 0.188051367272 0.752205469088
    8    2 0.188051291332 0.752205165329
    9    2 0.188051468907 0.752205875626
   10    2 0.188051788447 0.752207153790
   11    2 0.188051944057 0.752207776230
   12    2 0.188052318510 0.752209274042
   13    2 0.188052497865 0.752209991461
   14    2 0.188052919440 0.752211677759
   15    2 0.188053131767 0.752212527070
   16    2 0.188053643561 0.752214574242
   17    2 0.188053922473 0.752215689892
   18    2 0.188054599552 0.752218398209
   19    2 0.188054991148 0.752219964592
   20    2 0.188055604980 0.752222419920
   21    2 0.188058013519 0.752232054076
   22    2 0.188057355779 0.752229423115
   23    2 0.188059140172 0.752236560687
   24    2 0.188059440641 0.752237762563
   25    2 0.188059572249 0.752238288996
   26    2 0.188059923071 0.752239692285
   27    2 0.188059927715 0.752239710859
   28    2 0.188059927719 0.752239710877
   29    2 0.188059923046 0.752239692184
   30    2 0.188059572235 0.752238288938
   31    2 0.188059440644 0.752237762577
   32    2 0.188059140176 0.752236560704
   33    2 0.188057355760 0.752229423040
   34    2 0.188058013506 0.752232054025
   35    2 0.188055604967 0.752222419867
   36    2 0.188054991141 0.752219964566
   37    2 0.188054599553 0.752218398212
   38    2 0.188053922476 0.752215689904
   39    2 0.188053643556 0.752214574222
   40    2 0.188053131772 0.752212527090
   41    2 0.188052919450 0.752211677800
   42    2 0.188052497882 0.752209991528
   43    2 0.188052318525 0.752209274102
   44    2 0.188051944067 0.752207776266
   45    2 0.188051788451 0.752207153804
   46    2 0.188051468914 0.752205875654
   47    2 0.188051291344 0.752205165375
   48    2 0.188051367289 0.752205469155
   49    2 0.188051001855 0.752204007421
   50    2 0.188051380291 0.752205521163
   51    2 0.188052529185 0.752210116740
   52    2 0.188051383351 0.752205533403
   53    2 0.188053885496 0.752215541984
   54    2 0.188053450412 0.752213801649

    1    3 0.188057286970 0.752229147881
    2    3 0.188053620140 0.752214480561
    3    3 0.188055795856 0.752223183423
    4    3 0.188053874975 0.752215499900
    5    3 0.188054209933 0.752216839733
    6    3 0.188054570540 0.752218282160
    7    3 0.188054672772 0.752218691089
    8    3 0.188055129809 0.752220519238
    9    3 0.188055518443 0.752222073773
   10    3 0.188055806623 0.752223226490
   11    3 0.188056443734 0.752225774937
   12    3 0.188056707381 0.752226829523
   13    3 0.188057425612 0.752229702447
   14    3 0.188057728180 0.752230912720
   15    3 0.188058582200 0.752234328799
   16    3 0.188058981144 0.752235924576
   17    3 0.188060072790 0.752240291161
   18    3 0.188060581140 0.752242324559
   19    3 0.188061701186 0.752246804744
   20    3 0.188065515083 0.752262060332
   21    3 0.188064377007 0.752257508027
   22    3 0.188067305520 0.752269222081
   23    3 0.188067069978 0.752268279913
   24    3 0.188067649349 0.752270597397
   25    3 0.188067899726 0.752271598902
   26    3 0.188067934988 0.752271739953
   27    3 0.188068087886 0.752272351546
   28    3 0.188068087860 0.752272351439
   29    3 0.188067934977 0.752271739910
   30    3 0.188067899699 0.752271598794
   31    3 0.188067649350 0.752270597398
   32    3 0.188067069989 0.752268279957
   33    3 0.188067305513 0.752269222051
   34    3 0.188064376962 0.752257507847
   35    3 0.188065515073 0.752262060290
   36    3 0.188061701192 0.752246804769
   37    3 0.188060581147 0.752242324589
   38    3 0.188060072781 0.752240291126
   39    3 0.188058981149 0.752235924597
   40    3 0.188058582215 0.752234328861
   41    3 0.188057728211 0.752230912842
   42    3 0.188057425636 0.752229702545
   43    3 0.188056707392 0.752226829567
   44    3 0.188056443734 0.752225774938
   45    3 0.188055806630 0.752223226521
   46    3 0.188055518463 0.752222073851
   47    3 0.188055129839 0.752220519356
   48    3 0.188054672782 0.752218691128
   49    3 0.188054570539 0.752218282154
   50    3 0.188054209911 0.752216839645
   51    3 0.188053874990 0.752215499959
   52    3 0.188055795866 0.752223183462
   53    3 0.188053620144 0.752214480577
   54    3 0.188057286956 0.752229147822

    1    4 0.188057612408 0.752230449632
    2    4 0.188060481690 0.752241926762
    3    4 0.188057989557 0.752231958228
    4    4 0.188058754029 0.752235016115
    5    4 0.188059538442 0.752238153769
    6    4 0.188060441202 0.752241764806
    7    4 0.188061197944 0.752244791775
    8    4 0.188062055870 0.752248223480
    9    4 0.188062726675 0.752250906701
   10    4 0.188063759330 0.752255037320
   11    4 0.188064300479 0.752257201917
   12    4 0.188065562460 0.752262249839
   13    4 0.188066105872 0.752264423490
   14    4 0.188067569037 0.752270276148
   15    4 0.188068224686 0.752272898746
   16    4 0.188070021847 0.752280087389
   17    4 0.188070803981 0.752283215925
   18    4 0.188072937275 0.752291749098
   19    4 0.188079291208 0.752317164833
   20    4 0.188077476422 0.752309905687
   21    4 0.188082227234 0.752328908934
   22    4 0.188081844009 0.752327376037
   23    4 0.188082801093 0.752331204374
   24    4 0.188082741117 0.752330964467
   25    4 0.188083073309 0.752332293235
   26    4 0.188083128477 0.752332513910
   27    4 0.188083165374 0.752332661494
   28    4 0.188083165399 0.752332661595
   29    4 0.188083128473 0.752332513892
   30    4 0.188083073329 0.752332293316
   31    4 0.188082741071 0.752330964286
   32    4 0.188082801055 0.752331204220
   33    4 0.188081844002 0.752327376009
   34    4 0.188082227246 0.752328908986
   35    4 0.188077476398 0.752309905590
   36    4 0.188079291217 0.752317164869
   37    4 0.188072937261 0.752291749042
   38    4 0.188070803991 0.752283215962
   39    4 0.188070021876 0.752280087504
   40    4 0.188068224739 0.752272898955
   41    4 0.188067569077 0.752270276310
   42    4 0.188066105889 0.752264423558
   43    4 0.188065562457 0.752262249828
   44    4 0.188064300491 0.752257201962
   45    4 0.188063759363 0.752255037451
   46    4 0.188062726725 0.752250906900
   47    4 0.188062055884 0.752248223537
   48    4 0.188061197939 0.752244791755
   49    4 0.188060441161 0.752241764645
   50    4 0.188059538466 0.752238153862
   51    4 0.188058754040 0.752235016158
   52    4 0.188057989542 0.752231958168
   53    4 0.188060481680 0.752241926721
   54    4 0.188057612440 0.752230449762

    1    5 0.188057589587 0.752230358348
    2    5 0.188064128017 0.752256512068
    3    5 0.188064617904 0.752258471615
    4    5 0.188067022410 0.752268089641
    5    5 0.188068841511 0.752275366043
    6    5 0.188070486286 0.752281945145
    7    5 0.188072505457 0.752290021829
    8    5 0.188073886724 0.752295546895
    9    5 0.188075848104 0.752303392415
   10    5 0.188077021445 0.752308085779
   11    5 0.188079193607 0.752316774430
   12    5 0.188080293692 0.752321174767
   13    5 0.188082839672 0.752331358687
   14    5 0.188084020815 0.752336083260
   15    5 0.188087046005 0.752348184022
   16    5 0.188088350463 0.752353401852
   17    5 0.188092415080 0.752369660319
   18    5 0.188103238544 0.752412954176
   19    5 0.188100391305 0.752401565220
   20    5 0.188108351600 0.752433406401
   21    5 0.188107844289 0.752431377155
   22    5 0.188109313555 0.752437254218
   23    5 0.188109163232 0.752436652929
   24    5 0.188109784337 0.752439137347
   25    5 0.188109587443 0.752438349772
   26    5 0.188109852703 0.752439410811
   27    5 0.188109800776 0.752439203102
   28    5 0.188109800804 0.752439203216
   29    5 0.188109852818 0.752439411271
   30    5 0.188109587444 0.752438349775
   31    5 0.188109784298 0.752439137194
   32    5 0.188109163099 0.752436652397
   33    5 0.188109313527 0.752437254107
   34    5 0.188107844372 0.752431377489
   35    5 0.188108351671 0.752433406685
   36    5 0.188100391215 0.752401564859
   37    5 0.188103238549 0.752412954196
   38    5 0.188092415136 0.752369660544
   39    5 0.188088350557 0.752353402229
   40    5 0.188087046075 0.752348184301
   41    5 0.188084020839 0.752336083356
   42    5 0.188082839663 0.752331358653
   43    5 0.188080293712 0.752321174848
   44    5 0.188079193668 0.752316774674
   45    5 0.188077021532 0.752308086127
   46    5 0.188075848125 0.752303392500
   47    5 0.188073886708 0.752295546833
   48    5 0.188072505387 0.752290021548
   49    5 0.188070486329 0.752281945314
   50    5 0.188068841529 0.752275366114
   51    5 0.188067022379 0.752268089518
   52    5 0.188064617874 0.752258471498
   53    5 0.188064128037 0.752256512149
   54    5 0.188057589562 0.752230358247

    1    6 0.188062171903 0.752248687612
    2    6 0.188054091715 0.752216366862
    3    6 0.188077021529 0.752308086115
    4    6 0.188079973170 0.752319892678
    5    6 0.188084531939 0.752338127754
    6    6 0.188088314134 0.752353256538
    7    6 0.188091302093 0.752365208373
    8    6 0.188095147335 0.752380589339
    9    6 0.188097685977 0.752390743907
   10    6 0.188101615999 0.752406463995
   11    6 0.188103841024 0.752415364094
   12    6 0.188108235437 0.752432941747
   13    6 0.188110483878 0.752441935510
   14    6 0.188115739307 0.752462957228
   15    6 0.188118174200 0.752472696801
   16    6 0.188125987443 0.752503949773
   17    6 0.188144754140 0.752579016562
   18    6 0.188140232004 0.752560928015
   19    6 0.188153794595 0.752615178379
   20    6 0.188153247058 0.752612988231
   21    6 0.188155651795 0.752622607180
   22    6 0.188155398108 0.752621592431
   23    6 0.188156385866 0.752625543464
   24    6 0.188156003108 0.752624012432
   25    6 0.188156549335 0.752626197338
   26    6 0.188156332773 0.752625331091
   27    6 0.188156526660 0.752626106640
   28    6 0.188156526725 0.752626106898
   29    6 0.188156332814 0.752625331258
   30    6 0.188156549401 0.752626197604
   31    6 0.188156003032 0.752624012128
   32    6 0.188156385884 0.752625543537
   33    6 0.188155398037 0.752621592148
   34    6 0.188155651805 0.752622607222
   35    6 0.188153247110 0.752612988439
   36    6 0.188153794717 0.752615178868
   37    6 0.188140232003 0.752560928011
   38    6 0.188144754287 0.752579017148
   39    6 0.188125987565 0.752503950261
   40    6 0.188118174233 0.752472696934
   41    6 0.188115739287 0.752462957150
   42    6 0.188110483914 0.752441935658
   43    6 0.188108235552 0.752432942209
   44    6 0.188103841179 0.752415364716
   45    6 0.188101616031 0.752406464125
   46    6 0.188097685938 0.752390743753
   47    6 0.188095147212 0.752380588848
   48    6 0.188091302171 0.752365208684
   49    6 0.188088314167 0.752353256668
   50    6 0.188084531879 0.752338127515
   51    6 0.188079973113 0.752319892450
   52    6 0.188077021561 0.752308086244
   53    6 0.188054091654 0.752216366617
   54    6 0.188062171884 0.752248687537

    1    7 0.188052080998 0.752208323991
    2    7 0.188071848147 0.752287392587
    3    7 0.188060801649 0.752243206597
    4    7 0.188102017156 0.752408068624
    5    7 0.188109902148 0.752439608593
    6    7 0.188118469832 0.752473879329
    7    7 0.188125803955 0.752503215820
    8    7 0.188131252712 0.752525010847
    9    7 0.188138594140 0.752554376560
   10    7 0.188143362264 0.752573449058
   11    7 0.188151241317 0.752604965268
   12    7 0.188155610513 0.752622442051
   13    7 0.188164984793 0.752659939170
   14    7 0.188169998781 0.752679995123
   15    7 0.188185222471 0.752740889884
   16    7 0.188218648542 0.752874594167
   17    7 0.188211466377 0.752845865506
   18    7 0.188234913171 0.752939652684
   19    7 0.188234414992 0.752937659969
   20    7 0.188238442702 0.752953770806
   21    7 0.188238124820 0.752952499280
   22    7 0.188239839202 0.752959356808
   23    7 0.188239163332 0.752956653328
   24    7 0.188240035223 0.752960140893
   25    7 0.188239629413 0.752958517650
   26    7 0.188240129911 0.752960519644
   27    7 0.188240025315 0.752960101260
   28    7 0.188240025161 0.752960100643
   29    7 0.188240129741 0.752960518962
   30    7 0.188239629329 0.752958517314
   31    7 0.188240035525 0.752960142099
   32    7 0.188239163531 0.752956654123
   33    7 0.188239839341 0.752959357363
   34    7 0.188238124492 0.752952497968
   35    7 0.188238442698 0.752953770793
   36    7 0.188234415392 0.752937661567
   37    7 0.188234913667 0.752939654667
   38    7 0.188211466405 0.752845865621
   39    7 0.188218648532 0.752874594129
   40    7 0.188185222427 0.752740889706
   41    7 0.188169998852 0.752679995407
   42    7 0.188164985017 0.752659940067
   43    7 0.188155610793 0.752622443170
   44    7 0.188151241366 0.752604965463
   45    7 0.188143362177 0.752573448710
   46    7 0.188138593924 0.752554375697
   47    7 0.188131252857 0.752525011429
   48    7 0.188125804015 0.752503216062
   49    7 0.188118469715 0.752473878860
   50    7 0.188109902041 0.752439608163
   51    7 0.188102017211 0.752408068843
   52    7 0.188060801537 0.752243206148
   53    7 0.188071848106 0.752287392426
   54    7 0.188052080996 0.752208323986

    1    8 0.188050233539 0.752200934157
    2    8 0.188056184431 0.752224737726
    3    8 0.188092151020 0.752368604079
    4    8 0.188075165582 0.752300662326
    5    8 0.188150309891 0.752601239564
    6    8 0.188168369461 0.752673477844
    7    8 0.188185572515 0.752742290061
    8    8 0.188200581653 0.752802326612
    9    8 0.188211270295 0.752845081178
   10    8 0.188226416155 0.752905664620
   11    8 0.188236169216 0.752944676864
   12    8 0.188254067752 0.753016271007
   13    8 0.188265251608 0.753061006433
   14    8 0.188295066551 0.753180266204
   15    8 0.188356493637 0.753425974548
   16    8 0.188345166789 0.753380667154
   17    8 0.188386826410 0.753547305640
   18    8 0.188386751711 0.753547006845
   19    8 0.188393590080 0.753574360320
   20    8 0.188393015087 0.753572060348
   21    8 0.188396023062 0.753584092247
   22    8 0.188395013876 0.753580055506
   23    8 0.188396613257 0.753586453026
   24    8 0.188395888537 0.753583554148
   25    8 0.188396691803 0.753586767212
   26    8 0.188396393253 0.753585573011
   27    8 0.188396736957 0.753586947827
   28    8 0.188396736732 0.753586946927
   29    8 0.188396392705 0.753585570822
   30    8 0.188396691834 0.753586767337
   31    8 0.188395888969 0.753583555876
   32    8 0.188396613989 0.753586455956
   33    8 0.188395013918 0.753580055674
   34    8 0.188396023346 0.753584093384
   35    8 0.188393015082 0.753572060328
   36    8 0.188393590556 0.753574362224
   37    8 0.188386752450 0.753547009800
   38    8 0.188386826808 0.753547307230
   39    8 0.188345166385 0.753380665541
   40    8 0.188356493678 0.753425974713
   41    8 0.188295066974 0.753180267895
   42    8 0.188265252109 0.753061008438
   43    8 0.188254067818 0.753016271270
   44    8 0.188236169022 0.752944676086
   45    8 0.188226415767 0.752905663070
   46    8 0.188211270568 0.752845082272
   47    8 0.188200581765 0.752802327062
   48    8 0.188185572283 0.752742289132
   49    8 0.188168369253 0.752673477012
   50    8 0.188150309986 0.752601239943
   51    8 0.188075165378 0.752300661514
   52    8 0.188092150940 0.752368603759
   53    8 0.188056184421 0.752224737683
   54    8 0.188050233533 0.752200934133

    1    9 0.188050024052 0.752200096210
    2    9 0.188051875292 0.752207501166
    3    9 0.188066270630 0.752265082519
    4    9 0.188132135866 0.752528543463
    5    9 0.188104767923 0.752419071693
    6    9 0.188246003670 0.752984014680
    7    9 0.188286278753 0.753145115013
    8    9 0.188324591017 0.753298364067
    9    9 0.188358570776 0.753434283104
   10    9 0.188383645987 0.753534583948
   11    9 0.188421029203 0.753684116813
   12    9 0.188450070652 0.753800282606
   13    9 0.188509572119 0.754038288475
   14    9 0.188627061195 0.754508244779
   15    9 0.188608835977 0.754435343909
   16    9 0.188685171973 0.754740687892
   17    9 0.188686409964 0.754745639855
   18    9 0.188699043196 0.754796172786
   19    9 0.188697982088 0.754791928351
   20    9 0.188703255816 0.754813023264
   21    9 0.188701301764 0.754805207055
   22    9 0.188704218930 0.754816875718
   23    9 0.188703257303 0.754813029214
   24    9 0.188704907420 0.754819629679
   25    9 0.188704291482 0.754817165928
   26    9 0.188704817942 0.754819271770
   27    9 0.188704500040 0.754818000161
   28    9 0.188704500057 0.754818000228
   29    9 0.188704818353 0.754819273412
   30    9 0.188704291620 0.754817166480
   31    9 0.188704907741 0.754819630962
   32    9 0.188703257420 0.754813029682
   33    9 0.188704220446 0.754816881785
   34    9 0.188701303164 0.754805212656
   35    9 0.188703257368 0.754813029473
   36    9 0.188697982014 0.754791928054
   37    9 0.188699043021 0.754796172082
   38    9 0.188686410485 0.754745641941
   39    9 0.188685172962 0.754740691849
   40    9 0.188608836271 0.754435345084
   41    9 0.188627061922 0.754508247690
   42    9 0.188509572134 0.754038288538
   43    9 0.188450070198 0.753800280792
   44    9 0.188421028469 0.753684113877
   45    9 0.188383646491 0.753534585965
   46    9 0.188358570981 0.753434283924
   47    9 0.188324590550 0.753298362200
   48    9 0.188286278333 0.753145113331
   49    9 0.188246003832 0.752984015326
   50    9 0.188104767550 0.752419070200
   51    9 0.188132135709 0.752528542835
   52    9 0.188066270604 0.752265082417
   53    9 0.188051875277 0.752207501107
   54    9 0.188050024051 0.752200096204

    1   10 0.188048969736 0.752195878942
    2   10 0.188052617131 0.752210468523
    3   10 0.188057497720 0.752229990878
    4   10 0.188087676954 0.752350707815
    5   10 0.188211802972 0.752847211886
    6   10 0.188168299169 0.752673196676
    7   10 0.188446513677 0.753786054707
    8   10 0.188536410227 0.754145640906
    9   10 0.188634186501 0.754536746003
   10   10 0.188721256906 0.754885027623
   11   10 0.188805085307 0.755220341227
   12   10 0.188925483811 0.755701935245
   13   10 0.189166692429 0.756666769714
   14   10 0.189137925943 0.756551703771
   15   10 0.189283534640 0.757134138560
   16   10 0.189286390268 0.757145561074
   17   10 0.189311634557 0.757246538228
   18   10 0.189309311343 0.757237245372
   19   10 0.189320212499 0.757280849998
   20   10 0.189316330742 0.757265322970
   21   10 0.189321613796 0.757286455184
   22   10 0.189319511003 0.757278044011
   23   10 0.189322718425 0.757290873698
   24   10 0.189322155051 0.757288620205
   25   10 0.189323578520 0.757294314081
   26   10 0.189322767261 0.757291069043
   27   10 0.189322608088 0.757290432353
   28   10 0.189322609749 0.757290438995
   29   10 0.189322769674 0.757291078694
   30   10 0.189323579990 0.757294319959
   31   10 0.189322154051 0.757288616204
   32   10 0.189322719358 0.757290877430
   33   10 0.189319513761 0.757278055044
   34   10 0.189321618755 0.757286475019
   35   10 0.189316333377 0.757265333510
   36   10 0.189320213485 0.757280853942
   37   10 0.189309309570 0.757237238281
   38   10 0.189311634831 0.757246539325
   39   10 0.189286393298 0.757145573190
   40   10 0.189283537743 0.757134150972
   41   10 0.189137924888 0.756551699552
   42   10 0.189166691083 0.756666764331
   43   10 0.188925482203 0.755701928811
   44   10 0.188805086168 0.755220344672
   45   10 0.188721257251 0.754885029005
   46   10 0.188634185547 0.754536742186
   47   10 0.188536409318 0.754145637272
   48   10 0.188446513937 0.753786055750
   49   10 0.188168298460 0.752673193839
   50   10 0.188211802660 0.752847210638
   51   10 0.188087676897 0.752350707590
   52   10 0.188057497691 0.752229990764
   53   10 0.188052617122 0.752210468489
   54   10 0.188048969730 0.752195878921

    1   11 0.188048924182 0.752195696728
    2   11 0.188050577361 0.752202309445
    3   11 0.188059201224 0.752236804898
    4   11 0.188070662229 0.752282648916
    5   11 0.188132998292 0.752531993168
    6   11 0.188378625157 0.753514500627
    7   11 0.188317408926 0.753269635705
    8   11 0.188907243183 0.755628972732
    9   11 0.189108507482 0.756434029926
   10   11 0.189412199946 0.757648799784
   11   11 0.189655359587 0.758621438348
   12   11 0.190196296332 0.760785185327
   13   11 0.190154035248 0.760616140992
   14   11 0.190453805087 0.761815220350
   15   11 0.190456788260 0.761827153041
   16   11 0.190511956211 0.762047824845
   17   11 0.190502618768 0.762010475072
   18   11 0.190527701654 0.762110806616
   19   11 0.190518840714 0.762075362855
   20   11 0.190531563998 0.762126255991
   21   11 0.190526877232 0.762107508929
   22   11 0.190532960698 0.762131842794
   23   11 0.190531065840 0.762124263358
   24   11 0.190534041872 0.762136167486
   25   11 0.190533548135 0.762134192541
   26   11 0.190534172987 0.762136691949
   27   11 0.190533802940 0.762135211758
   28   11 0.190533804312 0.762135217246
   29   11 0.190534177777 0.762136711109
   30   11 0.190533550531 0.762134202123
   31   11 0.190534045581 0.762136182324
   32   11 0.190531068879 0.762124275515
   33   11 0.190532966492 0.762131865966
   34   11 0.190526882250 0.762107529000
   35   11 0.190531569806 0.762126279222
   36   11 0.190518842843 0.762075371373
   37   11 0.190527705018 0.762110820073
   38   11 0.190502619249 0.762010476995
   39   11 0.190511959279 0.762047837114
   40   11 0.190456790678 0.761827162710
   41   11 0.190453805549 0.761815222195
   42   11 0.190154029977 0.760616119907
   43   11 0.190196297269 0.760785189075
   44   11 0.189655359946 0.758621439786
   45   11 0.189412197978 0.757648791914
   46   11 0.189108505320 0.756434021280
   47   11 0.188907243509 0.755628974037
   48   11 0.188317407504 0.753269630014
   49   11 0.188378624521 0.753514498083
   50   11 0.188132998164 0.752531992657
   51   11 0.188070662172 0.752282648687
   52   11 0.188059201206 0.752236804825
   53   11 0.188050577349 0.752202309395
   54   11 0.188048924181 0.752195696723

    1   12 0.188048220879 0.752192883515
    2   12 0.188051389134 0.752205556537
    3   12 0.188055320032 0.752221280128
    4   12 0.188073507185 0.752294028740
    5   12 0.188102114058 0.752408456232
    6   12 0.188232725106 0.752930900423
    7   12 0.188758450544 0.755033802176
    8   12 0.188730543390 0.754922173560
    9   12 0.190160206502 0.760640826008
   10   12 0.190583271939 0.762333087754
   11   12 0.192014068836 0.768056275343
   12   12 0.191980880842 0.767923523368
   13   12 0.192645833968 0.770583335871
   14   12 0.192636302294 0.770545209177
   15   12 0.192778220457 0.771112881829
   16   12 0.192744349361 0.770977397445
   17   12 0.192806679278 0.771226717114
   18   12 0.192778061879 0.771112247516
   19   12 0.192811533135 0.771246132539
   20   12 0.192799229423 0.771196917691
   21   12 0.192816837873 0.771267351491
   22   12 0.192811693879 0.771246775517
   23   12 0.192817054926 0.771268219703
   24   12 0.192814197104 0.771256788415
   25   12 0.192815827106 0.771263308424
   26   12 0.192817437976 0.771269751902
   27   12 0.192819454839 0.771277819355
   28   12 0.192819455466 0.771277821865
   29   12 0.192817436038 0.771269744153
   30   12 0.192815838316 0.771263353265
   31   12 0.192814212130 0.771256848521
   32   12 0.192817070547 0.771268282188
   33   12 0.192811698550 0.771246794198
   34   12 0.192816840569 0.771267362276
   35   12 0.192799232731 0.771196930923
   36   12 0.192811548140 0.771246192560
   37   12 0.192778074705 0.771112298819
   38   12 0.192806690935 0.771226763741
   39   12 0.192744342502 0.770977370010
   40   12 0.192778215741 0.771112862963
   41   12 0.192636299987 0.770545199947
   42   12 0.192645840977 0.770583363907
   43   12 0.191980878640 0.767923514558
   44   12 0.192014064789 0.768056259157
   45   12 0.190583265868 0.762333063473
   46   12 0.190160206255 0.760640825020
   47   12 0.188730540250 0.754922161001
   48   12 0.188758449196 0.755033796782
   49   12 0.188232724801 0.752930899205
   50   12 0.188102113933 0.752408455733
   51   12 0.188073507148 0.752294028591
   52   12 0.188055320007 0.752221280030
   53   12 0.188051389127 0.752205556508
   54   12 0.188048220874 0.752192883497

    1   13 0.188048464119 0.752193856477
    2   13 0.188050013926 0.752200055704
    3   13 0.188057566410 0.752230265640
    4   13 0.188066166508 0.752264666030
    5   13 0.188106964500 0.752427857999
    6   13 0.188186560892 0.752746243569
    7   13 0.188464911022 0.753859644086
    8   13 0.189765400070 0.759061600279
    9   13 0.190394650755 0.761578603021
   10   13 0.195319143974 0.781276575897
   11   13 0.195734980447 0.782939921787
   12   13 0.197384684242 0.789538736967
   13   13 0.197353666494 0.789414665976
   14   13 0.197695906213 0.790783624853
   15   13 0.197614515606 0.790458062425
   16   13 0.197780213771 0.791120855083
   17   13 0.197705039230 0.790820156918
   18   13 0.197780514527 0.791122058107
   19   13 0.197741624656 0.790966498624
   20   13 0.197790702034 0.791162808135
   21   13 0.197782138436 0.791128553746
   22   13 0.197802100237 0.791208400948
   23   13 0.197792395637 0.791169582548
   24   13 0.197790218506 0.791160874024
   25   13 0.197789434704 0.791157738816
   26   13 0.197797312860 0.791189251439
   27   13 0.197805658459 0.791222633836
   28   13 0.197805639807 0.791222559227
   29   13 0.197797303446 0.791189213785
   30   13 0.197789454166 0.791157816665
   31   13 0.197790274604 0.791161098414
   32   13 0.197792436549 0.791169746197
   33   13 0.197802107570 0.791208430279
   34   13 0.197782117468 0.791128469871
   35   13 0.197790705654 0.791162822617
   36   13 0.197741660941 0.790966643763
   37   13 0.197780573944 0.791122295777
   38   13 0.197705056633 0.790820226530
   39   13 0.197780199276 0.791120797103
   40   13 0.197614471401 0.790457885604
   41   13 0.197695911146 0.790783644585
   42   13 0.197353694019 0.789414776076
   43   13 0.197384690089 0.789538760356
   44   13 0.195734954429 0.782939817716
   45   13 0.195319136139 0.781276544556
   46   13 0.190394642195 0.761578568781
   47   13 0.189765397006 0.759061588025
   48   13 0.188464910238 0.753859640951
   49   13 0.188186560585 0.752746242340
   50   13 0.188106964415 0.752427857661
   51   13 0.188066166460 0.752264665838
   52   13 0.188057566393 0.752230265574
   53   13 0.188050013914 0.752200055657
   54   13 0.188048464118 0.752193856472

    1   14 0.188047977635 0.752191910541
    2   14 0.188050997695 0.752203990781
    3   14 0.188054765808 0.752219063233
    4   14 0.188071116261 0.752284465046
    5   14 0.188093256589 0.752373026357
    6   14 0.188195566936 0.752782267743
    7   14 0.188458187388 0.753832749552
    8   14 0.189029826451 0.756119305805
    9   14 0.193720966462 0.774883865847
   10   14 0.222277669628 1.191497878511
   11   14 0.223589528399 1.160138513596
   12   14 0.226584100885 1.208495603539
   13   14 0.226078255205 1.191994220822
   14   14 0.227054627840 1.209049311361
   15   14 0.226702609120 1.200376836478
   16   14 0.227358550997 1.212076203988
   17   14 0.227025362127 1.205132648508
   18   14 0.227252858177 1.209657032709
   19   14 0.227100890182 1.206409160728
   20   14 0.227314174021 1.210114296086
   21   14 0.227315783543 1.209621534171
   22   14 0.227394031863 1.210986927451
   23   14 0.227336403487 1.209993613950
   24   14 0.227291423944 1.209386895776
   25   14 0.227283776567 1.209239106267
   26   14 0.227342611698 1.210082846792
   27   14 0.227409673288 1.211058693150
   28   14 0.227409505080 1.211056020321
   29   14 0.227342433352 1.210080133407
   30   14 0.227283872132 1.209240288529
   31   14 0.227291809554 1.209392438217
   32   14 0.227336686615 1.209997546460
   33   14 0.227394003374 1.210986413496
   34   14 0.227315537447 1.209617749788
   35   14 0.227314107258 1.210113229033
   36   14 0.227101139412 1.206412557650
   37   14 0.227253276932 1.209663107729
   38   14 0.227025493947 1.205134375790
   39   14 0.227358352499 1.212073409996
   40   14 0.226702254871 1.200371419486
   41   14 0.227054685518 1.209050342073
   42   14 0.226078540078 1.191998560312
   43   14 0.226584143450 1.208496173799
   44   14 0.223589319747 1.160135278989
   45   14 0.222277605519 1.191497222078
   46   14 0.193720957934 0.774883831737
   47   14 0.189029824196 0.756119296783
   48   14 0.188458186519 0.753832746076
   49   14 0.188195566707 0.752782266829
   50   14 0.188093256483 0.752373025931
   51   14 0.188071116227 0.752284464909
   52   14 0.188054765785 0.752219063140
   53   14 0.188050997688 0.752203990753
   54   14 0.188047977631 0.752191910523

    1   15 0.188048464119 0.752193856477
    2   15 0.188050013926 0.752200055704
    3   15 0.188057566410 0.752230265640
    4   15 0.188066166508 0.752264666030
    5   15 0.188106964500 0.752427857999
    6   15 0.188186560892 0.752746243569
    7   15 0.188464911022 0.753859644086
    8   15 0.189765400070 0.759061600279
    9   15 0.190394650755 0.761578603021
   10   15 0.195319143974 0.781276575897
   11   15 0.195734980447 0.782939921787
   12   15 0.197384684242 0.789538736967
   13   15 0.197353666494 0.789414665976
   14   15 0.197695906213 0.790783624853
   15   15 0.197614515606 0.790458062425
   16   15 0.197780213771 0.791120855083
   17   15 0.197705039230 0.790820156918
   18   15 0.197780514527 0.791122058107
   19   15 0.197741624656 0.790966498624
   20   15 0.197790702034 0.791162808135
   21   15 0.197782138436 0.791128553746
   22   15 0.197802100237 0.791208400948
   23   15 0.197792395637 0.791169582548
   24   15 0.197790218506 0.791160874024
   25   15 0.197789434704 0.791157738816
   26   15 0.197797312860 0.791189251439
   27   15 0.197805658459 0.791222633836
   28   15 0.197805639807 0.791222559227
   29   15 0.197797303446 0.791189213785
   30   15 0.197789454166 0.791157816665
   31   15 0.197790274604 0.791161098414
   32   15 0.197792436549 0.791169746197
   33   15 0.197802107570 0.791208430279
   34   15 0.197782117468 0.791128469871
   35   15 0.197790705654 0.791162822617
   36   15 0.197741660941 0.790966643763
   37   15 0.197780573944 0.791122295777
   38   15 0.197705056633 0.790820226530
   39   15 0.197780199276 0.791120797103
   40   15 0.197614471401 0.790457885604
   41   15 0.197695911146 0.790783644585
   42   15 0.197353694019 0.789414776076
   43   15 0.197384690089 0.789538760356
   44   15 0.195734954429 0.782939817716
   45   15 0.195319136139 0.781276544556
   46   15 0.190394642195 0.761578568781
   47   15 0.189765397006 0.759061588025
   48   15 0.188464910238 0.753859640951
   49   15 0.188186560585 0.752746242340
   50   15 0.188106964415 0.752427857661
   51   15 0.188066166460 0.752264665838
   52   15 0.188057566393 0.752230265574
   53   15 0.188050013914 0.752200055657
   54   15 0.188048464118 0.752193856472

    1   16 0.188048220879 0.752192883515
    2   16 0.188051389134 0.752205556537
    3   16 0.188055320032 0.752221280128
    4   16 0.188073507185 0.752294028740
    5   16 0.188102114058 0.752408456232
    6   16 0.188232725106 0.752930900423
    7   16 0.188758450544 0.755033802176
    8   16 0.188730543390 0.754922173560
    9   16 0.190160206502 0.760640826008
   10   16 0.190583271939 0.762333087754
   11   16 0.192014068836 0.768056275343
   12   16 0.191980880842 0.767923523368
   13   16 0.192645833968 0.770583335871
   14   16 0.192636302294 0.770545209177
   15   16 0.192778220457 0.771112881829
   16   16 0.192744349361 0.770977397445
   17   16 0.192806679278 0.771226717114
   18   16 0.192778061879 0.771112247516
   19   16 0.192811533135 0.771246132539
   20   16 0.192799229423 0.771196917691
   21   16 0.192816837873 0.771267351491
   22   16 0.192811693879 0.771246775517
   23   16 0.192817054926 0.771268219703
   24   16 0.192814197104 0.771256788415
   25   16 0.192815827106 0.771263308424
   26   16 0.192817437976 0.771269751902
   27   16 0.192819454839 0.771277819355
   28   16 0.192819455466 0.771277821865
   29   16 0.192817436038 0.771269744153
   30   16 0.192815838316 0.771263353265
   31   16 0.192814212130 0.771256848521
   32   16 0.192817070547 0.771268282188
   33   16 0.192811698550 0.771246794198
   34   16 0.192816840569 0.771267362276
   35   16 0.192799232731 0.771196930923
   36   16 0.192811548140 0.771246192560
   37   16 0.192778074705 0.771112298819
   38   16 0.192806690935 0.771226763741
   39   16 0.192744342502 0.770977370010
   40   16 0.192778215741 0.771112862963
   41   16 0.192636299987 0.770545199947
   42   16 0.192645840977 0.770583363907
   43   16 0.191980878640 0.767923514558
   44   16 0.192014064789 0.768056259157
   45   16 0.190583265868 0.762333063473
   46   16 0.190160206255 0.760640825020
   47   16 0.188730540250 0.754922161001
   48   16 0.188758449196 0.755033796782
   49   16 0.188232724801 0.752930899205
   50   16 0.188102113933 0.752408455733
   51   16 0.188073507148 0.752294028591
   52   16 0.188055320007 0.752221280030
   53   16 0.188051389127 0.752205556508
   54   16 0.188048220874 0.752192883497

    1   17 0.188048924182 0.752195696728
    2   17 0.188050577361 0.752202309445
    3   17 0.188059201224 0.752236804898
    4   17 0.188070662229 0.752282648916
    5   17 0.188132998292 0.752531993168
    6   17 0.188378625157 0.753514500627
    7   17 0.188317408926 0.753269635705
    8   17 0.188907243183 0.755628972732
    9   17 0.189108507482 0.756434029926
   10   17 0.189412199946 0.757648799784
   11   17 0.189655359587 0.758621438348
   12   17 0.190196296332 0.760785185327
   13   17 0.190154035248 0.760616140992
   14   17 0.190453805087 0.761815220350
   15   17 0.190456788260 0.761827153041
   16   17 0.190511956211 0.762047824845
   17   17 0.190502618768 0.762010475072
   18   17 0.190527701654 0.762110806616
   19   17 0.190518840714 0.762075362855
   20   17 0.190531563998 0.762126255991
   21   17 0.190526877232 0.762107508929
   22   17 0.190532960698 0.762131842794
   23   17 0.190531065840 0.762124263358
   24   17 0.190534041872 0.762136167486
   25   17 0.190533548135 0.762134192541
   26   17 0.190534172987 0.762136691949
   27   17 0.190533802940 0.762135211758
   28   17 0.190533804312 0.762135217246
   29   17 0.190534177777 0.762136711109
   30   17 0.190533550531 0.762134202123
   31   17 0.190534045581 0.762136182324
   32   17 0.190531068879 0.762124275515
   33   17 0.190532966492 0.762131865966
   34   17 0.190526882250 0.762107529000
   35   17 0.190531569806 0.762126279222
   36   17 0.190518842843 0.762075371373
   37   17 0.190527705018 0.762110820073
   38   17 0.190502619249 0.762010476995
   39   17 0.190511959279 0.762047837114
   40   17 0.190456790678 0.761827162710
   41   17 0.190453805549 0.761815222195
   42   17 0.190154029977 0.760616119907
   43   17 0.190196297269 0.760785189075
   44   17 0.189655359946 0.758621439786
   45   17 0.189412197978 0.757648791914
   46   17 0.189108505320 0.756434021280
   47   17 0.188907243509 0.755628974037
   48   17 0.188317407504 0.753269630014
   49   17 0.188378624521 0.753514498083
   50   17 0.188132998164 0.752531992658
   51   17 0.188070662172 0.752282648687
   52   17 0.188059201206 0.752236804825
   53   17 0.188050577349 0.752202309395
   54   17 0.188048924181 0.752195696723

    1   18 0.188048969736 0.752195878942
    2   18 0.188052617131 0.752210468523
    3   18 0.188057497720 0.752229990878
    4   18 0.188087676954 0.752350707815
    5   18 0.188211802972 0.752847211886
    6   18 0.188168299169 0.752673196676
    7   18 0.188446513677 0.753786054707
    8   18 0.188536410227 0.754145640906
    9   18 0.188634186501 0.754536746003
   10   18 0.188721256906 0.754885027623
   11   18 0.188805085307 0.755220341227
   12   18 0.188925483811 0.755701935245
   13   18 0.189166692429 0.756666769714
   14   18 0.189137925943 0.756551703771
   15   18 0.189283534640 0.757134138560
   16   18 0.189286390268 0.757145561074
   17   18 0.189311634557 0.757246538228
   18   18 0.189309311343 0.757237245372
   19   18 0.189320212499 0.757280849998
   20   18 0.189316330742 0.757265322970
   21   18 0.189321613796 0.757286455184
   22   18 0.189319511003 0.757278044011
   23   18 0.189322718425 0.757290873698
   24   18 0.189322155051 0.757288620205
   25   18 0.189323578520 0.757294314081
   26   18 0.189322767261 0.757291069043
   27   18 0.189322608088 0.757290432353
   28   18 0.189322609749 0.757290438995
   29   18 0.189322769674 0.757291078694
   30   18 0.189323579990 0.757294319959
   31   18 0.189322154051 0.757288616204
   32   18 0.189322719358 0.757290877430
   33   18 0.189319513761 0.757278055044
   34   18 0.189321618755 0.757286475019
   35   18 0.189316333377 0.757265333510
   36   18 0.189320213485 0.757280853942
   37   18 0.189309309570 0.757237238281
   38   18 0.189311634831 0.757246539325
   39   18 0.189286393298 0.757145573190
   40   18 0.189283537743 0.757134150972
   41   18 0.189137924888 0.756551699552
   42   18 0.189166691083 0.756666764331
   43   18 0.188925482203 0.755701928811
   44   18 0.188805086168 0.755220344672
   45   18 0.188721257251 0.754885029005
   46   18 0.188634185547 0.754536742186
   47   18 0.188536409318 0.754145637272
   48   18 0.188446513937 0.753786055750
   49   18 0.188168298460 0.752673193839
   50   18 0.188211802660 0.752847210638
   51   18 0.188087676897 0.752350707590
   52   18 0.188057497691 0.752229990764
   53   18 0.188052617122 0.752210468489
   54   18 0.188048969730 0.752195878921

    1   19 0.188050024052 0.752200096210
    2   19 0.188051875292 0.752207501166
    3   19 0.188066270630 0.752265082519
    4   19 0.188132135866 0.752528543463
    5   19 0.188104767923 0.752419071693
    6   19 0.188246003670 0.752984014680
    7   19 0.188286278753 0.753145115013
    8   19 0.188324591017 0.753298364067
    9   19 0.188358570776 0.753434283104
   10   19 0.188383645987 0.753534583948
   11   19 0.188421029203 0.753684116813
   12   19 0.188450070652 0.753800282606
   13   19 0.188509572119 0.754038288475
   14   19 0.188627061195 0.754508244779
   15   19 0.188608835977 0.754435343909
   16   19 0.188685171973 0.754740687892
   17   19 0.188686409964 0.754745639855
   18   19 0.188699043196 0.754796172786
   19   19 0.188697982088 0.754791928351
   20   19 0.188703255816 0.754813023264
   21   19 0.188701301764 0.754805207055
   22   19 0.188704218930 0.754816875718
   23   19 0.188703257303 0.754813029214
   24   19 0.188704907420 0.754819629679
   25   19 0.188704291482 0.754817165928
   26   19 0.188704817942 0.754819271770
   27   19 0.188704500040 0.754818000161
   28   19 0.188704500057 0.754818000228
   29   19 0.188704818353 0.754819273412
   30   19 0.188704291620 0.754817166480
   31   19 0.188704907741 0.754819630962
   32   19 0.188703257420 0.754813029682
   33   19 0.188704220446 0.754816881785
   34   19 0.188701303164 0.754805212656
   35   19 0.188703257368 0.754813029473
   36   19 0.188697982014 0.754791928054
   37   19 0.188699043021 0.754796172082
   38   19 0.188686410485 0.754745641941
   39   19 0.188685172962 0.754740691849
   40   19 0.188608836271 0.754435345084
   41   19 0.188627061922 0.754508247690
   42   19 0.188509572134 0.754038288538
   43   19 0.188450070198 0.753800280792
   44   19 0.188421028469 0.753684113877
   45   19 0.188383646491 0.753534585965
   46   19 0.188358570981 0.753434283924
   47   19 0.188324590550 0.753298362200
   48   19 0.188286278333 0.753145113331
   49   19 0.188246003832 0.752984015326
   50   19 0.188104767550 0.752419070200
   51   19 0.188132135709 0.752528542835
   52   19 0.188066270604 0.752265082417
   53   19 0.188051875277 0.752207501107
   54   19 0.188050024051 0.752200096204

    1   20 0.188050233539 0.752200934157
    2   20 0.188056184431 0.752224737726
    3   20 0.188092151020 0.752368604079
    4   20 0.188075165582 0.752300662326
    5   20 0.188150309891 0.752601239564
    6   20 0.188168369461 0.752673477844
    7   20 0.188185572515 0.752742290061
    8   20 0.188200581653 0.752802326612
    9   20 0.188211270295 0.752845081178
   10   20 0.188226416155 0.752905664620
   11   20 0.188236169216 0.752944676864
   12   20 0.188254067752 0.753016271007
   13   20 0.188265251608 0.753061006433
   14   20 0.188295066551 0.753180266204
   15   20 0.188356493637 0.753425974548
   16   20 0.188345166789 0.753380667154
   17   20 0.188386826410 0.753547305640
   18   20 0.188386751711 0.753547006845
   19   20 0.188393590080 0.753574360320
   20   20 0.188393015087 0.753572060348
   21   20 0.188396023062 0.753584092247
   22   20 0.188395013876 0.753580055506
   23   20 0.188396613257 0.753586453026
   24   20 0.188395888537 0.753583554148
   25   20 0.188396691803 0.753586767212
   26   20 0.188396393253 0.753585573011
   27   20 0.188396736957 0.753586947827
   28   20 0.188396736732 0.753586946927
   29   20 0.188396392705 0.753585570822
   30   20 0.188396691834 0.753586767337
   31   20 0.188395888969 0.753583555876
   32   20 0.188396613989 0.753586455956
   33   20 0.188395013918 0.753580055674
   34   20 0.188396023346 0.753584093384
   35   20 0.188393015082 0.753572060328
   36   20 0.188393590556 0.753574362224
   37   20 0.188386752450 0.753547009800
   38   20 0.188386826808 0.753547307230
   39   20 0.188345166385 0.753380665541
   40   20 0.188356493678 0.753425974713
   41   20 0.188295066974 0.753180267895
   42   20 0.188265252109 0.753061008438
   43   20 0.188254067818 0.753016271270
   44   20 0.188236169022 0.752944676086
   45   20 0.188226415767 0.752905663070
   46   20 0.188211270568 0.752845082272
   47   20 0.188200581765 0.752802327062
   48   20 0.188185572283 0.752742289132
   49   20 0.188168369253 0.752673477012
   50   20 0.188150309986 0.752601239943
   51   20 0.188075165378 0.752300661514
   52   20 0.188092150940 0.752368603759
   53   20 0.188056184421 0.752224737683
   54   20 0.188050233533 0.752200934133

    1   21 0.188052080998 0.752208323991
    2   21 0.188071848147 0.752287392587
    3   21 0.188060801649 0.752243206597
    4   21 0.188102017156 0.752408068624
    5   21 0.188109902148 0.752439608593
    6   21 0.188118469832 0.752473879329
    7   21 0.188125803955 0.752503215820
    8   21 0.188131252712 0.752525010847
    9   21 0.188138594140 0.752554376560
   10   21 0.188143362264 0.752573449058
   11   21 0.188151241317 0.752604965268
   12   21 0.188155610513 0.752622442051
   13   21 0.188164984793 0.752659939170
   14   21 0.188169998781 0.752679995123
   15   21 0.188185222471 0.752740889884
   16   21 0.188218648542 0.752874594167
   17   21 0.188211466377 0.752845865506
   18   21 0.188234913171 0.752939652684
   19   21 0.188234414992 0.752937659969
   20   21 0.188238442702 0.752953770806
   21   21 0.188238124820 0.752952499280
   22   21 0.188239839202 0.752959356808
   23   21 0.188239163332 0.752956653328
   24   21 0.188240035223 0.752960140893
   25   21 0.188239629413 0.752958517650
   26   21 0.188240129911 0.752960519644
   27   21 0.188240025315 0.752960101260
   28   21 0.188240025161 0.752960100643
   29   21 0.188240129741 0.752960518962
   30   21 0.188239629329 0.752958517314
   31   21 0.188240035525 0.752960142099
   32   21 0.188239163531 0.752956654123
   33   21 0.188239839341 0.752959357363
   34   21 0.188238124492 0.752952497968
   35   21 0.188238442698 0.752953770793
   36   21 0.188234415392 0.752937661567
   37   21 0.188234913667 0.752939654667
   38   21 0.188211466405 0.752845865621
   39   21 0.188218648532 0.752874594129
   40   21 0.188185222427 0.752740889706
   41   21 0.188169998852 0.752679995407
   42   21 0.188164985017 0.752659940067
   43   21 0.188155610793 0.752622443170
   44   21 0.188151241366 0.752604965463
   45   21 0.188143362177 0.752573448710
   46   21 0.188138593924 0.752554375697
   47   21 0.188131252857 0.752525011429
   48   21 0.188125804015 0.752503216062
   49   21 0.188118469715 0.752473878860
   50   21 0.188109902041 0.752439608163
   51   21 0.188102017211 0.752408068843
   52   21 0.188060801537 0.752243206148
   53   21 0.188071848106 0.752287392426
   54   21 0.188052080996 0.752208323986

    1   22 0.188062171903 0.752248687612
    2   22 0.188054091715 0.752216366862
    3   22 0.188077021529 0.752308086115
    4   22 0.188079973170 0.752319892678
    5   22 0.188084531939 0.752338127754
    6   22 0.188088314134 0.752353256538
    7   22 0.188091302093 0.752365208373
    8   22 0.188095147335 0.752380589339
    9   22 0.188097685977 0.752390743907
   10   22 0.188101615999 0.752406463995
   11   22 0.188103841024 0.752415364094
   12   22 0.188108235437 0.752432941747
   13   22 0.188110483878 0.752441935510
   14   22 0.188115739307 0.752462957228
   15   22 0.188118174200 0.752472696801
   16   22 0.188125987443 0.752503949773
   17   22 0.188144754140 0.752579016562
   18   22 0.188140232004 0.752560928015
   19   22 0.188153794595 0.752615178379
   20   22 0.188153247058 0.752612988231
   21   22 0.188155651795 0.752622607180
   22   22 0.188155398108 0.752621592431
   23   22 0.188156385866 0.752625543464
   24   22 0.188156003108 0.752624012432
   25   22 0.188156549335 0.752626197338
   26   22 0.188156332773 0.752625331091
   27   22 0.188156526660 0.752626106640
   28   22 0.188156526725 0.752626106898
   29   22 0.188156332814 0.752625331258
   30   22 0.188156549401 0.752626197604
   31   22 0.188156003032 0.752624012128
   32   22 0.188156385884 0.752625543537
   33   22 0.188155398037 0.752621592148
   34   22 0.188155651805 0.752622607222
   35   22 0.188153247110 0.752612988439
   36   22 0.188153794717 0.752615178868
   37   22 0.188140232003 0.752560928011
   38   22 0.188144754287 0.752579017148
   39   22 0.188125987565 0.752503950261
   40   22 0.188118174233 0.752472696934
   41   22 0.188115739287 0.752462957150
   42   22 0.188110483914 0.752441935658
   43   22 0.188108235552 0.752432942209
   44   22 0.188103841179 0.752415364716
   45   22 0.188101616031 0.752406464125
   46   22 0.188097685938 0.752390743753
   47   22 0.188095147212 0.752380588848
   48   22 0.188091302171 0.752365208684
   49   22 0.188088314167 0.752353256668
   50   22 0.188084531879 0.752338127515
   51   22 0.188079973113 0.752319892450
   52   22 0.188077021561 0.752308086244
   53   22 0.188054091654 0.752216366617
   54   22 0.188062171884 0.752248687537

    1   23 0.188057589587 0.752230358348
    2   23 0.188064128017 0.752256512068
    3   23 0.188064617904 0.752258471615
    4   23 0.188067022410 0.752268089641
    5   23 0.188068841511 0.752275366043
    6   23 0.188070486286 0.752281945145
    7   23 0.188072505457 0.752290021829
    8   23 0.188073886724 0.752295546895
    9   23 0.188075848104 0.752303392415
   10   23 0.188077021445 0.752308085779
   11   23 0.188079193607 0.752316774430
   12   23 0.188080293692 0.752321174767
   13   23 0.188082839672 0.752331358687
   14   23 0.188084020815 0.752336083260
   15   23 0.188087046005 0.752348184022
   16   23 0.188088350463 0.752353401852
   17   23 0.188092415080 0.752369660319
   18   23 0.188103238544 0.752412954176
   19   23 0.188100391305 0.752401565220
   20   23 0.188108351600 0.752433406401
   21   23 0.188107844289 0.752431377155
   22   23 0.188109313555 0.752437254218
   23   23 0.188109163232 0.752436652929
   24   23 0.188109784337 0.752439137347
   25   23 0.188109587443 0.752438349772
   26   23 0.188109852703 0.752439410811
   27   23 0.188109800776 0.752439203102
   28   23 0.188109800804 0.752439203216
   29   23 0.188109852818 0.752439411271
   30   23 0.188109587444 0.752438349775
   31   23 0.188109784298 0.752439137194
   32   23 0.188109163099 0.752436652397
   33   23 0.188109313527 0.752437254107
   34   23 0.188107844372 0.752431377489
   35   23 0.188108351671 0.752433406685
   36   23 0.188100391215 0.752401564859
   37   23 0.188103238549 0.752412954196
   38   23 0.188092415136 0.752369660544
   39   23 0.188088350557 0.752353402229
   40   23 0.188087046075 0.752348184301
   41   23 0.188084020839 0.752336083356
   42   23 0.188082839663 0.752331358653
   43   23 0.188080293712 0.752321174848
   44   23 0.188079193668 0.752316774674
   45   23 0.188077021532 0.752308086127
   46   23 0.188075848125 0.752303392500
   47   23 0.188073886708 0.752295546833
   48   23 0.188072505387 0.752290021548
   49   23 0.188070486329 0.752281945314
   50   23 0.188068841529 0.752275366114
   51   23 0.188067022379 0.752268089518
   52   23 0.188064617874 0.752258471498
   53   23 0.188064128037 0.752256512149
   54   23 0.188057589562 0.752230358247

    1   24 0.188057612408 0.752230449632
    2   24 0.188060481690 0.752241926762
    3   24 0.188057989557 0.752231958228
    4   24 0.188058754029 0.752235016115
    5   24 0.188059538442 0.752238153769
    6   24 0.188060441202 0.752241764806
    7   24 0.188061197944 0.752244791775
    8   24 0.188062055870 0.752248223480
    9   24 0.188062726675 0.752250906701
   10   24 0.188063759330 0.752255037320
   11   24 0.188064300479 0.752257201917
   12   24 0.188065562460 0.752262249839
   13   24 0.188066105872 0.752264423490
   14   24 0.188067569037 0.752270276148
   15   24 0.188068224686 0.752272898746
   16   24 0.188070021847 0.752280087389
   17   24 0.188070803981 0.752283215925
   18   24 0.188072937275 0.752291749098
   19   24 0.188079291208 0.752317164833
   20   24 0.188077476422 0.752309905687
   21   24 0.188082227234 0.752328908934
   22   24 0.188081844009 0.752327376037
   23   24 0.188082801093 0.752331204374
   24   24 0.188082741117 0.752330964467
   25   24 0.188083073309 0.752332293235
   26   24 0.188083128477 0.752332513910
   27   24 0.188083165374 0.752332661494
   28   24 0.188083165399 0.752332661595
   29   24 0.188083128473 0.752332513892
   30   24 0.188083073329 0.752332293316
   31   24 0.188082741071 0.752330964286
   32   24 0.188082801055 0.752331204220
   33   24 0.188081844002 0.752327376009
   34   24 0.188082227246 0.752328908986
   35   24 0.188077476398 0.752309905590
   36   24 0.188079291217 0.752317164869
   37   24 0.188072937261 0.752291749042
   38   24 0.188070803991 0.752283215962
   39   24 0.188070021876 0.752280087504
   40   24 0.188068224739 0.752272898955
   41   24 0.188067569077 0.752270276310
   42   24 0.188066105889 0.752264423558
   43   24 0.188065562457 0.752262249828
   44   24 0.188064300491 0.752257201962
   45   24 0.188063759363 0.752255037451
   46   24 0.188062726725 0.752250906900
   47   24 0.188062055884 0.752248223537
   48   24 0.188061197939 0.752244791755
   49   24 0.188060441161 0.752241764645
   50   24 0.188059538466 0.752238153862
   51   24 0.188058754040 0.752235016158
   52   24 0.188057989542 0.752231958168
   53   24 0.188060481680 0.752241926721
   54   24 0.188057612440 0.752230449762

    1   25 0.188057286970 0.752229147881
    2   25 0.188053620140 0.752214480561
    3   25 0.188055795856 0.752223183423
    4   25 0.188053874975 0.752215499900
    5   25 0.188054209933 0.752216839733
    6   25 0.188054570540 0.752218282160
    7   25 0.188054672772 0.752218691089
    8   25 0.188055129809 0.752220519238
    9   25 0.188055518443 0.752222073773
   10   25 0.188055806623 0.752223226490
   11   25 0.188056443734 0.752225774937
   12   25 0.188056707381 0.752226829523
   13   25 0.188057425612 0.752229702447
   14   25 0.188057728180 0.752230912720
   15   25 0.188058582200 0.752234328799
   16   25 0.188058981144 0.752235924576
   17   25 0.188060072790 0.752240291161
   18   25 0.188060581140 0.752242324559
   19   25 0.188061701186 0.752246804744
   20   25 0.188065515083 0.752262060332
   21   25 0.188064377007 0.752257508027
   22   25 0.188067305520 0.752269222081
   23   25 0.188067069978 0.752268279913
   24   25 0.188067649349 0.752270597397
   25   25 0.188067899726 0.752271598902
   26   25 0.188067934988 0.752271739953
   27   25 0.188068087886 0.752272351546
   28   25 0.188068087860 0.752272351439
   29   25 0.188067934977 0.752271739910
   30   25 0.188067899699 0.752271598794
   31   25 0.188067649350 0.752270597398
   32   25 0.188067069989 0.752268279957
   33   25 0.188067305513 0.752269222051
   34   25 0.188064376962 0.752257507847
   35   25 0.188065515073 0.752262060290
   36   25 0.188061701192 0.752246804769
   37   25 0.188060581147 0.752242324589
   38   25 0.188060072781 0.752240291126
   39   25 0.188058981149 0.752235924597
   40   25 0.188058582215 0.752234328861
   41   25 0.188057728211 0.752230912842
   42   25 0.188057425636 0.752229702545
   43   25 0.188056707392 0.752226829567
   44   25 0.188056443734 0.752225774938
   45   25 0.188055806630 0.752223226521
   46   25 0.188055518463 0.752222073851
   47   25 0.188055129839 0.752220519356
   48   25 0.188054672782 0.752218691128
   49   25 0.188054570539 0.752218282154
   50   25 0.188054209911 0.752216839645
   51   25 0.188053874990 0.752215499959
   52   25 0.188055795866 0.752223183462
   53   25 0.188053620144 0.752214480577
   54   25 0.188057286956 0.752229147822

    1   26 0.188053450415 0.752213801660
    2   26 0.188053885497 0.752215541987
    3   26 0.188051383335 0.752205533338
    4   26 0.188052529193 0.752210116773
    5   26 0.188051380289 0.752205521156
    6   26 0.188051001847 0.752204007390
    7   26 0.188051367272 0.752205469088
    8   26 0.188051291332 0.752205165329
    9   26 0.188051468907 0.752205875626
   10   26 0.188051788447 0.752207153790
   11   26 0.188051944057 0.752207776230
   12   26 0.188052318510 0.752209274042
   13   26 0.188052497865 0.752209991461
   14   26 0.188052919440 0.752211677759
   15   26 0.188053131767 0.752212527070
   16   26 0.188053643561 0.752214574242
   17   26 0.188053922473 0.752215689892
   18   26 0.188054599552 0.752218398209
   19   26 0.188054991148 0.752219964592
   20   26 0.188055604980 0.752222419920
   21   26 0.188058013519 0.752232054076
   22   26 0.188057355779 0.752229423115
   23   26 0.188059140172 0.752236560687
   24   26 0.188059440641 0.752237762563
   25   26 0.188059572249 0.752238288996
   26   26 0.188059923071 0.752239692285
   27   26 0.188059927715 0.752239710859
   28   26 0.188059927719 0.752239710877
   29   26 0.188059923046 0.752239692184
   30   26 0.188059572235 0.752238288938
   31   26 0.188059440644 0.752237762577
   32   26 0.188059140176 0.752236560704
   33   26 0.188057355760 0.752229423040
   34   26 0.188058013506 0.752232054025
   35   26 0.188055604967 0.752222419867
   36   26 0.188054991141 0.752219964566
   37   26 0.188054599553 0.752218398212
   38   26 0.188053922476 0.752215689904
   39   26 0.188053643556 0.752214574222
   40   26 0.188053131772 0.752212527090
   41   26 0.188052919450 0.752211677800
   42   26 0.188052497882 0.752209991528
   43   26 0.188052318525 0.752209274102
   44   26 0.188051944067 0.752207776266
   45   26 0.188051788451 0.752207153804
   46   26 0.188051468914 0.752205875654
   47   26 0.188051291344 0.752205165375
   48   26 0.188051367289 0.752205469155
   49   26 0.188051001855 0.752204007421
   50   26 0.188051380291 0.752205521163
   51   26 0.188052529185 0.752210116740
   52   26 0.188051383351 0.752205533403
   53   26 0.188053885496 0.752215541984
   54   26 0.188053450412 0.752213801649

    1   27 0.188052057152 0.752208228608
    2   27 0.188051802305 0.752207209219
    3   27 0.188051890633 0.752207562530
    4   27 0.188050505049 0.752202020196
    5   27 0.188050288793 0.752201155174
    6   27 0.188049933086 0.752199732344
    7   27 0.188049551441 0.752198205762
    8   27 0.188049653678 0.752198614710
    9   27 0.188049783763 0.752199135054
   10   27 0.188049911999 0.752199647996
   11   27 0.188050122538 0.752200490154
   12   27 0.188050284107 0.752201136428
   13   27 0.188050520366 0.752202081463
   14   27 0.188050703398 0.752202813591
   15   27 0.188050971763 0.752203887053
   16   27 0.188051183355 0.752204733422
   17   27 0.188051511468 0.752206045873
   18   27 0.188051791762 0.752207167050
   19   27 0.188052255700 0.752209022798
   20   27 0.188052692698 0.752210770791
   21   27 0.188053116364 0.752212465457
   22   27 0.188054632627 0.752218530510
   23   27 0.188054987993 0.752219951970
   24   27 0.188055719334 0.752222877336
   25   27 0.188056207484 0.752224829935
   26   27 0.188056306047 0.752225224189
   27   27 0.188056400275 0.752225601102
   28   27 0.188056400270 0.752225601079
   29   27 0.188056306047 0.752225224189
   30   27 0.188056207481 0.752224829922
   31   27 0.188055719321 0.752222877286
   32   27 0.188054987978 0.752219951912
   33   27 0.188054632625 0.752218530500
   34   27 0.188053116361 0.752212465444
   35   27 0.188052692690 0.752210770758
   36   27 0.188052255688 0.752209022753
   37   27 0.188051791755 0.752207167020
   38   27 0.188051511468 0.752206045871
   39   27 0.188051183360 0.752204733439
   40   27 0.188050971764 0.752203887054
   41   27 0.188050703400 0.752202813599
   42   27 0.188050520373 0.752202081491
   43   27 0.188050284120 0.752201136479
   44   27 0.188050122552 0.752200490209
   45   27 0.188049912008 0.752199648033
   46   27 0.188049783767 0.752199135068
   47   27 0.188049653681 0.752198614724
   48   27 0.188049551448 0.752198205792
   49   27 0.188049933099 0.752199732397
   50   27 0.188050288805 0.752201155220
   51   27 0.188050505055 0.752202020218
   52   27 0.188051890625 0.752207562500
   53   27 0.188051802309 0.752207209235
   54   27 0.188052057157 0.752208228629

