# generlized Kondo-Heisenberg model
# Jh/U=0.25 n=1/2 L=36 Delta/t=2.0
# spatial dependence of the singlet pairing amplitude
# site, DeltaS(l)
1 0.12993399999999999 -0.12993399999999999
2 0.10286400000000000 -0.10286400000000000
3 0.10074200000000000 -0.10074200000000000
4 9.7989300000000001E-002 -9.7989300000000001E-002
5 0.10333900000000000 -0.10333900000000000
6 9.8902599999999993E-002 -9.8902599999999993E-002
7 0.10256600000000000 -0.10256600000000000
8 9.9108500000000002E-002 -9.9108500000000002E-002
9 0.10244000000000000 -0.10244000000000000
10 9.9264800000000000E-002 -9.9264800000000000E-002
11 0.10230700000000000 -0.10230700000000000
12 9.9365700000000001E-002 -9.9365700000000001E-002
13 0.10222800000000000 -0.10222800000000000
14 9.9428900000000001E-002 -9.9428900000000001E-002
15 0.10218000000000001 -0.10218000000000001
16 9.9464200000000003E-002 -9.9464200000000003E-002
17 0.10215700000000000 -0.10215700000000000
18 9.9475400000000005E-002 -9.9475400000000005E-002
19 0.10215700000000000 -0.10215700000000000
20 9.9464200000000003E-002 -9.9464200000000003E-002
21 0.10218000000000001 -0.10218000000000001
22 9.9428900000000001E-002 -9.9428900000000001E-002
23 0.10222800000000000 -0.10222800000000000
24 9.9365700000000001E-002 -9.9365700000000001E-002
25 0.10230700000000000 -0.10230700000000000
26 9.9264800000000000E-002 -9.9264800000000000E-002
27 0.10244000000000000 -0.10244000000000000
28 9.9108500000000002E-002 -9.9108500000000002E-002
29 0.10256600000000000 -0.10256600000000000
30 9.8902599999999993E-002 -9.8902599999999993E-002
31 0.10333900000000000 -0.10333900000000000
32 9.7989300000000001E-002 -9.7989300000000001E-002
33 0.10074200000000000 -0.10074200000000000
34 0.10286400000000000 -0.10286400000000000
35 0.12993399999999999 -0.12993399999999999
36 0.0000000000000000 0.0000000000000000
