# generlized Kondo-Heisenberg model
# Jh/U=0.25 n=1/2 L=36 Delta/t=2.0
# spatial dependence of the triplet pairing amplitude
# site, DeltaT(l)
1 -1.0862200000000001E-002 8.0390700000000006E-003
2 8.1970000000000003E-004 -4.8051400000000001E-002
3 -1.1273100000000001E-003 -2.2388900000000000E-002
4 2.3951099999999999E-002 -5.4451999999999999E-003
5 2.9065400000000002E-002 3.3253300000000000E-003
6 1.9960400000000000E-002 -1.3905100000000000E-002
7 3.3358400000000001E-003 -3.0997000000000000E-002
8 3.4400500000000001E-003 -2.8702999999999999E-002
9 1.9760699999999999E-002 -1.2219900000000001E-002
10 3.0471600000000001E-002 -5.7252400000000004E-004
11 2.4228500000000000E-002 -8.8829000000000009E-003
12 7.7735299999999998E-003 -2.6215599999999999E-002
13 2.8877199999999999E-003 -3.1507199999999999E-002
14 1.4942300000000000E-002 -1.7757700000000001E-002
15 2.8679300000000001E-002 -3.0738499999999999E-003
16 2.7300000000000001E-002 -5.1239099999999997E-003
17 1.2304600000000001E-002 -2.1183500000000001E-002
18 2.7540799999999999E-003 -3.1641799999999998E-002
19 1.0554500000000000E-002 -2.2929300000000000E-002
20 2.5860800000000000E-002 -6.5607100000000000E-003
21 2.9226300000000000E-002 -2.5311999999999999E-003
22 1.6845499999999999E-002 -1.5861400000000001E-002
23 3.9362199999999998E-003 -3.0461100000000001E-002
24 6.7023500000000001E-003 -2.7284400000000000E-002
25 2.2299900000000001E-002 -1.0808600000000000E-002
26 2.9969699999999998E-002 -1.0767100000000000E-003
27 2.1258099999999999E-002 -1.0730200000000001E-002
28 5.1651099999999997E-003 -2.6985700000000001E-002
29 3.2021400000000000E-003 -3.1132400000000001E-002
30 1.8172500000000001E-002 -1.5691900000000002E-002
31 2.7830799999999999E-002 2.0906200000000001E-003
32 2.4644900000000001E-002 -4.7695000000000003E-003
33 7.7226300000000003E-004 -2.0500899999999999E-002
34 2.0122600000000001E-003 -4.6869599999999997E-002
35 -1.1477299999999999E-002 7.4254500000000001E-003
36 0.0000000000000000 0.0000000000000000
