# generlized Kondo-Heisenberg model
# Jh/U=0.25 n=1/2 L=36 Delta/t=2.0
# edge local density-of-states at the Fermi level
# U/W, eLDOS
1 9.7169999999999999E-003 2.0653000000000001E-002
1.2 1.7453000000000000E-002 3.1356000000000002E-002
1.4 3.3456000000000000E-002 4.9959000000000003E-002
1.5 5.4009000000000001E-002 7.0324999999999999E-002
1.6 19.794036999999999 20.752358000000001
1.7 23.114540999999999 23.344732000000000
1.8 25.830992999999999 24.211069999999999
1.9 25.670639000000001 23.401850000000000
2 15.969859000000000 19.679250000000000
2.1 14.563133000000001 21.623676000000000
2.2 24.715758999999998 22.436672000000002
2.3 16.425075000000000 18.660530000000001
2.4 13.769862000000000 18.318657000000002
2.5 15.613647000000000 20.905989999999999
2.6 20.436036999999999 22.079029999999999
2.8 10.814113000000001 14.970029000000000
3 11.730869999999999 17.103059999999999
3.25 4.9293979999999999 10.870386000000000
3.5 0.52854699999999999 4.8495540000000004
4 7.5053999999999996E-002 2.0486149999999999
4.5 6.3601000000000005E-002 0.71024799999999999
5 0.41162399999999999 0.30506400000000000
5.5 5.2909999999999997E-003 3.5829000000000000E-002
6 0.53128699999999995 5.3032000000000003E-002
