# generalized Kondo-Heisenberg model
# U/W=1.3 Jh/U=0.25 n=1.5 L=48
# density-of-states DOS(omega)
# omega-Ef, DOS(omega)

-8.04675 9.042617570495509313e-05
-8.02675 9.119604715864107264e-05
-8.00675 9.195846094790948344e-05
-7.98675 9.296451962891712445e-05
-7.96675 9.361451607253048264e-05
-7.94675 9.455962202075697803e-05
-7.92675 9.545805787901351890e-05
-7.90675 9.657815089053975064e-05
-7.88675 9.765737108266037169e-05
-7.86675 9.848455868102163929e-05
-7.84675 9.963016532619965000e-05
-7.82675 1.005463229044703294e-04
-7.80675 1.016185271186428987e-04
-7.78675 1.030125330251487271e-04
-7.76675 1.042907725824498576e-04
-7.74675 1.051345923351857292e-04
-7.72675 1.057381704609689177e-04
-7.70675 1.069114318882118868e-04
-7.68675 1.090231490064708748e-04
-7.66675 1.099687878000450491e-04
-7.64675 1.116108185653431228e-04
-7.62675 1.127182828165628804e-04
-7.60675 1.152028549398523375e-04
-7.58675 1.170589462852358284e-04
-7.56675 1.166390229127555340e-04
-7.54675 1.190033293450658801e-04
-7.52675 1.203725747638899031e-04
-7.50675 1.211855947532624808e-04
-7.48675 1.238292543121769992e-04
-7.46675 1.270852215446882281e-04
-7.44675 1.281419786699029221e-04
-7.42675 1.281063800427367110e-04
-7.40675 1.335069684076422224e-04
-7.38675 1.373253848334923203e-04
-7.36675 1.352051085477041137e-04
-7.34675 1.384226566539482276e-04
-7.32675 1.395933037747910780e-04
-7.30675 1.460908210291345230e-04
-7.28675 1.501532003175727614e-04
-7.26675 1.488018513399460500e-04
-7.24675 1.603177115044840634e-04
-7.22675 1.655906828660175213e-04
-7.20675 1.616495633344209237e-04
-7.18675 1.700112753072858889e-04
-7.16675 1.682894523077096657e-04
-7.14675 1.728290570053819092e-04
-7.12675 1.840738410524122150e-04
-7.10675 1.813286391849682963e-04
-7.08675 2.024427380963176508e-04
-7.06675 2.084080600526409615e-04
-7.04675 2.065738370710055441e-04
-7.02675 2.248615593043133405e-04
-7.00675 2.363719379986864314e-04
-6.98675 2.159273608944834951e-04
-6.96675 2.460370417826657631e-04
-6.94675 2.365161719632867738e-04
-6.92675 2.393720048964627497e-04
-6.90675 2.780090388653435750e-04
-6.88675 2.667652619068725710e-04
-6.86675 2.957347622735800028e-04
-6.84675 3.072241060568057917e-04
-6.82675 2.916211289058673632e-04
-6.80675 3.227629203801804189e-04
-6.78675 3.164944202732975095e-04
-6.76675 3.117649283766368699e-04
-6.74675 2.971711158199138178e-04
-6.72675 3.642279100291004237e-04
-6.70675 3.171505395548972726e-04
-6.68675 3.552437326790667095e-04
-6.66675 3.695539228350559887e-04
-6.64675 3.602101703751425105e-04
-6.62675 3.751627614867857475e-04
-6.60675 3.943215100570763763e-04
-6.58675 3.411643611436071272e-04
-6.56675 3.783435682242116673e-04
-6.54675 3.747354694383166250e-04
-6.52675 3.371415046549971562e-04
-6.50675 3.370315648774250064e-04
-6.48675 3.446325082617283215e-04
-6.46675 3.852499156837370028e-04
-6.44675 3.602619909417313529e-04
-6.42675 3.687624640908298570e-04
-6.40675 4.082237186536312717e-04
-6.38675 3.928856643959210276e-04
-6.36675 4.041723858678276048e-04
-6.34675 3.845299537158716752e-04
-6.32675 4.144713162467851303e-04
-6.30675 4.035262549947403552e-04
-6.28675 4.146295789116074713e-04
-6.26675 4.237299577859668246e-04
-6.24675 4.992587000119451477e-04
-6.22675 4.786810949738133799e-04
-6.20675 5.314287267348400800e-04
-6.18675 5.610255184731378388e-04
-6.16675 5.660490585246149512e-04
-6.14675 5.688933750528437109e-04
-6.12675 5.589038172872652340e-04
-6.10675 5.350381777107617379e-04
-6.08675 5.408300210661750197e-04
-6.06675 6.338791144295773117e-04
-6.04675 5.931340379134090015e-04
-6.02675 7.109457286354744837e-04
-6.00675 7.242115853190799835e-04
-5.98675 7.621676385927781674e-04
-5.96675 7.625271192881054750e-04
-5.94675 7.135661752371872876e-04
-5.92675 7.517587738623718015e-04
-5.90675 8.726380617621473873e-04
-5.88675 7.652186676443732899e-04
-5.86675 8.742039640118919519e-04
-5.84675 8.853610141499923579e-04
-5.82675 8.668640595014704417e-04
-5.80675 8.964189442011842070e-04
-5.78675 9.699841252757166821e-04
-5.76675 1.074309145380530602e-03
-5.74675 1.094980800335582701e-03
-5.72675 1.149437601375709979e-03
-5.70675 1.519515692101380041e-03
-5.68675 1.329515552689091622e-03
-5.66675 1.673224439196783608e-03
-5.64675 1.922118100700561391e-03
-5.62675 1.969729066412701218e-03
-5.60675 1.733686667758747944e-03
-5.58675 2.003518130159089809e-03
-5.56675 2.221863961052687655e-03
-5.54675 2.303409696040563479e-03
-5.52675 2.806278029346187097e-03
-5.50675 2.562080276374245104e-03
-5.48675 3.257842504118669061e-03
-5.46675 2.988012469874085347e-03
-5.44675 3.408538488272056053e-03
-5.42675 3.370386659369926236e-03
-5.40675 3.916880102636610336e-03
-5.38675 3.985079152316975751e-03
-5.36675 3.994068791603129324e-03
-5.34675 4.157221667935604402e-03
-5.32675 5.470922555194952970e-03
-5.30675 4.543756297627443881e-03
-5.28675 5.482231098365943599e-03
-5.26675 5.782590133486233998e-03
-5.24675 6.794822600526284791e-03
-5.22675 5.888144319285579416e-03
-5.20675 7.460413120277253375e-03
-5.18675 6.636930301203581260e-03
-5.16675 6.505331912121127373e-03
-5.14675 7.120139098130112698e-03
-5.12675 8.667055765360255973e-03
-5.10675 7.563774497710046459e-03
-5.08675 7.907330983936965499e-03
-5.06675 8.255204520227424000e-03
-5.04675 1.011626388556464626e-02
-5.02675 9.512250421876731338e-03
-5.00675 1.140709416713035947e-02
-4.98675 1.224771385907144454e-02
-4.96675 1.098713581785673576e-02
-4.94675 1.269874786079756498e-02
-4.92675 1.362517834901364258e-02
-4.90675 1.445388682256493196e-02
-4.88675 1.363394394039642125e-02
-4.86675 1.500752480384332996e-02
-4.84675 1.403411663932385353e-02
-4.82675 1.752622250930423869e-02
-4.80675 1.763245963245898759e-02
-4.78675 1.601729526709379930e-02
-4.76675 1.758582368800026136e-02
-4.74675 1.761481098822317154e-02
-4.72675 1.856871261894405684e-02
-4.70675 1.782319647343075589e-02
-4.68675 2.040913130164032432e-02
-4.66675 2.081478003050095046e-02
-4.64675 2.086390408708607008e-02
-4.62675 2.190139842106417212e-02
-4.60675 2.275374779282997653e-02
-4.58675 2.035300129892468265e-02
-4.56675 2.193082552163590215e-02
-4.54675 2.183397392775269716e-02
-4.52675 2.431454586598362499e-02
-4.50675 2.795146911955532013e-02
-4.48675 3.059852369880405529e-02
-4.46675 2.911936570465110605e-02
-4.44675 2.767256994246009363e-02
-4.42675 3.354515377114333785e-02
-4.40675 3.117397445970450376e-02
-4.38675 3.135909766207552879e-02
-4.36675 2.980098602369917263e-02
-4.34675 3.433674625521083296e-02
-4.32675 3.344287843996628096e-02
-4.30675 3.182005486224479679e-02
-4.28675 3.174059294216186738e-02
-4.26675 3.274661144272347779e-02
-4.24675 3.145389915573080369e-02
-4.22675 3.139267112530792769e-02
-4.20675 3.094490255397405049e-02
-4.18675 3.510442109790271048e-02
-4.16675 3.403547281406499314e-02
-4.14675 3.223867116183160020e-02
-4.12675 3.050773132486262612e-02
-4.10675 3.397490765953295466e-02
-4.08675 3.325792952577382583e-02
-4.06675 2.991477568161820394e-02
-4.04675 2.742698753604846593e-02
-4.02675 3.016077946777392244e-02
-4.00675 2.803052445584828037e-02
-3.98675 2.953211237088786828e-02
-3.96675 2.697557583378884169e-02
-3.94675 2.335113412327620430e-02
-3.92675 2.259282523240154286e-02
-3.90675 1.636306697700428206e-02
-3.88675 1.429856388397449628e-02
-3.86675 1.104986434837513382e-02
-3.84675 9.477072389837082333e-03
-3.82675 8.420895758932683481e-03
-3.80675 8.920194948679696645e-03
-3.78675 8.255504400379996832e-03
-3.76675 8.456447388271084303e-03
-3.74675 8.228335141352622131e-03
-3.72675 8.821389121151693505e-03
-3.70675 9.760472963037320968e-03
-3.68675 9.492781296860174078e-03
-3.66675 8.905015034456412182e-03
-3.64675 7.623149072798429682e-03
-3.62675 6.732934330223472146e-03
-3.60675 6.445499377618325865e-03
-3.58675 5.856139009059039766e-03
-3.56675 5.340133397582303397e-03
-3.54675 4.662531705902037485e-03
-3.52675 4.229500519102392768e-03
-3.50675 4.073699416383328928e-03
-3.48675 3.829755992340696386e-03
-3.46675 3.665126230403051126e-03
-3.44675 3.501650763419856659e-03
-3.42675 3.427671678714480641e-03
-3.40675 3.406443582370253468e-03
-3.38675 3.331158602240286582e-03
-3.36675 3.349140907504395432e-03
-3.34675 3.538517661268933412e-03
-3.32675 3.679846253511882999e-03
-3.30675 3.801077840089651418e-03
-3.28675 3.803903347502676779e-03
-3.26675 3.738872808963426917e-03
-3.24675 3.824836881295560695e-03
-3.22675 4.208761464094377611e-03
-3.20675 4.585640841672432473e-03
-3.18675 4.526937910005562199e-03
-3.16675 4.659640065978544292e-03
-3.14675 4.753213205687389920e-03
-3.12675 5.050992516179133099e-03
-3.10675 5.570540054863206553e-03
-3.08675 5.556915571556143504e-03
-3.06675 5.826746682343670984e-03
-3.04675 5.835632639258105971e-03
-3.02675 5.739698271899539884e-03
-3.00675 6.320721391622066004e-03
-2.98675 6.427080113123763774e-03
-2.96675 6.887447248385711839e-03
-2.94675 6.852868070488552302e-03
-2.92675 7.191971881775196390e-03
-2.90675 6.997709955198831884e-03
-2.88675 7.688803832608480555e-03
-2.86675 8.363839285748049870e-03
-2.84675 8.726575314536511724e-03
-2.82675 8.523103707420367700e-03
-2.80675 8.679262175731738277e-03
-2.78675 9.117384725873473386e-03
-2.76675 1.014238250270821894e-02
-2.74675 1.016722795263493018e-02
-2.72675 1.059423730982600627e-02
-2.70675 1.110110986197054665e-02
-2.68675 1.198397146897504754e-02
-2.66675 1.268213423772064294e-02
-2.64675 1.344292409343156303e-02
-2.62675 1.426784730417282078e-02
-2.60675 1.457541871253291953e-02
-2.58675 1.489513446834680663e-02
-2.56675 1.666108228372379860e-02
-2.54675 1.712247199153163826e-02
-2.52675 1.752305937219604537e-02
-2.50675 1.856916808993814769e-02
-2.48675 1.994186292273081307e-02
-2.46675 2.047712904321653468e-02
-2.44675 2.259462520677558636e-02
-2.42675 2.371407062346055084e-02
-2.40675 2.474781887558267016e-02
-2.38675 2.499672553373794362e-02
-2.36675 2.681018743030311527e-02
-2.34675 2.814134162025974661e-02
-2.32675 2.897773191139868185e-02
-2.30675 2.967078223088549099e-02
-2.28675 2.967559592319932160e-02
-2.26675 2.967693079303926340e-02
-2.24675 3.132486470234213671e-02
-2.22675 3.122871259766205748e-02
-2.20675 3.285077262427876787e-02
-2.18675 3.554561888520432061e-02
-2.16675 3.720436274744949590e-02
-2.14675 3.815533784718626309e-02
-2.12675 3.924790933247863933e-02
-2.10675 3.927777318934379952e-02
-2.08675 3.673331694647869600e-02
-2.06675 3.451593716335528417e-02
-2.04675 3.376958075220027472e-02
-2.02675 3.361961691491813925e-02
-2.00675 3.398923372327121439e-02
-1.98675 3.367842915801744219e-02
-1.96675 3.395056628781647351e-02
-1.94675 3.470107642813768933e-02
-1.92675 3.597016585986239495e-02
-1.90675 3.701312065731002243e-02
-1.88675 3.945596112735684502e-02
-1.86675 4.165622053736982994e-02
-1.84675 4.481863466016523107e-02
-1.82675 4.993414557779449203e-02
-1.80675 5.426942548636394525e-02
-1.78675 5.752190955658752908e-02
-1.76675 6.292356707948140726e-02
-1.74675 6.270400169472879759e-02
-1.72675 5.298369437416189376e-02
-1.70675 3.904653698084505770e-02
-1.68675 2.888202375805208610e-02
-1.66675 2.264000852840699490e-02
-1.64675 1.877046393322751722e-02
-1.62675 1.630522211409099476e-02
-1.60675 1.464143930377348468e-02
-1.58675 1.318475670359425637e-02
-1.56675 1.275697684443392009e-02
-1.54675 1.226150617781076625e-02
-1.52675 1.184296769969010732e-02
-1.50675 1.196686553260931617e-02
-1.48675 1.172577063685213694e-02
-1.46675 1.185494996557321344e-02
-1.44675 1.216635386246837230e-02
-1.42675 1.223619655989889934e-02
-1.40675 1.260616586661134769e-02
-1.38675 1.304935168796753260e-02
-1.36675 1.327125097658133669e-02
-1.34675 1.393887985659899784e-02
-1.32675 1.471281714167325429e-02
-1.30675 1.526912278876705470e-02
-1.28675 1.651165125163598507e-02
-1.26675 1.747225251186691405e-02
-1.24675 1.917441712648746549e-02
-1.22675 2.131025043449973413e-02
-1.20675 2.388731097304605880e-02
-1.18675 2.736655819956316030e-02
-1.16675 3.123042196553729027e-02
-1.14675 3.532274397303736269e-02
-1.12675 4.071389841198883031e-02
-1.10675 4.666339923602819129e-02
-1.08675 5.333882210608320573e-02
-1.06675 6.030456699987066932e-02
-1.04675 6.734406530045257411e-02
-1.02675 7.027175261107557191e-02
-1.00675 7.017137931423327035e-02
-0.98675 6.776475672989074051e-02
-0.96675 6.617036550861311872e-02
-0.94675 6.491717423299837864e-02
-0.92675 6.399971565800752216e-02
-0.90675 6.432147636248751466e-02
-0.88675 6.479972950342575977e-02
-0.86675 6.455976529030313382e-02
-0.84675 6.598283513126210198e-02
-0.82675 6.837627647389406260e-02
-0.80675 7.007111484264279266e-02
-0.78675 7.212989500300295842e-02
-0.76675 7.410146338318655823e-02
-0.74675 7.569459474969915391e-02
-0.72675 7.707556972137662166e-02
-0.70675 7.782226820079606033e-02
-0.68675 7.810164030364005749e-02
-0.66675 7.866984470748797365e-02
-0.64675 7.931154475120900937e-02
-0.62675 7.992236824323459277e-02
-0.60675 8.046020966931372032e-02
-0.58675 8.139289437173816144e-02
-0.56675 8.190916012460798534e-02
-0.54675 8.215292894467159102e-02
-0.52675 8.255132770485178184e-02
-0.50675 8.247220668316089520e-02
-0.48675 8.219034567055029383e-02
-0.46675 8.215768689007579839e-02
-0.44675 8.263335236471078260e-02
-0.42675 8.334456984338839414e-02
-0.40675 8.428690690363226101e-02
-0.38675 8.582386618675466594e-02
-0.36675 8.754809651866850284e-02
-0.34675 8.919262795431363855e-02
-0.32675 9.058559461705109617e-02
-0.30675 9.215837690840714136e-02
-0.28675 9.349577624660464215e-02
-0.26675 9.521511098212301349e-02
-0.24675 9.708876624390593013e-02
-0.22675 9.876888542625407441e-02
-0.20675 1.000448751889523175e-01
-0.18675 1.004992719158095821e-01
-0.16675 9.973706167671958500e-02
-0.14675 9.706805024558272377e-02
-0.12675 9.090531823097731945e-02
-0.10675 8.027432841792735141e-02
-0.08675 6.570828641395926040e-02
-0.06675 5.054311285475906329e-02
-0.04675 3.849284185814316056e-02
-0.02675 3.140733000794009022e-02
-0.00675 2.805543997331037126e-02
0.01325 2.733463862426158131e-02
0.03325 2.896646827157179499e-02
0.05325 3.341214589108255223e-02
0.07325 4.151461351444130782e-02
0.09325 5.316243577679263810e-02
0.11325 6.690010506814764168e-02
0.13325 8.055999470163655030e-02
0.15325 9.276423001251861422e-02
0.17325 1.027566378897255550e-01
0.19325 1.102510127536246859e-01
0.21325 1.145675543144951958e-01
0.23325 1.165415687673691664e-01
0.25325 1.157304075596141124e-01
0.27325 1.109600159462528629e-01
0.29325 1.039407282732812132e-01
0.31325 9.748354214841412069e-02
0.33325 9.033622183425044083e-02
0.35325 8.133984410009810484e-02
0.37325 7.282165615363404843e-02
0.39325 6.510419835517837484e-02
0.41325 6.017211285790424746e-02
0.43325 5.587154713136011780e-02
0.45325 5.187425978022126155e-02
0.47325 4.876275708675532894e-02
0.49325 4.679654909929747975e-02
0.51325 4.642410461850800946e-02
0.53325 4.709541397746085795e-02
0.55325 4.788418108976842669e-02
0.57325 4.759025101282950143e-02
0.59325 4.670173095829469045e-02
0.61325 4.665972938686933913e-02
0.63325 4.691681328072905971e-02
0.65325 4.672829320337475861e-02
0.67325 4.361143448412740931e-02
0.69325 3.874804281762352087e-02
0.71325 3.326029509866342687e-02
0.73325 2.756911288401760196e-02
0.75325 2.262392653522600494e-02
0.77325 1.871131015579440698e-02
0.79325 1.574869104194362435e-02
0.81325 1.365535048784132129e-02
0.83325 1.209718064994735193e-02
0.85325 1.110306633334876350e-02
0.87325 1.030477708367931802e-02
0.89325 9.735243819966096085e-03
0.91325 9.285395935239490126e-03
0.93325 8.793500947398325690e-03
0.95325 8.337764306576522094e-03
0.97325 7.111746533217868683e-03
0.99325 6.711558262400641427e-03
1.01325 6.349185528872466899e-03
1.03325 6.001101963611830958e-03
1.05325 5.735047619409836851e-03
1.07325 5.428526321173423284e-03
1.09325 5.203900249126472942e-03
1.11325 4.941351703914968925e-03
1.13325 4.724638791154527930e-03
1.15325 4.550271442187248452e-03
1.17325 4.285752234113601213e-03
1.19325 4.166626975428028810e-03
1.21325 3.947166451601214973e-03
1.23325 3.846469260753305162e-03
1.25325 3.635172522355488173e-03
1.27325 3.545148041503045928e-03
1.29325 3.436584943139065016e-03
1.31325 3.248870051536733704e-03
1.33325 3.202785934091598001e-03
1.35325 3.041030192368554801e-03
1.37325 3.040381194331703493e-03
1.39325 2.917813430218181830e-03
1.41325 2.826284321075299682e-03
1.43325 2.775423481667566895e-03
1.45325 2.666286264688611657e-03
1.47325 2.591005055714618206e-03
1.49325 2.523096824560238944e-03
1.51325 2.401694840334598572e-03
1.53325 2.302104163081036218e-03
1.55325 2.268027106733883167e-03
1.57325 2.140147948876886148e-03
1.59325 2.089700722259767076e-03
1.61325 2.058924457267811894e-03
1.63325 1.956243271571814386e-03
1.65325 1.905721152510123214e-03
1.67325 1.901044722677154835e-03
1.69325 1.798908979617586590e-03
1.71325 1.740965087776265774e-03
1.73325 1.731336190345307644e-03
1.75325 1.673643119986935367e-03
1.77325 1.582294916723087780e-03
1.79325 1.531481555897758499e-03
1.81325 1.520804368265011534e-03
1.83325 1.438987503983614902e-03
1.85325 1.342614667846976292e-03
1.87325 1.302048519930365782e-03
1.89325 1.257062200639686052e-03
1.91325 1.167999099765679519e-03
1.93325 1.115996298982674080e-03
1.95325 1.060434115152379458e-03
1.97325 1.015957595376747961e-03
1.99325 9.688398675648911143e-04
2.01325 9.273937358662882489e-04
2.03325 9.242804311929531764e-04
2.05325 9.352988319329685754e-04
2.07325 8.899245925474090881e-04
2.09325 8.509672588372367997e-04
2.11325 8.480379040983333609e-04
2.13325 8.448606742616522744e-04
2.15325 8.585334967343347373e-04
2.17325 8.287105886543085376e-04
2.19325 8.026585500485718333e-04
2.21325 7.967080761371492410e-04
2.23325 7.909734447448362729e-04
2.25325 7.682940806106655900e-04
2.27325 7.428787325079978191e-04
2.29325 7.476750427771622918e-04
2.31325 7.441097810674535129e-04
2.33325 7.348687516405870770e-04
2.35325 7.173871310889301783e-04
2.37325 6.944325246594728034e-04
2.39325 6.855493101079570325e-04
2.41325 6.798930460498380868e-04
2.43325 6.836216731510992399e-04
2.45325 6.724598881774552280e-04
2.47325 6.306393919262081801e-04
2.49325 6.110904019653176991e-04
2.51325 6.162767919265957177e-04
2.53325 6.115946201695251355e-04
2.55325 6.035729568577819469e-04
2.57325 5.939735341307786961e-04
2.59325 5.728218538866616241e-04
2.61325 5.502803773228083029e-04
2.63325 5.461038671188492028e-04
2.65325 5.623971839431334734e-04
2.67325 5.648214447014630098e-04
2.69325 5.599137664989680199e-04
2.71325 5.483252917765861880e-04
2.73325 5.332460733865343949e-04
2.75325 5.347845303025883625e-04
2.77325 5.561678051029246388e-04
2.79325 5.633634105352615948e-04
2.81325 5.570163195378885750e-04
2.83325 5.404834404373391830e-04
2.85325 5.278830088374848219e-04
2.87325 5.143677653380379026e-04
2.89325 5.232394537175838987e-04
2.91325 5.115267251033011817e-04
2.93325 4.850804069857047240e-04
2.95325 4.595037597593901613e-04
2.97325 4.435404923354682098e-04
2.99325 4.276789875206977228e-04
3.01325 4.338298416691254507e-04
3.03325 4.206683662419712305e-04
3.05325 3.905199439157738643e-04
3.07325 3.668486116586274696e-04
3.09325 3.442299897236378845e-04
3.11325 3.193781684424761035e-04
3.13325 3.033541599045973584e-04
3.15325 2.918014672123630973e-04
3.17325 2.801096476231578034e-04
3.19325 2.657829251534700519e-04
3.21325 2.493851825785206870e-04
3.23325 2.339630244886380691e-04
3.25325 2.183605693307999419e-04
3.27325 2.051065112105747239e-04
3.29325 1.923342950456299416e-04
3.31325 1.840380253802977734e-04
3.33325 1.815848021440904776e-04
3.35325 1.728537827658719976e-04
3.37325 1.706837890790422385e-04
3.39325 1.639535942141882375e-04
3.41325 1.566190593957830909e-04
3.43325 1.477338697352392218e-04
3.45325 1.414928051950237544e-04
3.47325 1.344268287727279256e-04
3.49325 1.306509824577778694e-04
3.51325 1.273969219651358530e-04
3.53325 1.252895338083671374e-04
3.55325 1.223757846012343310e-04
3.57325 1.191906510727674246e-04
3.59325 1.153440676387747883e-04
3.61325 1.116071212046518556e-04
3.63325 1.078097082184315426e-04
3.65325 1.056458384548130617e-04
3.67325 1.034973777972865124e-04
3.69325 1.012383750624566058e-04
3.71325 1.005034673794636459e-04
3.73325 9.871782231289216031e-05
3.75325 9.717709510668052814e-05
3.77325 9.541240790029978706e-05
3.79325 9.317299238681314212e-05
3.81325 9.103772806213236788e-05
3.83325 8.909933110197155960e-05
3.85325 8.767761940783796244e-05
3.87325 8.637508926516765774e-05
3.89325 8.479213596429903443e-05
3.91325 8.348946365718770311e-05
3.93325 8.238704244533755076e-05
3.95325 8.146556509538832298e-05
