# generlized Kondo-Heisenberg model
# U/W=2.6, Jh/U=0.25 n=1/2 L=36 Delta/t=2.0
# Spatial dependence of the chiral correlation function <kappa(r)kappa(L/2)>
# site, <kappa(r)kappa(L/2)>
           1   2.5730299999999991E-002
           2  0.10078405000000000     
           3   6.7416810000000021E-002
           4   8.1793345000000017E-002
           5   7.6814775000000002E-002
           6   8.7021920000000016E-002
           7   9.1542714999999983E-002
           8   9.8693454999999999E-002
           9  0.10611074000000000     
          10  0.11079290000000000     
          11  0.11872451500000003     
          12  0.12885000000000002     
          13  0.14465414999999998     
          14  0.16827954999999997     
          15  0.17695746500000004     
          16  0.19544879999999998     
          17  0.17911569500000002     
          18  0.98355039999999994     
          19  0.18524083000000000     
          20  0.19539050000000002     
          21  0.17692820499999998     
          22  0.16825223000000006     
          23  0.14462390000000000     
          24  0.12879635000000000     
          25  0.11865365000000003     
          26  0.11072859000000000     
          27  0.10607169999999999     
          28   9.8664410000000008E-002
          29   9.1506754999999967E-002
          30   8.6963114999999994E-002
          31   7.6750010000000007E-002
          32   8.1744859999999989E-002
          33   6.7414784999999991E-002
          34  0.10087045000000000     
          35   2.5763221000000003E-002
