# generlized Kondo-Heisenberg model
# U/W=2.2, Jh/U=0.25 n=1/2 L=36 Delta/t=2.0
# Spatial dependence of the chiral correlation function <kappa(r)kappa(L/2)>
# site, <kappa(r)kappa(L/2)>
           1   2.6635300000000004E-002
           2   9.3284350000000002E-002
           3   6.5401430000000010E-002
           4   8.2422000000000009E-002
           5   8.0748100000000003E-002
           6   9.2535599999999996E-002
           7   9.7555250000000024E-002
           8  0.10448835000000001     
           9  0.11124449999999997     
          10  0.12009395000000002     
          11  0.13326900000000000     
          12  0.14728274999999999     
          13  0.16428820000000000     
          14  0.19003195000000001     
          15  0.21470417000000003     
          16  0.25156870000000003     
          17  0.33116355000000003     
          18   1.0272047500000001     
          19  0.32929084500000005     
          20  0.25157484999999996     
          21  0.21469948000000003     
          22  0.19003585000000003     
          23  0.16430099999999997     
          24  0.14729700000000001     
          25  0.13328104999999998     
          26  0.12009579999999997     
          27  0.11124954999999997     
          28  0.10450599999999999     
          29   9.7588599999999998E-002
          30   9.2559850000000013E-002
          31   8.0774800000000008E-002
          32   8.2450299999999990E-002
          33   6.5432650000000009E-002
          34   9.3410250000000000E-002
          35   2.6675360000000002E-002
