# generlized Kondo-Heisenberg model
# U/W=2.8, Jh/U=0.25 n=1/2 L=36 Delta/t=2.0
# Spatial dependence of the chiral correlation function <kappa(r)kappa(L/2)>
# site, <kappa(r)kappa(L/2)>
           1   2.3642710000000004E-002
           2   9.7185390000000010E-002
           3   6.7710470000000009E-002
           4   8.0017900000000003E-002
           5   7.5471629999999998E-002
           6   8.2221875000000014E-002
           7   8.6386599999999994E-002
           8   8.9452820000000002E-002
           9   9.7097585000000000E-002
          10  0.10017135500000000     
          11  0.10878884000000000     
          12  0.11608793500000000     
          13  0.12795093499999999     
          14  0.14430794999999999     
          15  0.14654632200000001     
          16  0.16003075999999999     
          17  0.12554070500000000     
          18  0.95187150000000031     
          19  0.12552899000000001     
          20  0.16001245000000000     
          21  0.14653448649999998     
          22  0.14428225000000006     
          23  0.12791957000000001     
          24  0.11604653500000001     
          25  0.10872515149999999     
          26  0.10008783999999998     
          27   9.7005284999999969E-002
          28   8.9368149999999993E-002
          29   8.6342779999999994E-002
          30   8.2177059999999996E-002
          31   7.5443830000000003E-002
          32   7.9943790000000001E-002
          33   6.7670320000000006E-002
          34   9.7051909999999991E-002
          35   2.3589890000000002E-002
