# generlized Kondo-Heisenberg model
# U/W=2.4, Jh/U=0.25 n=1/2 L=36 Delta/t=2.0
# Spatial dependence of the chiral correlation function <kappa(r)kappa(L/2)>
# site, <kappa(r)kappa(L/2)>
           1   2.6359460000000001E-002
           2   9.7892250000000000E-002
           3   6.6119614000000007E-002
           4   8.4379299999999990E-002
           5   7.9118334999999998E-002
           6   9.1277050000000012E-002
           7   9.5202849999999992E-002
           8  0.10407900000000000     
           9  0.11037889999999999     
          10  0.11843985000000000     
          11  0.12847865000000000     
          12  0.14073324999999998     
          13  0.15809840000000000     
          14  0.18611715000000001     
          15  0.20320490999999996     
          16  0.23022399999999993     
          17  0.28643944499999996     
          18   1.0155105000000000     
          19  0.27222056500000003     
          20  0.23025115000000002     
          21  0.20322226000000004     
          22  0.18613174999999998     
          23  0.15810570000000002     
          24  0.14074894999999998     
          25  0.12850004999999998     
          26  0.11846069999999999     
          27  0.11040095000000000     
          28  0.10410394999999999     
          29   9.5227400000000004E-002
          30   9.1310900000000014E-002
          31   7.9161789999999982E-002
          32   8.4432649999999998E-002
          33   6.6166234999999990E-002
          34   9.7987099999999994E-002
          35   2.6384319999999999E-002
