# generlized Kondo-Heisenberg model
# U/W=1.7, Jh/U=0.25 n=1/2 L=36 Delta/t=2.0
# Spatial dependence of the chiral correlation function <kappa(r)kappa(L/2)>
# site, <kappa(r)kappa(L/2)>
           1   3.1689534999999998E-002
           2   8.3702899999999997E-002
           3   6.5037150000000002E-002
           4   7.6421749999999997E-002
           5   8.5503400000000007E-002
           6   9.5543599999999992E-002
           7   9.6319950000000001E-002
           8  0.10225100000000001     
           9  0.11050225000000000     
          10  0.12139510000000001     
          11  0.13297625000000002     
          12  0.14420174999999999     
          13  0.15543194999999999     
          14  0.17747635000000003     
          15  0.22142685000000001     
          16  0.27512004999999995     
          17  0.38897217499999998     
          18  0.98405403000000025     
          19  0.38900318499999997     
          20  0.27510560000000001     
          21  0.22141815000000001     
          22  0.17748644999999999     
          23  0.15545095000000000     
          24  0.14420659999999999     
          25  0.13297104999999998     
          26  0.12139784999999999     
          27  0.11052185000000002     
          28  0.10227585000000002     
          29   9.6335700000000010E-002
          30   9.5551300000000006E-002
          31   8.5499849999999988E-002
          32   7.6433000000000001E-002
          33   6.5119900000000008E-002
          34   8.3770499999999998E-002
          35   3.1651954999999996E-002
