# generlized Kondo-Heisenberg model
# U/W=1.8, Jh/U=0.25 n=1/2 L=36 Delta/t=2.0
# Spatial dependence of the chiral correlation function <kappa(r)kappa(L/2)>
# site, <kappa(r)kappa(L/2)>
           1   2.9751254999999997E-002
           2   8.7821799999999992E-002
           3   6.8660299999999994E-002
           4   7.7167299999999994E-002
           5   8.4763949999999977E-002
           6   9.4315099999999985E-002
           7   9.6995899999999996E-002
           8  0.10228080000000001     
           9  0.11075570000000001     
          10  0.12076035000000002     
          11  0.13309900000000002     
          12  0.14522655000000001     
          13  0.15782190000000004     
          14  0.18126349999999997     
          15  0.22199785000000000     
          16  0.26886940000000004     
          17  0.37742658749999997     
          18  0.99214754999999988     
          19  0.38461667150000001     
          20  0.26876740000000005     
          21  0.22201029999999994     
          22  0.18130475000000001     
          23  0.15784735000000000     
          24  0.14523254999999999     
          25  0.13309855000000001     
          26  0.12077739999999999     
          27  0.11080195000000001     
          28  0.10234030000000000     
          29   9.7005500000000022E-002
          30   9.4342799999999991E-002
          31   8.4731250000000008E-002
          32   7.7177100000000012E-002
          33   6.8515750000000000E-002
          34   8.7428450000000019E-002
          35   2.9762924999999999E-002
