# generlized Kondo-Heisenberg model
# U/W=2.0, Jh/U=0.25 n=1/2 L=36 Delta/t=2.0
# Spatial dependence of the chiral correlation function <kappa(r)kappa(L/2)>
# site, <kappa(r)kappa(L/2)>
           1   2.7335371000000004E-002
           2   8.8576799999999997E-002
           3   6.7675810000000017E-002
           4   7.9982500000000012E-002
           5   8.3038299999999995E-002
           6   9.3292299999999995E-002
           7   9.7798850000000020E-002
           8  0.10354155000000001     
           9  0.11155825000000000     
          10  0.12038260000000002     
          11  0.13350794999999999     
          12  0.14731259999999999     
          13  0.16276235000000000     
          14  0.18795915000000002     
          15  0.22128865000000000     
          16  0.26265195000000002     
          17  0.37685262500000000     
          18   1.0146699099999996     
          19  0.35484465500000001     
          20  0.26265244999999998     
          21  0.22130059999999999     
          22  0.18797340000000001     
          23  0.16276914999999997     
          24  0.14732014999999998     
          25  0.13351930000000001     
          26  0.12039884999999997     
          27  0.11157784999999999     
          28  0.10356024999999998     
          29   9.7820849999999987E-002
          30   9.3317899999999995E-002
          31   8.3061899999999994E-002
          32   8.0019100000000024E-002
          33   6.7704879999999995E-002
          34   8.8619050000000019E-002
          35   2.7350657000000000E-002
