# generlized Kondo-Heisenberg model
# U/W=1.0, Jh/U=0.25 n=1/2 L=36 Delta/t=2.0
# Spatial dependence of the chiral correlation function <kappa(r)kappa(L/2)>
# site, <kappa(r)kappa(L/2)>
           1  -4.9310100000001119E-004
           2  -2.5708530000000069E-004
           3  -9.1764099999999856E-004
           4  -5.3307050000000306E-004
           5  -1.3712339999999751E-003
           6  -9.1269699999999595E-004
           7  -2.0339450000000361E-003
           8  -1.5311780000000111E-003
           9  -3.1184210000000179E-003
          10  -2.7016869999999900E-003
          11  -5.1888140000000051E-003
          12  -5.4322049999999955E-003
          13  -9.9091199999999865E-003
          14  -1.4426579999999987E-002
          15  -2.6324779999999999E-002
          16  -9.9878300000000003E-002
          17  -3.9804449999999991E-002
          18  0.87835065000000001     
          19  -3.9804449999999991E-002
          20  -9.9878300000000003E-002
          21  -2.6324779999999999E-002
          22  -1.4426620000000001E-002
          23  -9.9090600000000043E-003
          24  -5.4322320000000021E-003
          25  -5.1888260000000110E-003
          26  -2.7016880000000007E-003
          27  -3.1183349999999912E-003
          28  -1.5312340000000028E-003
          29  -2.0339730000000331E-003
          30  -9.1287800000000173E-004
          31  -1.3712329999999774E-003
          32  -5.3309550000000920E-004
          33  -9.1755800000002229E-004
          34  -2.5708599999999399E-004
          35  -4.9306559999999879E-004
