# generlized Kondo-Heisenberg model
# U/W=1.9, Jh/U=0.25 n=1/2 L=36 Delta/t=2.0
# Spatial dependence of the chiral correlation function <kappa(r)kappa(L/2)>
# site, <kappa(r)kappa(L/2)>
           1   2.8985063999999998E-002
           2   9.2258950000000020E-002
           3   7.0794500000000010E-002
           4   7.9449850000000002E-002
           5   8.5103949999999998E-002
           6   9.4522250000000002E-002
           7   9.8507549999999999E-002
           8  0.10344550000000002     
           9  0.11188224999999999     
          10  0.12109184999999999     
          11  0.13363244999999999     
          12  0.14657904999999999     
          13  0.16069679999999997     
          14  0.18519930000000001     
          15  0.22188194999999999     
          16  0.26465809999999995     
          17  0.36284006679999997     
          18   1.0028187600000003     
          19  0.36906382165000001     
          20  0.26465484999999994     
          21  0.22189880000000001     
          22  0.18521430000000003     
          23  0.16070830000000000     
          24  0.14659309999999998     
          25  0.13364819999999997     
          26  0.12110805000000001     
          27  0.11190570000000000     
          28  0.10346785000000000     
          29   9.8541600000000007E-002
          30   9.4553200000000004E-002
          31   8.5148050000000003E-002
          32   7.9505199999999984E-002
          33   7.0848349999999991E-002
          34   9.2389349999999981E-002
          35   2.9028736499999996E-002
