# generlized Kondo-Heisenberg model
# U/W=2.1, Jh/U=0.25 n=1/2 L=36 Delta/t=2.0
# Spatial dependence of the chiral correlation function <kappa(r)kappa(L/2)>
# site, <kappa(r)kappa(L/2)>
           1   2.6995889999999995E-002
           2   9.1691950000000008E-002
           3   6.6214149999999999E-002
           4   8.0615950000000006E-002
           5   8.1674299999999991E-002
           6   9.2756850000000002E-002
           7   9.7952899999999996E-002
           8  0.10401240000000002     
           9  0.11120845000000000     
          10  0.12003384999999998     
          11  0.13376569999999999     
          12  0.14792710000000001     
          13  0.16427579999999997     
          14  0.18935979999999997     
          15  0.21801354000000006     
          16  0.25757735000000004     
          17  0.36348000999999996     
          18   1.0228713800000000     
          19  0.36432928499999995     
          20  0.25760464999999999     
          21  0.21801921999999996     
          22  0.18934624999999999     
          23  0.16427699999999998     
          24  0.14793804999999999     
          25  0.13377615000000001     
          26  0.12003985000000002     
          27  0.11121140000000000     
          28  0.10402144999999999     
          29   9.7978549999999970E-002
          30   9.2762150000000015E-002
          31   8.1680450000000016E-002
          32   8.0628400000000017E-002
          33   6.6239199999999984E-002
          34   9.1827400000000003E-002
          35   2.7032664999999997E-002
