# generlized Kondo-Heisenberg model
# U/W=1.5, Jh/U=0.25 n=1/2 L=36 Delta/t=2.0
# Spatial dependence of the chiral correlation function <kappa(r)kappa(L/2)>
# site, <kappa(r)kappa(L/2)>
           1  -2.6562579999998374E-005
           2  -1.4589760000000276E-005
           3  -5.3061540000003821E-006
           4   2.0755500000000062E-005
           5   1.0634260000000006E-004
           6  -7.6475499999999983E-005
           7   3.7191929999999588E-005
           8   2.7642030000000009E-004
           9   5.2700419999999895E-004
          10  -3.6069179999999995E-004
          11   4.8137239999999947E-004
          12   2.0857829999999999E-003
          13  -1.0349692000000011E-003
          14  -6.4278699999999987E-003
          15  -6.6052858000000009E-003
          16  -2.4687800000000003E-002
          17  0.13181887500000000     
          18  0.85754868499999992     
          19  0.13181887500000000     
          20  -2.4687839999999999E-002
          21  -6.6053320999999981E-003
          22  -6.4281750000000012E-003
          23  -1.0345516000000009E-003
          24   2.0861609999999996E-003
          25   4.8174899999999985E-004
          26  -3.6147139999999996E-004
          27   5.2605060000000120E-004
          28   2.7613739999999989E-004
          29   3.5645260000000833E-005
          30  -7.7856400000000009E-005
          31   1.0570799999999969E-004
          32   2.0473079999999964E-005
          33  -5.5447900000006005E-006
          34  -1.4796220000000055E-005
          35  -2.6796050000000341E-005
