# generlized Kondo-Heisenberg model
# U/W=1.6, Jh/U=0.25 n=1/2 L=36 Delta/t=2.0
# Spatial dependence of the chiral correlation function <kappa(r)kappa(L/2)>
# site, <kappa(r)kappa(L/2)>
           1   3.1639580000000000E-002
           2   6.9368699999999991E-002
           3   5.3111499999999992E-002
           4   7.1671800000000008E-002
           5   8.3464600000000000E-002
           6   9.2395899999999989E-002
           7   8.9937150000000007E-002
           8  0.10060060000000001     
           9  0.10905274999999998     
          10  0.11942625000000001     
          11  0.12896465000000001     
          12  0.14201005000000000     
          13  0.15304265000000003     
          14  0.17235439999999996     
          15  0.21859274999999995     
          16  0.28615140000000000     
          17  0.38344026000000003     
          18  0.98220221999999990     
          19  0.38808514000000000     
          20  0.28618184999999990     
          21  0.21858759999999999     
          22  0.17233564999999995     
          23  0.15303065000000002     
          24  0.14199140000000002     
          25  0.12896249999999998     
          26  0.11940510000000000     
          27  0.10904575000000001     
          28  0.10057585000000001     
          29   8.9893100000000004E-002
          30   9.2413350000000005E-002
          31   8.3530549999999981E-002
          32   7.1689099999999992E-002
          33   5.3055929999999994E-002
          34   6.9386249999999997E-002
          35   3.1769220000000001E-002
