# generlized Kondo-Heisenberg model
# U/W=2.3, Jh/U=0.25 n=1/2 L=36 Delta/t=2.0
# Spatial dependence of the chiral correlation function <kappa(r)kappa(L/2)>
# site, <kappa(r)kappa(L/2)>
           1   2.5990320000000001E-002
           2   9.6202200000000002E-002
           3   6.5921095000000013E-002
           4   8.2378449999999978E-002
           5   7.9459999999999989E-002
           6   9.1153149999999988E-002
           7   9.5598250000000023E-002
           8  0.10361019999999999     
           9  0.11041675000000001     
          10  0.11895424999999998     
          11  0.13069649999999999     
          12  0.14356159999999998     
          13  0.16084955000000004     
          14  0.18800254999999996     
          15  0.20867783000000001     
          16  0.24006829999999996     
          17  0.30388932000000002     
          18   1.0215366000000003     
          19  0.31606091050000001     
          20  0.24009274999999999     
          21  0.20869324999999994     
          22  0.18802379999999999     
          23  0.16085864999999999     
          24  0.14357180000000000     
          25  0.13071070000000001     
          26  0.11896245000000003     
          27  0.11042595000000004     
          28  0.10361855000000002     
          29   9.5609250000000007E-002
          30   9.1165399999999966E-002
          31   7.9496200000000003E-002
          32   8.2392899999999991E-002
          33   6.5984155000000003E-002
          34   9.6335949999999976E-002
          35   2.6006760000000000E-002
