# generlized Kondo-Heisenberg model
# U/W=3.0, Jh/U=0.25 n=1/2 L=36 Delta/t=2.0
# Spatial dependence of the chiral correlation function <kappa(r)kappa(L/2)>
# site, <kappa(r)kappa(L/2)>
           1   2.1469010000000004E-002
           2   9.0132085000000001E-002
           3   6.3939919999999983E-002
           4   7.5413890000000011E-002
           5   7.0669599999999999E-002
           6   7.3321089999999992E-002
           7   7.7214070000000010E-002
           8   7.7011690000000008E-002
           9   8.4057080000000006E-002
          10   8.5131539999999978E-002
          11   9.4061359999999983E-002
          12   9.8666550000000006E-002
          13  0.10698336999999999     
          14  0.11753639000000002     
          15  0.11546120999999998     
          16  0.12385367500000000     
          17   1.9856234999999993E-002
          18  0.91697925000000002     
          19   3.0763764999999995E-002
          20  0.12408619500000000     
          21  0.11569567500000003     
          22  0.11772016999999999     
          23  0.10707855999999999     
          24   9.8705100000000004E-002
          25   9.4044509999999984E-002
          26   8.5156090000000004E-002
          27   8.4136740000000002E-002
          28   7.7175959999999988E-002
          29   7.7396640000000003E-002
          30   7.3549089999999998E-002
          31   7.0856960000000010E-002
          32   7.5582969999999985E-002
          33   6.3925930000000006E-002
          34   9.0030400000000010E-002
          35   2.1453868000000001E-002
