# generlized Kondo-Heisenberg model
# Jh/U=0.25 n=1/2 L=36 Delta/t=2.0
# Local density of states at Fermi level
# U/W, site/L, LDOS
1 -5.0000000000000003E-002 0.030138
1 -4.8000000000000001E-002 0.030075
1 -4.5999999999999999E-002 0.030018
1 -4.3999999999999997E-002 0.029968
1 -4.2000000000000003E-002 0.029925
1 -4.0000000000000001E-002 0.029887
1 -3.7999999999999999E-002 0.029856
1 -3.5999999999999997E-002 0.029831
1 -3.4000000000000002E-002 0.029812
1 -3.2000000000000001E-002 0.029799
1 -2.9999999999999999E-002 0.029792
1 -2.8000000000000001E-002 0.029791
1 -2.5999999999999999E-002 0.029795
1 -2.4000000000000000E-002 0.029806
1 -2.1999999999999999E-002 0.029821
1 -2.0000000000000000E-002 0.029843
1 -1.7999999999999999E-002 0.02987
1 -1.6000000000000000E-002 0.029904
1 -1.4000000000000000E-002 0.029942
1 -1.2000000000000000E-002 0.029987
1 -1.0000000000000000E-002 0.030037
1 -8.0000000000000002E-003 0.030092
1 -6.0000000000000001E-003 0.030153
1 -4.0000000000000001E-003 0.030219
1 -2.0000000000000000E-003 0.030292
1 0.0000000000000000 0.03037
1 2.0000000000000000E-003 0.030453
1 4.0000000000000001E-003 0.030542
1 6.0000000000000001E-003 0.030637
1 8.0000000000000002E-003 0.030737
1 1.0000000000000000E-002 0.030843
1 1.2000000000000000E-002 0.030955
1 1.4000000000000000E-002 0.031072
1 1.6000000000000000E-002 0.031196
1 1.7999999999999999E-002 0.031326
1 2.0000000000000000E-002 0.03146
1 2.1999999999999999E-002 0.031601
1 2.4000000000000000E-002 0.031749
1 2.5999999999999999E-002 0.031902
1 2.8000000000000001E-002 0.032061
1 2.9999999999999999E-002 0.032227
1 3.2000000000000001E-002 0.032399
1 3.4000000000000002E-002 0.032578
1 3.5999999999999997E-002 0.032763
1 3.7999999999999999E-002 0.032954
1 4.0000000000000001E-002 0.033153
1 4.2000000000000003E-002 0.033358
1 4.3999999999999997E-002 0.03357
1 4.5999999999999999E-002 0.033789
1 4.8000000000000001E-002 0.034016
1 5.0000000000000003E-002 0.03425
      
1.2 -5.0000000000000003E-002 0.051959
1.2 -4.8000000000000001E-002 0.051566
1.2 -4.5999999999999999E-002 0.051199
1.2 -4.3999999999999997E-002 0.050859
1.2 -4.2000000000000003E-002 0.050544
1.2 -4.0000000000000001E-002 0.050255
1.2 -3.7999999999999999E-002 0.049988
1.2 -3.5999999999999997E-002 0.049745
1.2 -3.4000000000000002E-002 0.049524
1.2 -3.2000000000000001E-002 0.049326
1.2 -2.9999999999999999E-002 0.049149
1.2 -2.8000000000000001E-002 0.048993
1.2 -2.5999999999999999E-002 0.048857
1.2 -2.4000000000000000E-002 0.04874
1.2 -2.1999999999999999E-002 0.048644
1.2 -2.0000000000000000E-002 0.048568
1.2 -1.7999999999999999E-002 0.048509
1.2 -1.6000000000000000E-002 0.04847
1.2 -1.4000000000000000E-002 0.048449
1.2 -1.2000000000000000E-002 0.048447
1.2 -1.0000000000000000E-002 0.048462
1.2 -8.0000000000000002E-003 0.048496
1.2 -6.0000000000000001E-003 0.048548
1.2 -4.0000000000000001E-003 0.048618
1.2 -2.0000000000000000E-003 0.048704
1.2 0.0000000000000000 0.048809
1.2 2.0000000000000000E-003 0.048931
1.2 4.0000000000000001E-003 0.049071
1.2 6.0000000000000001E-003 0.049229
1.2 8.0000000000000002E-003 0.049405
1.2 1.0000000000000000E-002 0.049599
1.2 1.2000000000000000E-002 0.049811
1.2 1.4000000000000000E-002 0.050041
1.2 1.6000000000000000E-002 0.05029
1.2 1.7999999999999999E-002 0.050557
1.2 2.0000000000000000E-002 0.050843
1.2 2.1999999999999999E-002 0.051148
1.2 2.4000000000000000E-002 0.051474
1.2 2.5999999999999999E-002 0.051818
1.2 2.8000000000000001E-002 0.052184
1.2 2.9999999999999999E-002 0.052569
1.2 3.2000000000000001E-002 0.052976
1.2 3.4000000000000002E-002 0.053405
1.2 3.5999999999999997E-002 0.053855
1.2 3.7999999999999999E-002 0.054329
1.2 4.0000000000000001E-002 0.054826
1.2 4.2000000000000003E-002 0.055347
1.2 4.3999999999999997E-002 0.055894
1.2 4.5999999999999999E-002 0.056465
1.2 4.8000000000000001E-002 0.057063
1.2 5.0000000000000003E-002 0.057688
      
1.4 -5.0000000000000003E-002 0.107238
1.4 -4.8000000000000001E-002 0.104748
1.4 -4.5999999999999999E-002 0.102461
1.4 -4.3999999999999997E-002 0.100361
1.4 -4.2000000000000003E-002 0.098434
1.4 -4.0000000000000001E-002 0.096665
1.4 -3.7999999999999999E-002 0.095043
1.4 -3.5999999999999997E-002 0.093558
1.4 -3.4000000000000002E-002 0.092201
1.4 -3.2000000000000001E-002 0.090962
1.4 -2.9999999999999999E-002 0.089838
1.4 -2.8000000000000001E-002 0.088818
1.4 -2.5999999999999999E-002 0.087898
1.4 -2.4000000000000000E-002 0.087074
1.4 -2.1999999999999999E-002 0.086341
1.4 -2.0000000000000000E-002 0.085694
1.4 -1.7999999999999999E-002 0.085131
1.4 -1.6000000000000000E-002 0.084648
1.4 -1.4000000000000000E-002 0.084242
1.4 -1.2000000000000000E-002 0.083911
1.4 -1.0000000000000000E-002 0.083655
1.4 -8.0000000000000002E-003 0.083468
1.4 -6.0000000000000001E-003 0.083353
1.4 -4.0000000000000001E-003 0.083305
1.4 -2.0000000000000000E-003 0.083327
1.4 0.0000000000000000 0.083415
1.4 2.0000000000000000E-003 0.083571
1.4 4.0000000000000001E-003 0.083794
1.4 6.0000000000000001E-003 0.084085
1.4 8.0000000000000002E-003 0.084444
1.4 1.0000000000000000E-002 0.084871
1.4 1.2000000000000000E-002 0.085368
1.4 1.4000000000000000E-002 0.085935
1.4 1.6000000000000000E-002 0.086575
1.4 1.7999999999999999E-002 0.087289
1.4 2.0000000000000000E-002 0.08808
1.4 2.1999999999999999E-002 0.08895
1.4 2.4000000000000000E-002 0.089901
1.4 2.5999999999999999E-002 0.090938
1.4 2.8000000000000001E-002 0.092064
1.4 2.9999999999999999E-002 0.093283
1.4 3.2000000000000001E-002 0.0946
1.4 3.4000000000000002E-002 0.096019
1.4 3.5999999999999997E-002 0.097548
1.4 3.7999999999999999E-002 0.099194
1.4 4.0000000000000001E-002 0.100963
1.4 4.2000000000000003E-002 0.102864
1.4 4.3999999999999997E-002 0.104907
1.4 4.5999999999999999E-002 0.107102
1.4 4.8000000000000001E-002 0.109464
1.4 5.0000000000000003E-002 0.112005
      
1.5 -5.0000000000000003E-002 0.67827
1.5 -4.8000000000000001E-002 0.666801
1.5 -4.5999999999999999E-002 0.608458
1.5 -4.3999999999999997E-002 0.539118
1.5 -4.2000000000000003E-002 0.454922
1.5 -4.0000000000000001E-002 0.425268
1.5 -3.7999999999999999E-002 0.362778
1.5 -3.5999999999999997E-002 0.327178
1.5 -3.4000000000000002E-002 0.312923
1.5 -3.2000000000000001E-002 0.276986
1.5 -2.9999999999999999E-002 0.248089
1.5 -2.8000000000000001E-002 0.224164
1.5 -2.5999999999999999E-002 0.207261
1.5 -2.4000000000000000E-002 0.190877
1.5 -2.1999999999999999E-002 0.172674
1.5 -2.0000000000000000E-002 0.157951
1.5 -1.7999999999999999E-002 0.147974
1.5 -1.6000000000000000E-002 0.141141
1.5 -1.4000000000000000E-002 0.136242
1.5 -1.2000000000000000E-002 0.132609
1.5 -1.0000000000000000E-002 0.129868
1.5 -8.0000000000000002E-003 0.127806
1.5 -6.0000000000000001E-003 0.12629
1.5 -4.0000000000000001E-003 0.125238
1.5 -2.0000000000000000E-003 0.124596
1.5 0.0000000000000000 0.124334
1.5 2.0000000000000000E-003 0.124436
1.5 4.0000000000000001E-003 0.124905
1.5 6.0000000000000001E-003 0.125753
1.5 8.0000000000000002E-003 0.127016
1.5 1.0000000000000000E-002 0.128753
1.5 1.2000000000000000E-002 0.131064
1.5 1.4000000000000000E-002 0.134117
1.5 1.6000000000000000E-002 0.138208
1.5 1.7999999999999999E-002 0.143874
1.5 2.0000000000000000E-002 0.152049
1.5 2.1999999999999999E-002 0.163829
1.5 2.4000000000000000E-002 0.178307
1.5 2.5999999999999999E-002 0.191287
1.5 2.8000000000000001E-002 0.204948
1.5 2.9999999999999999E-002 0.218815
1.5 3.2000000000000001E-002 0.239249
1.5 3.4000000000000002E-002 0.258205
1.5 3.5999999999999997E-002 0.295418
1.5 3.7999999999999999E-002 0.320266
1.5 4.0000000000000001E-002 0.353154
1.5 4.2000000000000003E-002 0.407829
1.5 4.3999999999999997E-002 0.429029
1.5 4.5999999999999999E-002 0.519254
1.5 4.8000000000000001E-002 0.513167
1.5 5.0000000000000003E-002 0.470797
      
1.6 -5.0000000000000003E-002 1.05249
1.6 -4.8000000000000001E-002 1.15005
1.6 -4.5999999999999999E-002 1.29104
1.6 -4.3999999999999997E-002 1.40942
1.6 -4.2000000000000003E-002 1.39405
1.6 -4.0000000000000001E-002 1.30597
1.6 -3.7999999999999999E-002 1.21293
1.6 -3.5999999999999997E-002 1.59838
1.6 -3.4000000000000002E-002 1.65403
1.6 -3.2000000000000001E-002 2.00165
1.6 -2.9999999999999999E-002 2.37149
1.6 -2.8000000000000001E-002 2.74814
1.6 -2.5999999999999999E-002 2.95166
1.6 -2.4000000000000000E-002 3.1973
1.6 -2.1999999999999999E-002 3.52366
1.6 -2.0000000000000000E-002 4.05407
1.6 -1.7999999999999999E-002 4.95821
1.6 -1.6000000000000000E-002 6.29723
1.6 -1.4000000000000000E-002 7.90476
1.6 -1.2000000000000000E-002 9.22513
1.6 -1.0000000000000000E-002 11.4134
1.6 -8.0000000000000002E-003 14.7025
1.6 -6.0000000000000001E-003 18.8621
1.6 -4.0000000000000001E-003 25.5396
1.6 -2.0000000000000000E-003 35.1727
1.6 0.0000000000000000 40.5464
1.6 2.0000000000000000E-003 37.2382
1.6 4.0000000000000001E-003 27.5667
1.6 6.0000000000000001E-003 18.9929
1.6 8.0000000000000002E-003 13.8207
1.6 1.0000000000000000E-002 10.1687
1.6 1.2000000000000000E-002 7.91093
1.6 1.4000000000000000E-002 6.78487
1.6 1.6000000000000000E-002 5.78918
1.6 1.7999999999999999E-002 4.60831
1.6 2.0000000000000000E-002 3.96695
1.6 2.1999999999999999E-002 3.40416
1.6 2.4000000000000000E-002 3.39935
1.6 2.5999999999999999E-002 3.40335
1.6 2.8000000000000001E-002 3.26663
1.6 2.9999999999999999E-002 2.70819
1.6 3.2000000000000001E-002 2.19086
1.6 3.4000000000000002E-002 1.9716
1.6 3.5999999999999997E-002 1.70783
1.6 3.7999999999999999E-002 1.34811
1.6 4.0000000000000001E-002 1.32804
1.6 4.2000000000000003E-002 1.68951
1.6 4.3999999999999997E-002 1.75081
1.6 4.5999999999999999E-002 1.87589
1.6 4.8000000000000001E-002 1.77868
1.6 5.0000000000000003E-002 1.58481
      
1.7 -5.0000000000000003E-002 0.938141
1.7 -4.8000000000000001E-002 1.10764
1.7 -4.5999999999999999E-002 1.22365
1.7 -4.3999999999999997E-002 1.50831
1.7 -4.2000000000000003E-002 1.49297
1.7 -4.0000000000000001E-002 1.47465
1.7 -3.7999999999999999E-002 1.51265
1.7 -3.5999999999999997E-002 1.91093
1.7 -3.4000000000000002E-002 1.79606
1.7 -3.2000000000000001E-002 2.2494
1.7 -2.9999999999999999E-002 2.5437
1.7 -2.8000000000000001E-002 2.77643
1.7 -2.5999999999999999E-002 3.43654
1.7 -2.4000000000000000E-002 3.55813
1.7 -2.1999999999999999E-002 3.38781
1.7 -2.0000000000000000E-002 3.78578
1.7 -1.7999999999999999E-002 4.36747
1.7 -1.6000000000000000E-002 5.66568
1.7 -1.4000000000000000E-002 7.00471
1.7 -1.2000000000000000E-002 9.16754
1.7 -1.0000000000000000E-002 11.4096
1.7 -8.0000000000000002E-003 15.0945
1.7 -6.0000000000000001E-003 21.2458
1.7 -4.0000000000000001E-003 30.3256
1.7 -2.0000000000000000E-003 41.5258
1.7 0.0000000000000000 46.4593
1.7 2.0000000000000000E-003 38.11
1.7 4.0000000000000001E-003 27.305
1.7 6.0000000000000001E-003 19.9506
1.7 8.0000000000000002E-003 14.3049
1.7 1.0000000000000000E-002 10.2995
1.7 1.2000000000000000E-002 8.62627
1.7 1.4000000000000000E-002 7.25998
1.7 1.6000000000000000E-002 5.59245
1.7 1.7999999999999999E-002 4.32874
1.7 2.0000000000000000E-002 3.62018
1.7 2.1999999999999999E-002 3.42587
1.7 2.4000000000000000E-002 3.37257
1.7 2.5999999999999999E-002 3.49086
1.7 2.8000000000000001E-002 3.20867
1.7 2.9999999999999999E-002 2.47583
1.7 3.2000000000000001E-002 2.17177
1.7 3.4000000000000002E-002 1.89063
1.7 3.5999999999999997E-002 2.0054
1.7 3.7999999999999999E-002 2.06366
1.7 4.0000000000000001E-002 2.25692
1.7 4.2000000000000003E-002 2.12507
1.7 4.3999999999999997E-002 1.76561
1.7 4.5999999999999999E-002 1.46231
1.7 4.8000000000000001E-002 1.2006
1.7 5.0000000000000003E-002 1.06737
      
1.8 -5.0000000000000003E-002 1.32601
1.8 -4.8000000000000001E-002 1.30721
1.8 -4.5999999999999999E-002 1.7029
1.8 -4.3999999999999997E-002 1.86495
1.8 -4.2000000000000003E-002 2.61229
1.8 -4.0000000000000001E-002 2.87009
1.8 -3.7999999999999999E-002 2.36444
1.8 -3.5999999999999997E-002 2.007
1.8 -3.4000000000000002E-002 2.01767
1.8 -3.2000000000000001E-002 2.02556
1.8 -2.9999999999999999E-002 2.13069
1.8 -2.8000000000000001E-002 2.45239
1.8 -2.5999999999999999E-002 2.75688
1.8 -2.4000000000000000E-002 2.99579
1.8 -2.1999999999999999E-002 3.23966
1.8 -2.0000000000000000E-002 3.60323
1.8 -1.7999999999999999E-002 4.43466
1.8 -1.6000000000000000E-002 5.63352
1.8 -1.4000000000000000E-002 7.23677
1.8 -1.2000000000000000E-002 9.30675
1.8 -1.0000000000000000E-002 11.6847
1.8 -8.0000000000000002E-003 15.4824
1.8 -6.0000000000000001E-003 21.8897
1.8 -4.0000000000000001E-003 31.3894
1.8 -2.0000000000000000E-003 43.466
1.8 0.0000000000000000 50.0421
1.8 2.0000000000000000E-003 41.9963
1.8 4.0000000000000001E-003 29.7265
1.8 6.0000000000000001E-003 20.8494
1.8 8.0000000000000002E-003 14.6728
1.8 1.0000000000000000E-002 10.9979
1.8 1.2000000000000000E-002 8.88336
1.8 1.4000000000000000E-002 7.67265
1.8 1.6000000000000000E-002 5.76902
1.8 1.7999999999999999E-002 4.73421
1.8 2.0000000000000000E-002 3.70607
1.8 2.1999999999999999E-002 3.20443
1.8 2.4000000000000000E-002 2.99446
1.8 2.5999999999999999E-002 2.80318
1.8 2.8000000000000001E-002 2.92176
1.8 2.9999999999999999E-002 2.57348
1.8 3.2000000000000001E-002 2.31449
1.8 3.4000000000000002E-002 1.78696
1.8 3.5999999999999997E-002 1.61182
1.8 3.7999999999999999E-002 1.68023
1.8 4.0000000000000001E-002 1.59092
1.8 4.2000000000000003E-002 2.28735
1.8 4.3999999999999997E-002 2.32458
1.8 4.5999999999999999E-002 2.46975
1.8 4.8000000000000001E-002 2.25616
1.8 5.0000000000000003E-002 1.22987
      
1.9 -5.0000000000000003E-002 2.40928
1.9 -4.8000000000000001E-002 2.35324
1.9 -4.5999999999999999E-002 2.27621
1.9 -4.3999999999999997E-002 1.97772
1.9 -4.2000000000000003E-002 1.59942
1.9 -4.0000000000000001E-002 1.39102
1.9 -3.7999999999999999E-002 1.30088
1.9 -3.5999999999999997E-002 1.35777
1.9 -3.4000000000000002E-002 1.42974
1.9 -3.2000000000000001E-002 1.9407
1.9 -2.9999999999999999E-002 2.01291
1.9 -2.8000000000000001E-002 2.21729
1.9 -2.5999999999999999E-002 2.25386
1.9 -2.4000000000000000E-002 2.3074
1.9 -2.1999999999999999E-002 2.65261
1.9 -2.0000000000000000E-002 3.28905
1.9 -1.7999999999999999E-002 4.18986
1.9 -1.6000000000000000E-002 5.28119
1.9 -1.4000000000000000E-002 6.92772
1.9 -1.2000000000000000E-002 8.61018
1.9 -1.0000000000000000E-002 10.6695
1.9 -8.0000000000000002E-003 14.9926
1.9 -6.0000000000000001E-003 20.8114
1.9 -4.0000000000000001E-003 29.4237
1.9 -2.0000000000000000E-003 41.869
1.9 0.0000000000000000 49.0725
1.9 2.0000000000000000E-003 41.1636
1.9 4.0000000000000001E-003 28.7907
1.9 6.0000000000000001E-003 20.2456
1.9 8.0000000000000002E-003 14.6596
1.9 1.0000000000000000E-002 10.6612
1.9 1.2000000000000000E-002 8.39167
1.9 1.4000000000000000E-002 7.29597
1.9 1.6000000000000000E-002 5.90784
1.9 1.7999999999999999E-002 4.61781
1.9 2.0000000000000000E-002 3.49092
1.9 2.1999999999999999E-002 2.93953
1.9 2.4000000000000000E-002 2.50728
1.9 2.5999999999999999E-002 2.35054
1.9 2.8000000000000001E-002 2.38342
1.9 2.9999999999999999E-002 2.66196
1.9 3.2000000000000001E-002 2.40246
1.9 3.4000000000000002E-002 1.94788
1.9 3.5999999999999997E-002 1.65217
1.9 3.7999999999999999E-002 1.69672
1.9 4.0000000000000001E-002 1.72203
1.9 4.2000000000000003E-002 2.00333
1.9 4.3999999999999997E-002 1.6258
1.9 4.5999999999999999E-002 2.0864
1.9 4.8000000000000001E-002 2.03329
1.9 5.0000000000000003E-002 1.35433
      
2 -0.14999999999999999 0.854148
2 -0.14799999999999999 2.04563
2 -0.14599999999999999 1.01736
2 -0.14399999999999999 1.12048
2 -0.14199999999999999 1.86078
2 -0.14000000000000001 2.96484
2 -0.13800000000000001 2.26271
2 -0.13600000000000001 1.86568
2 -0.13400000000000001 2.29125
2 -0.13200000000000001 1.22972
2 -0.13000000000000000 1.80113
2 -0.12800000000000000 1.52362
2 -0.12600000000000000 1.70673
2 -0.12400000000000000 1.13924
2 -0.12200000000000000 0.853026
2 -0.12000000000000000 0.772235
2 -0.11799999999999999 0.482684
2 -0.11600000000000001 0.709021
2 -0.11400000000000000 0.403577
2 -0.11200000000000000 0.582245
2 -0.11000000000000000 0.847307
2 -0.10800000000000000 0.604925
2 -0.10600000000000000 0.764684
2 -0.10400000000000000 0.553573
2 -0.10199999999999999 0.871228
2 -0.10000000000000001 0.930475
2 -9.8000000000000004E-002 0.433927
2 -9.6000000000000002E-002 0.51075
2 -9.4000000000000000E-002 0.483422
2 -9.1999999999999998E-002 0.53305
2 -8.9999999999999997E-002 0.417562
2 -8.7999999999999995E-002 0.800715
2 -8.5999999999999993E-002 0.604429
2 -8.4000000000000005E-002 0.391683
2 -8.2000000000000003E-002 0.439734
2 -8.0000000000000002E-002 0.552051
2 -7.8000000000000000E-002 0.515908
2 -7.5999999999999998E-002 0.49363
2 -7.3999999999999996E-002 0.605425
2 -7.1999999999999995E-002 0.576755
2 -7.0000000000000007E-002 0.937274
2 -6.8000000000000005E-002 0.765
2 -6.6000000000000003E-002 0.909561
2 -6.4000000000000001E-002 1.2038
2 -6.2000000000000000E-002 1.40637
2 -5.9999999999999998E-002 1.02857
2 -5.8000000000000003E-002 1.27202
2 -5.6000000000000001E-002 0.950497
2 -5.3999999999999999E-002 0.833393
2 -5.1999999999999998E-002 0.675919
2 -5.0000000000000003E-002 0.926136
2 -4.8000000000000001E-002 0.810887
2 -4.5999999999999999E-002 0.614235
2 -4.3999999999999997E-002 0.762403
2 -4.2000000000000003E-002 0.797256
2 -4.0000000000000001E-002 0.848015
2 -3.7999999999999999E-002 0.752382
2 -3.5999999999999997E-002 0.829544
2 -3.4000000000000002E-002 0.896929
2 -3.2000000000000001E-002 1.0104
2 -2.9999999999999999E-002 1.13348
2 -2.8000000000000001E-002 1.38828
2 -2.5999999999999999E-002 1.53407
2 -2.4000000000000000E-002 1.72873
2 -2.1999999999999999E-002 1.94449
2 -2.0000000000000000E-002 2.35599
2 -1.7999999999999999E-002 2.8369
2 -1.6000000000000000E-002 3.72384
2 -1.4000000000000000E-002 4.91242
2 -1.2000000000000000E-002 6.44216
2 -1.0000000000000000E-002 8.1886
2 -8.0000000000000002E-003 10.7479
2 -6.0000000000000001E-003 15.0828
2 -4.0000000000000001E-003 21.1044
2 -2.0000000000000000E-003 29.1497
2 0.0000000000000000 35.6491
2 2.0000000000000000E-003 31.9802
2 4.0000000000000001E-003 22.8488
2 6.0000000000000001E-003 15.8194
2 8.0000000000000002E-003 10.9179
2 1.0000000000000000E-002 8.2285
2 1.2000000000000000E-002 6.49832
2 1.4000000000000000E-002 5.7219
2 1.6000000000000000E-002 4.5773
2 1.7999999999999999E-002 3.52542
2 2.0000000000000000E-002 2.86814
2 2.1999999999999999E-002 2.38396
2 2.4000000000000000E-002 2.12995
2 2.5999999999999999E-002 1.93814
2 2.8000000000000001E-002 2.19022
2 2.9999999999999999E-002 2.179
2 3.2000000000000001E-002 2.01331
2 3.4000000000000002E-002 1.65276
2 3.5999999999999997E-002 1.69105
2 3.7999999999999999E-002 1.17562
2 4.0000000000000001E-002 1.21573
2 4.2000000000000003E-002 1.26455
2 4.3999999999999997E-002 1.33683
2 4.5999999999999999E-002 1.25981
2 4.8000000000000001E-002 1.86176
2 5.0000000000000003E-002 1.62405
2 5.1999999999999998E-002 2.09536
2 5.3999999999999999E-002 1.44762
2 5.6000000000000001E-002 1.53927
2 5.8000000000000003E-002 1.57032
2 5.9999999999999998E-002 1.36362
2 6.2000000000000000E-002 1.90293
2 6.4000000000000001E-002 1.69387
2 6.6000000000000003E-002 2.06731
2 6.8000000000000005E-002 1.75714
2 7.0000000000000007E-002 1.05174
2 7.1999999999999995E-002 1.1151
2 7.3999999999999996E-002 0.824811
2 7.5999999999999998E-002 0.704104
2 7.8000000000000000E-002 0.674017
2 8.0000000000000002E-002 0.623619
2 8.2000000000000003E-002 0.589112
2 8.4000000000000005E-002 0.817763
2 8.5999999999999993E-002 1.30824
2 8.7999999999999995E-002 0.771911
2 8.9999999999999997E-002 0.493377
2 9.1999999999999998E-002 1.16655
2 9.4000000000000000E-002 1.19576
2 9.6000000000000002E-002 1.32207
2 9.8000000000000004E-002 1.13661
2 0.10000000000000001 0.721939
2 0.10199999999999999 0.740346
2 0.10400000000000000 1.25378
2 0.10600000000000000 0.566104
2 0.10800000000000000 0.56002
2 0.11000000000000000 0.842305
2 0.11200000000000000 0.663688
2 0.11400000000000000 0.648925
2 0.11600000000000001 0.527218
2 0.11799999999999999 0.611107
2 0.12000000000000000 0.590364
2 0.12200000000000000 1.04518
2 0.12400000000000000 0.714947
2 0.12600000000000000 1.22123
2 0.12800000000000000 0.92429
2 0.13000000000000000 0.74911
2 0.13200000000000001 0.916659
2 0.13400000000000001 1.14098
2 0.13600000000000001 1.32011
2 0.13800000000000001 1.40432
2 0.14000000000000001 3.03633
2 0.14199999999999999 3.70871
2 0.14399999999999999 3.1556
2 0.14599999999999999 4.9364
2 0.14799999999999999 4.4506
2 0.14999999999999999 2.06507
      
2.1 -5.0000000000000003E-002 0.539722
2.1 -4.8000000000000001E-002 0.55862
2.1 -4.5999999999999999E-002 0.674726
2.1 -4.3999999999999997E-002 0.615096
2.1 -4.2000000000000003E-002 0.642022
2.1 -4.0000000000000001E-002 0.617296
2.1 -3.7999999999999999E-002 0.67882
2.1 -3.5999999999999997E-002 0.741003
2.1 -3.4000000000000002E-002 0.880278
2.1 -3.2000000000000001E-002 0.975571
2.1 -2.9999999999999999E-002 1.18785
2.1 -2.8000000000000001E-002 1.33594
2.1 -2.5999999999999999E-002 1.52582
2.1 -2.4000000000000000E-002 1.57828
2.1 -2.1999999999999999E-002 1.79465
2.1 -2.0000000000000000E-002 2.10137
2.1 -1.7999999999999999E-002 2.64
2.1 -1.6000000000000000E-002 3.45824
2.1 -1.4000000000000000E-002 4.55578
2.1 -1.2000000000000000E-002 6.01579
2.1 -1.0000000000000000E-002 7.87485
2.1 -8.0000000000000002E-003 10.4168
2.1 -6.0000000000000001E-003 14.5708
2.1 -4.0000000000000001E-003 20.9091
2.1 -2.0000000000000000E-003 29.7389
2.1 0.0000000000000000 36.1868
2.1 2.0000000000000000E-003 30.7428
2.1 4.0000000000000001E-003 21.2439
2.1 6.0000000000000001E-003 14.5248
2.1 8.0000000000000002E-003 10.3256
2.1 1.0000000000000000E-002 7.60383
2.1 1.2000000000000000E-002 5.6543
2.1 1.4000000000000000E-002 4.99635
2.1 1.6000000000000000E-002 4.18675
2.1 1.7999999999999999E-002 3.32414
2.1 2.0000000000000000E-002 2.65197
2.1 2.1999999999999999E-002 2.16119
2.1 2.4000000000000000E-002 1.83466
2.1 2.5999999999999999E-002 1.59707
2.1 2.8000000000000001E-002 1.68344
2.1 2.9999999999999999E-002 1.91992
2.1 3.2000000000000001E-002 1.80556
2.1 3.4000000000000002E-002 1.53525
2.1 3.5999999999999997E-002 1.23253
2.1 3.7999999999999999E-002 1.11393
2.1 4.0000000000000001E-002 0.944033
2.1 4.2000000000000003E-002 0.895003
2.1 4.3999999999999997E-002 0.984062
2.1 4.5999999999999999E-002 1.09253
2.1 4.8000000000000001E-002 1.33641
2.1 5.0000000000000003E-002 1.62499
      
2.2 -5.0000000000000003E-002 1.31654
2.2 -4.8000000000000001E-002 0.939737
2.2 -4.5999999999999999E-002 0.915874
2.2 -4.3999999999999997E-002 0.793185
2.2 -4.2000000000000003E-002 0.817921
2.2 -4.0000000000000001E-002 0.883228
2.2 -3.7999999999999999E-002 0.943179
2.2 -3.5999999999999997E-002 1.06618
2.2 -3.4000000000000002E-002 1.30099
2.2 -3.2000000000000001E-002 1.58127
2.2 -2.9999999999999999E-002 1.88597
2.2 -2.8000000000000001E-002 1.89654
2.2 -2.5999999999999999E-002 1.9365
2.2 -2.4000000000000000E-002 2.14103
2.2 -2.1999999999999999E-002 2.39586
2.2 -2.0000000000000000E-002 2.9345
2.2 -1.7999999999999999E-002 3.79967
2.2 -1.6000000000000000E-002 4.67378
2.2 -1.4000000000000000E-002 6.09131
2.2 -1.2000000000000000E-002 7.88926
2.2 -1.0000000000000000E-002 10.1188
2.2 -8.0000000000000002E-003 13.6225
2.2 -6.0000000000000001E-003 20.3201
2.2 -4.0000000000000001E-003 29.634
2.2 -2.0000000000000000E-003 42.2026
2.2 0.0000000000000000 47.1524
2.2 2.0000000000000000E-003 37.358
2.2 4.0000000000000001E-003 25.8147
2.2 6.0000000000000001E-003 17.6329
2.2 8.0000000000000002E-003 12.5688
2.2 1.0000000000000000E-002 8.99911
2.2 1.2000000000000000E-002 7.11703
2.2 1.4000000000000000E-002 6.20024
2.2 1.6000000000000000E-002 5.35522
2.2 1.7999999999999999E-002 4.10461
2.2 2.0000000000000000E-002 3.58139
2.2 2.1999999999999999E-002 2.52199
2.2 2.4000000000000000E-002 2.21196
2.2 2.5999999999999999E-002 2.13535
2.2 2.8000000000000001E-002 2.14054
2.2 2.9999999999999999E-002 2.3652
2.2 3.2000000000000001E-002 2.16795
2.2 3.4000000000000002E-002 1.92599
2.2 3.5999999999999997E-002 1.53497
2.2 3.7999999999999999E-002 1.29291
2.2 4.0000000000000001E-002 1.19459
2.2 4.2000000000000003E-002 1.04589
2.2 4.3999999999999997E-002 1.02572
2.2 4.5999999999999999E-002 1.12864
2.2 4.8000000000000001E-002 1.64574
2.2 5.0000000000000003E-002 1.84905
      
2.3 -5.0000000000000003E-002 0.583801
2.3 -4.8000000000000001E-002 0.781726
2.3 -4.5999999999999999E-002 0.603131
2.3 -4.3999999999999997E-002 0.594706
2.3 -4.2000000000000003E-002 0.613849
2.3 -4.0000000000000001E-002 0.624628
2.3 -3.7999999999999999E-002 0.679024
2.3 -3.5999999999999997E-002 0.759368
2.3 -3.4000000000000002E-002 0.856405
2.3 -3.2000000000000001E-002 1.02242
2.3 -2.9999999999999999E-002 1.21705
2.3 -2.8000000000000001E-002 1.46126
2.3 -2.5999999999999999E-002 1.54341
2.3 -2.4000000000000000E-002 1.58712
2.3 -2.1999999999999999E-002 1.76173
2.3 -2.0000000000000000E-002 2.0388
2.3 -1.7999999999999999E-002 2.52674
2.3 -1.6000000000000000E-002 3.18987
2.3 -1.4000000000000000E-002 4.2336
2.3 -1.2000000000000000E-002 5.64883
2.3 -1.0000000000000000E-002 7.41162
2.3 -8.0000000000000002E-003 9.81469
2.3 -6.0000000000000001E-003 14.3699
2.3 -4.0000000000000001E-003 21.464
2.3 -2.0000000000000000E-003 30.6999
2.3 0.0000000000000000 35.0856
2.3 2.0000000000000000E-003 28.498
2.3 4.0000000000000001E-003 19.6171
2.3 6.0000000000000001E-003 13.5922
2.3 8.0000000000000002E-003 9.59719
2.3 1.0000000000000000E-002 6.84999
2.3 1.2000000000000000E-002 5.93648
2.3 1.4000000000000000E-002 5.01623
2.3 1.6000000000000000E-002 4.36157
2.3 1.7999999999999999E-002 3.18696
2.3 2.0000000000000000E-002 2.47125
2.3 2.1999999999999999E-002 2.09692
2.3 2.4000000000000000E-002 1.86795
2.3 2.5999999999999999E-002 1.6421
2.3 2.8000000000000001E-002 1.7888
2.3 2.9999999999999999E-002 2.08748
2.3 3.2000000000000001E-002 1.8666
2.3 3.4000000000000002E-002 1.53386
2.3 3.5999999999999997E-002 1.29204
2.3 3.7999999999999999E-002 1.02767
2.3 4.0000000000000001E-002 0.871748
2.3 4.2000000000000003E-002 0.801792
2.3 4.3999999999999997E-002 0.850078
2.3 4.5999999999999999E-002 0.895581
2.3 4.8000000000000001E-002 0.833842
2.3 5.0000000000000003E-002 1.23854
      
2.4 -5.0000000000000003E-002 0.527932
2.4 -4.8000000000000001E-002 0.458938
2.4 -4.5999999999999999E-002 0.525215
2.4 -4.3999999999999997E-002 0.454144
2.4 -4.2000000000000003E-002 0.490828
2.4 -4.0000000000000001E-002 0.519741
2.4 -3.7999999999999999E-002 0.578802
2.4 -3.5999999999999997E-002 0.7209
2.4 -3.4000000000000002E-002 0.791057
2.4 -3.2000000000000001E-002 0.934228
2.4 -2.9999999999999999E-002 1.09732
2.4 -2.8000000000000001E-002 1.25501
2.4 -2.5999999999999999E-002 1.33285
2.4 -2.4000000000000000E-002 1.38238
2.4 -2.1999999999999999E-002 1.48661
2.4 -2.0000000000000000E-002 1.78158
2.4 -1.7999999999999999E-002 2.20892
2.4 -1.6000000000000000E-002 2.77664
2.4 -1.4000000000000000E-002 3.60946
2.4 -1.2000000000000000E-002 4.76638
2.4 -1.0000000000000000E-002 6.37015
2.4 -8.0000000000000002E-003 8.55548
2.4 -6.0000000000000001E-003 12.5199
2.4 -4.0000000000000001E-003 18.9423
2.4 -2.0000000000000000E-003 27.3978
2.4 0.0000000000000000 32.0885
2.4 2.0000000000000000E-003 26.8521
2.4 4.0000000000000001E-003 18.4827
2.4 6.0000000000000001E-003 12.5973
2.4 8.0000000000000002E-003 8.82304
2.4 1.0000000000000000E-002 6.33518
2.4 1.2000000000000000E-002 5.17317
2.4 1.4000000000000000E-002 4.59734
2.4 1.6000000000000000E-002 3.86527
2.4 1.7999999999999999E-002 3.04096
2.4 2.0000000000000000E-002 2.4642
2.4 2.1999999999999999E-002 1.98636
2.4 2.4000000000000000E-002 1.72451
2.4 2.5999999999999999E-002 1.48815
2.4 2.8000000000000001E-002 1.27326
2.4 2.9999999999999999E-002 1.54814
2.4 3.2000000000000001E-002 1.15136
2.4 3.4000000000000002E-002 1.70219
2.4 3.5999999999999997E-002 1.51674
2.4 3.7999999999999999E-002 0.895965
2.4 4.0000000000000001E-002 0.824571
2.4 4.2000000000000003E-002 0.691329
2.4 4.3999999999999997E-002 0.686129
2.4 4.5999999999999999E-002 0.672491
2.4 4.8000000000000001E-002 0.650417
2.4 5.0000000000000003E-002 0.686868
      
2.5 -5.0000000000000003E-002 0.432793
2.5 -4.8000000000000001E-002 0.486002
2.5 -4.5999999999999999E-002 0.480098
2.5 -4.3999999999999997E-002 0.551154
2.5 -4.2000000000000003E-002 0.540981
2.5 -4.0000000000000001E-002 0.581074
2.5 -3.7999999999999999E-002 0.645778
2.5 -3.5999999999999997E-002 0.741387
2.5 -3.4000000000000002E-002 0.904557
2.5 -3.2000000000000001E-002 0.983737
2.5 -2.9999999999999999E-002 1.14699
2.5 -2.8000000000000001E-002 1.32884
2.5 -2.5999999999999999E-002 1.48079
2.5 -2.4000000000000000E-002 1.62384
2.5 -2.1999999999999999E-002 1.78484
2.5 -2.0000000000000000E-002 2.04869
2.5 -1.7999999999999999E-002 2.50985
2.5 -1.6000000000000000E-002 3.17084
2.5 -1.4000000000000000E-002 4.05108
2.5 -1.2000000000000000E-002 5.3981
2.5 -1.0000000000000000E-002 7.29122
2.5 -8.0000000000000002E-003 10.1575
2.5 -6.0000000000000001E-003 15.0106
2.5 -4.0000000000000001E-003 23.2986
2.5 -2.0000000000000000E-003 32.9437
2.5 0.0000000000000000 36.5196
2.5 2.0000000000000000E-003 31.423
2.5 4.0000000000000001E-003 22.1825
2.5 6.0000000000000001E-003 14.4819
2.5 8.0000000000000002E-003 9.82884
2.5 1.0000000000000000E-002 7.5361
2.5 1.2000000000000000E-002 5.98404
2.5 1.4000000000000000E-002 4.82887
2.5 1.6000000000000000E-002 3.90567
2.5 1.7999999999999999E-002 3.00013
2.5 2.0000000000000000E-002 2.3161
2.5 2.1999999999999999E-002 1.9699
2.5 2.4000000000000000E-002 1.71366
2.5 2.5999999999999999E-002 1.62628
2.5 2.8000000000000001E-002 1.72166
2.5 2.9999999999999999E-002 1.55871
2.5 3.2000000000000001E-002 1.42661
2.5 3.4000000000000002E-002 1.13782
2.5 3.5999999999999997E-002 0.885753
2.5 3.7999999999999999E-002 0.879717
2.5 4.0000000000000001E-002 0.748923
2.5 4.2000000000000003E-002 0.676737
2.5 4.3999999999999997E-002 0.633057
2.5 4.5999999999999999E-002 0.619327
2.5 4.8000000000000001E-002 0.594365
2.5 5.0000000000000003E-002 0.6571
      
2.6 -5.0000000000000003E-002 0.514446
2.6 -4.8000000000000001E-002 0.520222
2.6 -4.5999999999999999E-002 0.555807
2.6 -4.3999999999999997E-002 0.588846
2.6 -4.2000000000000003E-002 0.637933
2.6 -4.0000000000000001E-002 0.689714
2.6 -3.7999999999999999E-002 0.759282
2.6 -3.5999999999999997E-002 0.861538
2.6 -3.4000000000000002E-002 1.00452
2.6 -3.2000000000000001E-002 1.12382
2.6 -2.9999999999999999E-002 1.42936
2.6 -2.8000000000000001E-002 1.56208
2.6 -2.5999999999999999E-002 1.61003
2.6 -2.4000000000000000E-002 1.84834
2.6 -2.1999999999999999E-002 1.99928
2.6 -2.0000000000000000E-002 2.37861
2.6 -1.7999999999999999E-002 2.95264
2.6 -1.6000000000000000E-002 3.78689
2.6 -1.4000000000000000E-002 4.86027
2.6 -1.2000000000000000E-002 6.41474
2.6 -1.0000000000000000E-002 8.62361
2.6 -8.0000000000000002E-003 11.9988
2.6 -6.0000000000000001E-003 17.9986
2.6 -4.0000000000000001E-003 28.0138
2.6 -2.0000000000000000E-003 38.8731
2.6 0.0000000000000000 42.5151
2.6 2.0000000000000000E-003 37.3361
2.6 4.0000000000000001E-003 26.6434
2.6 6.0000000000000001E-003 17.6553
2.6 8.0000000000000002E-003 11.7442
2.6 1.0000000000000000E-002 8.72127
2.6 1.2000000000000000E-002 6.945
2.6 1.4000000000000000E-002 5.77377
2.6 1.6000000000000000E-002 4.60883
2.6 1.7999999999999999E-002 3.63113
2.6 2.0000000000000000E-002 3.17861
2.6 2.1999999999999999E-002 2.32055
2.6 2.4000000000000000E-002 2.0214
2.6 2.5999999999999999E-002 1.76928
2.6 2.8000000000000001E-002 1.74618
2.6 2.9999999999999999E-002 1.83746
2.6 3.2000000000000001E-002 1.80544
2.6 3.4000000000000002E-002 1.32212
2.6 3.5999999999999997E-002 1.00791
2.6 3.7999999999999999E-002 0.849279
2.6 4.0000000000000001E-002 0.804588
2.6 4.2000000000000003E-002 0.725572
2.6 4.3999999999999997E-002 0.682053
2.6 4.5999999999999999E-002 0.64391
2.6 4.8000000000000001E-002 0.622641
2.6 5.0000000000000003E-002 0.593575
      
2.8 -5.0000000000000003E-002 0.287125
2.8 -4.8000000000000001E-002 0.309342
2.8 -4.5999999999999999E-002 0.325319
2.8 -4.3999999999999997E-002 0.352367
2.8 -4.2000000000000003E-002 0.37553
2.8 -4.0000000000000001E-002 0.415041
2.8 -3.7999999999999999E-002 0.462311
2.8 -3.5999999999999997E-002 0.505951
2.8 -3.4000000000000002E-002 0.57332
2.8 -3.2000000000000001E-002 0.685008
2.8 -2.9999999999999999E-002 0.809665
2.8 -2.8000000000000001E-002 0.863333
2.8 -2.5999999999999999E-002 0.923287
2.8 -2.4000000000000000E-002 1.03421
2.8 -2.1999999999999999E-002 1.1988
2.8 -2.0000000000000000E-002 1.4552
2.8 -1.7999999999999999E-002 1.78547
2.8 -1.6000000000000000E-002 2.28958
2.8 -1.4000000000000000E-002 2.93368
2.8 -1.2000000000000000E-002 3.79115
2.8 -1.0000000000000000E-002 5.01964
2.8 -8.0000000000000002E-003 7.15434
2.8 -6.0000000000000001E-003 10.9864
2.8 -4.0000000000000001E-003 17.0548
2.8 -2.0000000000000000E-003 23.5362
2.8 0.0000000000000000 25.7841
2.8 2.0000000000000000E-003 23.4552
2.8 4.0000000000000001E-003 17.7346
2.8 6.0000000000000001E-003 12.0939
2.8 8.0000000000000002E-003 8.09129
2.8 1.0000000000000000E-002 6.17564
2.8 1.2000000000000000E-002 5.13615
2.8 1.4000000000000000E-002 4.85872
2.8 1.6000000000000000E-002 3.88061
2.8 1.7999999999999999E-002 2.57483
2.8 2.0000000000000000E-002 2.04234
2.8 2.1999999999999999E-002 1.66247
2.8 2.4000000000000000E-002 1.42246
2.8 2.5999999999999999E-002 1.55827
2.8 2.8000000000000001E-002 1.42931
2.8 2.9999999999999999E-002 0.910517
2.8 3.2000000000000001E-002 1.10939
2.8 3.4000000000000002E-002 0.909425
2.8 3.5999999999999997E-002 0.820218
2.8 3.7999999999999999E-002 0.6294
2.8 4.0000000000000001E-002 0.577021
2.8 4.2000000000000003E-002 0.52198
2.8 4.3999999999999997E-002 0.465606
2.8 4.5999999999999999E-002 0.444815
2.8 4.8000000000000001E-002 0.433771
2.8 5.0000000000000003E-002 0.414446
      
3 -5.0000000000000003E-002 0.348929
3 -4.8000000000000001E-002 0.372988
3 -4.5999999999999999E-002 0.398965
3 -4.3999999999999997E-002 0.430484
3 -4.2000000000000003E-002 0.467866
3 -4.0000000000000001E-002 0.516147
3 -3.7999999999999999E-002 0.563223
3 -3.5999999999999997E-002 0.621489
3 -3.4000000000000002E-002 0.712369
3 -3.2000000000000001E-002 0.830159
3 -2.9999999999999999E-002 0.917141
3 -2.8000000000000001E-002 1.01102
3 -2.5999999999999999E-002 1.13193
3 -2.4000000000000000E-002 1.30234
3 -2.1999999999999999E-002 1.54057
3 -2.0000000000000000E-002 1.86651
3 -1.7999999999999999E-002 2.30977
3 -1.6000000000000000E-002 2.93365
3 -1.4000000000000000E-002 3.84855
3 -1.2000000000000000E-002 5.13578
3 -1.0000000000000000E-002 7.28169
3 -8.0000000000000002E-003 10.8804
3 -6.0000000000000001E-003 17.1385
3 -4.0000000000000001E-003 25.589
3 -2.0000000000000000E-003 29.9242
3 0.0000000000000000 28.8339
3 2.0000000000000000E-003 27.5503
3 4.0000000000000001E-003 22.911
3 6.0000000000000001E-003 15.3709
3 8.0000000000000002E-003 10.1392
3 1.0000000000000000E-002 7.34731
3 1.2000000000000000E-002 5.58303
3 1.4000000000000000E-002 4.29965
3 1.6000000000000000E-002 3.25759
3 1.7999999999999999E-002 2.48566
3 2.0000000000000000E-002 1.99104
3 2.1999999999999999E-002 1.63381
3 2.4000000000000000E-002 1.39631
3 2.5999999999999999E-002 1.21224
3 2.8000000000000001E-002 1.25695
3 2.9999999999999999E-002 1.07512
3 3.2000000000000001E-002 0.901592
3 3.4000000000000002E-002 0.875979
3 3.5999999999999997E-002 0.707153
3 3.7999999999999999E-002 0.607236
3 4.0000000000000001E-002 0.550134
3 4.2000000000000003E-002 0.51133
3 4.3999999999999997E-002 0.47764
3 4.5999999999999999E-002 0.45013
3 4.8000000000000001E-002 0.427994
3 5.0000000000000003E-002 0.406898
