# generlized Kondo-Heisenberg model
# U/W=1.4, Jh/U=0.25 n=1/2 L=36 Delta/t=2.0
# Spatial dependence of the chiral correlation function <kappa(r)kappa(L/2)>
# site, <kappa(r)kappa(L/2)>
           1  -4.4490190000000946E-004
           2  -4.1629699999999050E-004
           3  -9.3444200000001752E-004
           4  -7.9513300000000125E-004
           5  -1.5751120000000104E-003
           6  -1.3087949999999950E-003
           7  -2.4708720000000128E-003
           8  -2.1836280000000125E-003
           9  -4.1174190000000197E-003
          10  -3.8082089999999843E-003
          11  -7.2219200000000084E-003
          12  -7.2508999999999976E-003
          13  -1.4467150000000005E-002
          14  -1.8110539999999994E-002
          15  -4.3025600000000011E-002
          16  -9.6571250000000011E-002
          17  -2.1757625000000010E-002
          18  0.95350970000000013     
          19  -2.1757650000000010E-002
          20  -9.6571250000000011E-002
          21  -4.3025600000000011E-002
          22  -1.8110609999999999E-002
          23  -1.4467049999999988E-002
          24  -7.2509599999999990E-003
          25  -7.2217999999999970E-003
          26  -3.8085079999999960E-003
          27  -4.1175149999999969E-003
          28  -2.1837830000000146E-003
          29  -2.4708319999999675E-003
          30  -1.3087159999999884E-003
          31  -1.5749160000000078E-003
          32  -7.9489400000000042E-004
          33  -9.3435199999998553E-004
          34  -4.1644939999999487E-004
          35  -4.4502560000000751E-004
