# generlized Kondo-Heisenberg model
# U/W=2.5, Jh/U=0.25 n=1/2 L=36 Delta/t=2.0
# Spatial dependence of the chiral correlation function <kappa(r)kappa(L/2)>
# site, <kappa(r)kappa(L/2)>
           1   2.6133242000000001E-002
           2   9.9294600000000011E-002
           3   6.6148870000000012E-002
           4   8.2728350000000006E-002
           5   7.7435835000000008E-002
           6   8.9172000000000001E-002
           7   9.3542350000000024E-002
           8  0.10196805999999999     
           9  0.10849924999999999     
          10  0.11467690000000000     
          11  0.12325190000000000     
          12  0.13475570000000001     
          13  0.15190160000000003     
          14  0.17863304999999999     
          15  0.19123982000000006     
          16  0.21293705000000004     
          17  0.23783054999999997     
          18  0.99940769999999990     
          19  0.22376962600000000     
          20  0.21294080000000001     
          21  0.19124796000000002     
          22  0.17862394999999998     
          23  0.15186274999999999     
          24  0.13468745000000001     
          25  0.12316009999999997     
          26  0.11459285000000000     
          27  0.10844520000000001     
          28  0.10194850000000003     
          29   9.3484349999999994E-002
          30   8.9065699999999984E-002
          31   7.7280740000000014E-002
          32   8.2572549999999995E-002
          33   6.6054106500000001E-002
          34   9.9344750000000009E-002
          35   2.6170962999999998E-002
