# two-orbital Hubbard model
# U/W=2 Delta=0.8 Jh/U=0.25 n=2.5/2 L=48
# density of states DOS(omega)
# omega, DOS(omega) hole part orbital 0, DOS(omega) electron part orbital 0, DOS(omega) hole part orbital 1, DOS(omega) electron part orbital 1
  -2.0000000000000000        0.0000000000000000        2.3477824167817518E-005   0.0000000000000000        1.2046968114617242E-005
  -1.9800000000000000        0.0000000000000000        2.2440402082581638E-005   0.0000000000000000        1.4656505538221943E-005
  -1.9600000000000000        0.0000000000000000        2.2856198028379200E-005   0.0000000000000000        1.4199009377387915E-005
  -1.9399999999999999        0.0000000000000000        2.4193017318680639E-005   0.0000000000000000        1.2203516235942179E-005
  -1.9199999999999999        0.0000000000000000        2.1593129531613322E-005   0.0000000000000000        1.2281057958117441E-005
  -1.8999999999999999        0.0000000000000000        2.3998473753489834E-005   0.0000000000000000        1.2399179848231081E-005
  -1.8799999999999999        0.0000000000000000        2.3987704069854382E-005   0.0000000000000000        1.5577787355133098E-005
  -1.8600000000000001        0.0000000000000000        2.4088508308682215E-005   0.0000000000000000        1.4002656505346347E-005
  -1.8400000000000001        0.0000000000000000        2.4509042915279371E-005   0.0000000000000000        1.3033126505748362E-005
  -1.8200000000000001        0.0000000000000000        2.8671482561647248E-005   0.0000000000000000        1.3873334144251830E-005
  -1.8000000000000000        0.0000000000000000        2.9951524079822591E-005   0.0000000000000000        1.3811559238918878E-005
  -1.7800000000000000        0.0000000000000000        2.5086728745485049E-005   0.0000000000000000        1.5452772867492763E-005
  -1.7600000000000000        0.0000000000000000        2.7171136395025080E-005   0.0000000000000000        1.6448494737692165E-005
  -1.7400000000000000        0.0000000000000000        2.6774381249895011E-005   0.0000000000000000        1.3951651283648842E-005
  -1.7200000000000000        0.0000000000000000        3.0608560939054296E-005   0.0000000000000000        1.6311504361849211E-005
  -1.7000000000000000        0.0000000000000000        3.5684700545053966E-005   0.0000000000000000        1.3828963047673769E-005
  -1.6799999999999999        0.0000000000000000        3.4124044150073253E-005   0.0000000000000000        1.5511187631531461E-005
  -1.6599999999999999        0.0000000000000000        2.9920852020828817E-005   0.0000000000000000        1.4637723209961712E-005
  -1.6399999999999999        0.0000000000000000        3.7941681605168480E-005   0.0000000000000000        1.5289849093455640E-005
  -1.6200000000000001        0.0000000000000000        3.5893201620236311E-005   0.0000000000000000        1.5511359946469628E-005
  -1.6000000000000001        0.0000000000000000        4.0576118537338357E-005   0.0000000000000000        1.7236060162585541E-005
  -1.5800000000000001        0.0000000000000000        4.3696397437670735E-005   0.0000000000000000        1.5072818428834001E-005
  -1.5600000000000001        0.0000000000000000        4.2311157649744301E-005   0.0000000000000000        1.6654928033616520E-005
  -1.5400000000000000        0.0000000000000000        4.3975806109908938E-005   0.0000000000000000        1.8759324215983960E-005
  -1.5200000000000000        0.0000000000000000        4.1613195992697884E-005   0.0000000000000000        1.7196255411868903E-005
  -1.5000000000000000        0.0000000000000000        5.1864383979205233E-005   0.0000000000000000        2.0354357441129021E-005
  -1.4800000000000000        0.0000000000000000        5.4116540221051081E-005   0.0000000000000000        1.9363805019074633E-005
  -1.4600000000000000        0.0000000000000000        5.5240378247777812E-005   0.0000000000000000        1.6962940985590460E-005
  -1.4399999999999999        0.0000000000000000        5.6392475924363990E-005   0.0000000000000000        1.7751023355298340E-005
  -1.4199999999999999        0.0000000000000000        5.3513265622527575E-005   0.0000000000000000        2.1589080130566390E-005
  -1.3999999999999999        0.0000000000000000        5.5677024301093590E-005   0.0000000000000000        1.8468284285419482E-005
  -1.3799999999999999        0.0000000000000000        5.9532484885116554E-005   0.0000000000000000        1.7559581458994538E-005
  -1.3600000000000001        0.0000000000000000        7.0988929706634654E-005   0.0000000000000000        2.0629630554851191E-005
  -1.3400000000000001        0.0000000000000000        8.4369012340382776E-005   0.0000000000000000        1.7986060930958460E-005
  -1.3200000000000001        0.0000000000000000        6.5337775151970906E-005   0.0000000000000000        2.1530406894120447E-005
  -1.3000000000000000        0.0000000000000000        8.4457323746193463E-005   0.0000000000000000        2.2935462899936128E-005
  -1.2800000000000000        0.0000000000000000        8.0437043923813591E-005   0.0000000000000000        2.1943618115845481E-005
  -1.2600000000000000        0.0000000000000000        8.5504136995559468E-005   0.0000000000000000        2.3327479384266609E-005
  -1.2400000000000000        0.0000000000000000        9.9270808193085755E-005   0.0000000000000000        2.1796030371305246E-005
  -1.2200000000000000        0.0000000000000000        1.0054387095626534E-004   0.0000000000000000        2.0540285259411476E-005
  -1.2000000000000000        0.0000000000000000        1.4413601785634493E-004   0.0000000000000000        2.3263809014613802E-005
  -1.1799999999999999        0.0000000000000000        1.1555715457396254E-004   0.0000000000000000        2.6817287669498652E-005
  -1.1599999999999999        0.0000000000000000        1.0722512421129285E-004   0.0000000000000000        2.4298043273493591E-005
  -1.1399999999999999        0.0000000000000000        1.4450167015513576E-004   0.0000000000000000        2.4994626411034654E-005
  -1.1200000000000001        0.0000000000000000        1.4592490538692810E-004   0.0000000000000000        2.3863206527028550E-005
  -1.1000000000000001        0.0000000000000000        1.2049035893875255E-004   0.0000000000000000        2.9345664757226578E-005
  -1.0800000000000001        0.0000000000000000        1.7007691175032499E-004   0.0000000000000000        3.3890040464042154E-005
  -1.0600000000000001        0.0000000000000000        1.4889501181864780E-004   0.0000000000000000        2.6450601481078756E-005
  -1.0400000000000000        0.0000000000000000        1.7554524015559326E-004   0.0000000000000000        3.2450349155654851E-005
  -1.0200000000000000        0.0000000000000000        1.7624414954479965E-004   0.0000000000000000        2.5913754291218723E-005
  -1.0000000000000000        0.0000000000000000        2.3131970855422054E-004   0.0000000000000000        3.3218442992535320E-005
 -0.97999999999999998        0.0000000000000000        2.0024081399143878E-004   0.0000000000000000        3.1962870195579721E-005
 -0.95999999999999996        0.0000000000000000        1.7702826867092969E-004   0.0000000000000000        2.9361948518883383E-005
 -0.93999999999999995        0.0000000000000000        2.6515615907249265E-004   0.0000000000000000        3.7953571335902024E-005
 -0.92000000000000004        0.0000000000000000        2.7129668805155131E-004   0.0000000000000000        2.9766113206354646E-005
 -0.90000000000000002        0.0000000000000000        2.3594222908549496E-004   0.0000000000000000        3.5002419547380786E-005
 -0.88000000000000000        0.0000000000000000        2.3992201489740538E-004   0.0000000000000000        4.0200902759479172E-005
 -0.85999999999999999        0.0000000000000000        2.0288395282798608E-004   0.0000000000000000        3.2398223886859251E-005
 -0.83999999999999997        0.0000000000000000        2.9336187435627386E-004   0.0000000000000000        3.6064913456119981E-005
 -0.81999999999999995        0.0000000000000000        3.6460074688072006E-004   0.0000000000000000        3.3392394922615153E-005
 -0.80000000000000004        0.0000000000000000        4.1715568297463041E-004   0.0000000000000000        3.8676863288859019E-005
 -0.78000000000000003        0.0000000000000000        3.1963171746721505E-004   0.0000000000000000        3.1131105989046442E-005
 -0.76000000000000001        0.0000000000000000        2.9031379541503337E-004   0.0000000000000000        4.1142173109217723E-005
 -0.73999999999999999        0.0000000000000000        3.9745879318007853E-004   0.0000000000000000        3.3007012563404111E-005
 -0.71999999999999997        0.0000000000000000        2.9849134543563633E-004   0.0000000000000000        4.3034621917639466E-005
 -0.69999999999999996        0.0000000000000000        3.8408284610484650E-004   0.0000000000000000        4.2266269608351722E-005
 -0.68000000000000005        0.0000000000000000        3.6004000125477867E-004   0.0000000000000000        3.9745905165248595E-005
 -0.66000000000000003        0.0000000000000000        4.1477049960051950E-004   0.0000000000000000        3.9731086080566221E-005
 -0.64000000000000001        0.0000000000000000        5.3655580529959879E-004   0.0000000000000000        3.8044467465785235E-005
 -0.62000000000000000        0.0000000000000000        4.0731124439966694E-004   0.0000000000000000        4.5268426618570509E-005
 -0.59999999999999998        0.0000000000000000        6.2609512735968965E-004   0.0000000000000000        4.5603665330774859E-005
 -0.57999999999999996        0.0000000000000000        3.6881737957514163E-004   0.0000000000000000        4.4937409622351223E-005
 -0.56000000000000005        0.0000000000000000        5.9948754696994059E-004   0.0000000000000000        4.2902887147410597E-005
 -0.54000000000000004        0.0000000000000000        6.1295464864746308E-004   0.0000000000000000        4.4440625655615066E-005
 -0.52000000000000002        0.0000000000000000        7.6865911603513494E-004   0.0000000000000000        5.5275961282509351E-005
 -0.50000000000000000        0.0000000000000000        5.9218828618917620E-004   0.0000000000000000        4.4594330580460237E-005
 -0.47999999999999998        0.0000000000000000        7.3455083870190398E-004   0.0000000000000000        5.2551317480208944E-005
 -0.46000000000000002        0.0000000000000000        9.8863197206851164E-004   0.0000000000000000        5.1120586548606321E-005
 -0.44000000000000000        0.0000000000000000        8.6720577070057260E-004   0.0000000000000000        6.0362353627329983E-005
 -0.41999999999999998        0.0000000000000000        5.2346727954122958E-004   0.0000000000000000        4.8585575335758977E-005
 -0.40000000000000002        0.0000000000000000        8.1503199524988817E-004   0.0000000000000000        5.2888710129140386E-005
 -0.38000000000000000        0.0000000000000000        7.9068018971568651E-004   0.0000000000000000        6.1727001780145435E-005
 -0.35999999999999999        0.0000000000000000        1.1814772873862196E-003   0.0000000000000000        5.6113153409594886E-005
 -0.34000000000000002        0.0000000000000000        1.0136785514334036E-003   0.0000000000000000        6.6194697339476592E-005
 -0.32000000000000001        0.0000000000000000        1.1058644586288055E-003   0.0000000000000000        6.0797104216325925E-005
 -0.29999999999999999        0.0000000000000000        1.4082644238068891E-003   0.0000000000000000        6.3593431032903894E-005
 -0.28000000000000003        0.0000000000000000        1.4558448861083189E-003   0.0000000000000000        6.6869827267215857E-005
 -0.26000000000000001        0.0000000000000000        1.1332356526670420E-003   0.0000000000000000        8.0086986126926785E-005
 -0.23999999999999999        0.0000000000000000        1.6535754160805372E-003   0.0000000000000000        7.0228762356909879E-005
 -0.22000000000000000        0.0000000000000000        1.9209551271151398E-003   0.0000000000000000        8.4825733083995040E-005
 -0.20000000000000001        0.0000000000000000        2.3805192395221098E-003   0.0000000000000000        7.3134939946569466E-005
 -0.17999999999999999        0.0000000000000000        1.8641073951241370E-003   0.0000000000000000        8.4481103207660550E-005
 -0.16000000000000000        0.0000000000000000        1.8561142220873735E-003   0.0000000000000000        1.0442948665446754E-004
 -0.14000000000000001        0.0000000000000000        2.8911678384981399E-003   0.0000000000000000        9.1137026166777477E-005
 -0.12000000000000000        0.0000000000000000        3.1806144589868472E-003   0.0000000000000000        9.9202571477571553E-005
 -0.10000000000000001        0.0000000000000000        1.6481418091353092E-003   0.0000000000000000        1.3023580258173900E-004
  -8.0000000000000002E-002   0.0000000000000000        1.7698429389870940E-003   0.0000000000000000        1.0320665369576374E-004
  -5.9999999999999998E-002   0.0000000000000000        2.9311550707342912E-003   0.0000000000000000        1.2181890711202190E-004
  -4.0000000000000001E-002   0.0000000000000000        2.6854407753478639E-003   0.0000000000000000        1.3330611015000289E-004
  -2.0000000000000000E-002   0.0000000000000000        3.2343375180465929E-003   0.0000000000000000        1.6727860331195807E-004
   0.0000000000000000        0.0000000000000000        2.0349044110010632E-003   0.0000000000000000        1.2289777093988700E-004
   2.0000000000000000E-002   0.0000000000000000        3.3810677372970452E-003   0.0000000000000000        1.5161500311761773E-004
   4.0000000000000001E-002   0.0000000000000000        3.4320467671239471E-003   0.0000000000000000        1.3518813390466549E-004
   5.9999999999999998E-002   0.0000000000000000        3.8336378448362149E-003   0.0000000000000000        1.6726206107789404E-004
   8.0000000000000002E-002   0.0000000000000000        3.9507510033018273E-003   0.0000000000000000        2.0167145876557214E-004
  0.10000000000000001        0.0000000000000000        3.4689847142142915E-003   0.0000000000000000        2.0930656136082447E-004
  0.12000000000000000        0.0000000000000000        3.0778270475356434E-003   0.0000000000000000        1.8863790147247847E-004
  0.14000000000000001        0.0000000000000000        4.7946285192009119E-003   0.0000000000000000        2.5015304203614722E-004
  0.16000000000000000        0.0000000000000000        4.1599254852625464E-003   0.0000000000000000        2.9409498826070635E-004
  0.17999999999999999        0.0000000000000000        3.1714494582130771E-003   0.0000000000000000        3.3181903609896959E-004
  0.20000000000000001        0.0000000000000000        5.8936423389904713E-003   0.0000000000000000        3.3707076462696160E-004
  0.22000000000000000        0.0000000000000000        2.9101715052964458E-003   0.0000000000000000        2.5915486056347296E-004
  0.23999999999999999        0.0000000000000000        2.7653420921289144E-003   0.0000000000000000        2.8667278077155968E-004
  0.26000000000000001        0.0000000000000000        2.6698833211554339E-003   0.0000000000000000        3.3033859230770577E-004
  0.28000000000000003        0.0000000000000000        3.2292863641066277E-003   0.0000000000000000        3.6963880488538478E-004
  0.29999999999999999        0.0000000000000000        2.7496802150839567E-003   0.0000000000000000        3.3731915661032978E-004
  0.32000000000000001        0.0000000000000000        2.6438285270873247E-003   0.0000000000000000        4.8209101658851190E-004
  0.34000000000000002        0.0000000000000000        2.6659356720794909E-003   0.0000000000000000        5.8682282980199380E-004
  0.35999999999999999        0.0000000000000000        2.7821781231625454E-003   0.0000000000000000        5.5565200521969990E-004
  0.38000000000000000        0.0000000000000000        2.2993439122457179E-003   0.0000000000000000        4.7569149825738775E-004
  0.40000000000000002        0.0000000000000000        2.4805984632476062E-003   0.0000000000000000        5.3791692099618192E-004
  0.41999999999999998        0.0000000000000000        3.7018769688942263E-003   0.0000000000000000        5.9785805075716209E-004
  0.44000000000000000        0.0000000000000000        4.2151363114984290E-003   0.0000000000000000        5.9005502725466578E-004
  0.46000000000000002        0.0000000000000000        1.8472041612646220E-003   0.0000000000000000        7.2656481673507385E-004
  0.47999999999999998        0.0000000000000000        4.2699042021857522E-003   0.0000000000000000        7.6169026914830638E-004
  0.50000000000000000        0.0000000000000000        3.2951241110516904E-003   0.0000000000000000        8.7212691301969108E-004
  0.52000000000000002        0.0000000000000000        3.3941711682975656E-003   0.0000000000000000        9.1744849879668599E-004
  0.54000000000000004        0.0000000000000000        2.8260079785198270E-003   0.0000000000000000        7.5620212452514896E-004
  0.56000000000000005        0.0000000000000000        3.1821333290093226E-003   0.0000000000000000        7.1350653224835328E-004
  0.57999999999999996        0.0000000000000000        2.3296044831671442E-003   0.0000000000000000        8.2888198072001850E-004
  0.59999999999999998        0.0000000000000000        3.9205349757919193E-003   0.0000000000000000        1.1046339576553531E-003
  0.62000000000000000        0.0000000000000000        3.8909570304980425E-003   0.0000000000000000        9.2916238213582589E-004
  0.64000000000000001        0.0000000000000000        2.4453119825246583E-003   0.0000000000000000        1.1589179018388336E-003
  0.66000000000000003        0.0000000000000000        2.8691597745954191E-003   0.0000000000000000        8.5217008614091392E-004
  0.68000000000000005        0.0000000000000000        2.6699795590484012E-003   0.0000000000000000        1.2389792991974419E-003
  0.69999999999999996        0.0000000000000000        3.6903033499147558E-003   0.0000000000000000        1.0850040983717479E-003
  0.71999999999999997        0.0000000000000000        2.0442410374532476E-003   0.0000000000000000        1.2274496205272032E-003
  0.73999999999999999        0.0000000000000000        2.2592234805623636E-003   0.0000000000000000        1.6042831771833537E-003
  0.76000000000000001        0.0000000000000000        2.1675243630672847E-003   0.0000000000000000        1.4037489970096853E-003
  0.78000000000000003        0.0000000000000000        1.7647471554781428E-003   0.0000000000000000        9.8848111034014635E-004
  0.80000000000000004        0.0000000000000000        1.7315225953053030E-003   0.0000000000000000        1.0007681131636306E-003
  0.81999999999999995        0.0000000000000000        2.2316928952063218E-003   0.0000000000000000        1.5085459452697945E-003
  0.83999999999999997        0.0000000000000000        1.6907701985862194E-003   0.0000000000000000        1.0469899583350803E-003
  0.85999999999999999        0.0000000000000000        1.3178861864703315E-003   0.0000000000000000        1.2501959677825010E-003
  0.88000000000000000        0.0000000000000000        1.4297601092409689E-003   0.0000000000000000        1.4881191293971666E-003
  0.90000000000000002        0.0000000000000000        1.6559179515074512E-003   0.0000000000000000        1.3160208772646702E-003
  0.92000000000000004        0.0000000000000000        1.3219286087622656E-003   0.0000000000000000        1.3758900655389658E-003
  0.93999999999999995        0.0000000000000000        8.0187661129551050E-004   0.0000000000000000        1.2165617288441683E-003
  0.95999999999999996        0.0000000000000000        6.4160054244079268E-004   0.0000000000000000        1.6863676380735151E-003
  0.97999999999999998        0.0000000000000000        6.0997394484704640E-004   0.0000000000000000        1.7336320747783462E-003
   1.0000000000000000        0.0000000000000000        5.6771913418208250E-004   0.0000000000000000        1.6763481275213739E-003
   1.0200000000000000        0.0000000000000000        4.9535582052862611E-004   0.0000000000000000        1.7133331165898381E-003
   1.0400000000000000        0.0000000000000000        3.5493008792089820E-004   0.0000000000000000        1.6621366253109688E-003
   1.0600000000000001        0.0000000000000000        3.0872719739264673E-004   0.0000000000000000        1.3864854526144624E-003
   1.0800000000000001        0.0000000000000000        3.1360982732308446E-004   0.0000000000000000        1.6169423802732796E-003
   1.1000000000000001        0.0000000000000000        2.9551693113046240E-004   0.0000000000000000        1.9723098896647145E-003
   1.1200000000000001        0.0000000000000000        2.9601449051442025E-004   0.0000000000000000        1.9944875114665918E-003
   1.1399999999999999        0.0000000000000000        2.3161479788583189E-004   0.0000000000000000        1.7276825569082460E-003
   1.1599999999999999        0.0000000000000000        2.5537823406366158E-004   0.0000000000000000        1.7693450349732594E-003
   1.1799999999999999        0.0000000000000000        2.5116504766800347E-004   0.0000000000000000        2.2177227200668201E-003
   1.2000000000000000        0.0000000000000000        2.1634838362396706E-004   0.0000000000000000        2.6418802482389377E-003
   1.2200000000000000        0.0000000000000000        2.2719647055628563E-004   0.0000000000000000        3.7347458710346895E-003
   1.2400000000000000        0.0000000000000000        1.8041934049659188E-004   0.0000000000000000        4.0769860838066677E-003
   1.2600000000000000        0.0000000000000000        2.0185316486786962E-004   0.0000000000000000        4.7712044572938029E-003
   1.2800000000000000        0.0000000000000000        2.0718433058235675E-004   0.0000000000000000        6.4592542337937051E-003
   1.3000000000000000        0.0000000000000000        1.9215484936047181E-004   0.0000000000000000        6.0306625253177303E-003
   1.3200000000000001        0.0000000000000000        2.5110818373840838E-004   0.0000000000000000        4.9424904168077783E-003
   1.3400000000000001        0.0000000000000000        1.9833199526389113E-004   0.0000000000000000        5.6073888004634720E-003
   1.3600000000000001        0.0000000000000000        2.0234745026800229E-004   0.0000000000000000        6.0516012027141859E-003
   1.3799999999999999        0.0000000000000000        2.0825113236455024E-004   0.0000000000000000        6.2928951891492784E-003
   1.3999999999999999        0.0000000000000000        1.9733196552023749E-004   0.0000000000000000        4.0775162107139409E-003
   1.4199999999999999        0.0000000000000000        1.8146787689533951E-004   0.0000000000000000        4.3462793522296185E-003
   1.4399999999999999        0.0000000000000000        2.1533965197593596E-004   0.0000000000000000        4.7850443623400508E-003
   1.4600000000000000        0.0000000000000000        1.6046811385330510E-004   0.0000000000000000        5.4091831120492585E-003
   1.4800000000000000        0.0000000000000000        1.6384841599533182E-004   0.0000000000000000        5.5882437492584015E-003
   1.5000000000000000        0.0000000000000000        1.6908265455709996E-004   0.0000000000000000        5.8388510134715597E-003
   1.5200000000000000        0.0000000000000000        1.4634897244975771E-004   0.0000000000000000        5.9756971617112662E-003
   1.5400000000000000        0.0000000000000000        1.2154828650163026E-004   0.0000000000000000        7.7292728812756234E-003
   1.5600000000000001        0.0000000000000000        1.4207745744753000E-004   0.0000000000000000        6.1496102347725415E-003
   1.5800000000000001        0.0000000000000000        1.2691089969233302E-004   0.0000000000000000        5.2995121496056214E-003
   1.6000000000000001        0.0000000000000000        1.0394519552074850E-004   0.0000000000000000        4.7877102467484356E-003
   1.6200000000000001        0.0000000000000000        1.0466349034049870E-004   0.0000000000000000        3.3753397302799595E-003
   1.6399999999999999        0.0000000000000000        9.6214199662406208E-005   0.0000000000000000        2.9224291284229726E-003
   1.6599999999999999        0.0000000000000000        1.0396070386518357E-004   0.0000000000000000        2.3537687238911515E-003
   1.6799999999999999        0.0000000000000000        8.5331218955108656E-005   0.0000000000000000        2.5269377410494175E-003
   1.7000000000000000        0.0000000000000000        8.7784897517141064E-005   0.0000000000000000        2.0353669042951043E-003
   1.7200000000000000        0.0000000000000000        8.3470303780371530E-005   0.0000000000000000        1.5895895377759566E-003
   1.7400000000000000        0.0000000000000000        8.6857498519924979E-005   0.0000000000000000        1.7091613719368084E-003
   1.7600000000000000        0.0000000000000000        8.6083890605023156E-005   0.0000000000000000        1.4219055635719599E-003
   1.7800000000000000        0.0000000000000000        9.2344092308638986E-005   0.0000000000000000        1.2362904969022812E-003
   1.8000000000000000        0.0000000000000000        1.0095070652527818E-004   0.0000000000000000        1.1528838634915618E-003
   1.8200000000000001        0.0000000000000000        1.0345134090796120E-004   0.0000000000000000        9.9063987188550539E-004
   1.8400000000000001        0.0000000000000000        1.0279516562342037E-004   0.0000000000000000        1.0481336125796963E-003
   1.8600000000000001        0.0000000000000000        9.8290163879976032E-005   0.0000000000000000        8.3818267950759541E-004
   1.8799999999999999        0.0000000000000000        9.0505836548270869E-005   0.0000000000000000        8.3855022727070570E-004
   1.8999999999999999        0.0000000000000000        8.9421458642384430E-005   0.0000000000000000        8.3875304195292868E-004
   1.9199999999999999        0.0000000000000000        9.2148687168757375E-005   0.0000000000000000        7.4086144252493368E-004
   1.9399999999999999        0.0000000000000000        9.5058052584773067E-005   0.0000000000000000        7.8461668551398859E-004
   1.9600000000000000        0.0000000000000000        9.8385798670658838E-005   0.0000000000000000        7.3825707454947421E-004
   1.9800000000000000        0.0000000000000000        1.1423213885692556E-004   0.0000000000000000        7.5232245369231325E-004
   2.0000000000000000        0.0000000000000000        1.1870569312415438E-004   0.0000000000000000        6.5564808698753165E-004
   2.0200000000000000        0.0000000000000000        1.3556464204456095E-004   0.0000000000000000        5.7270730701214779E-004
   2.0400000000000000        0.0000000000000000        1.3002712919161848E-004   0.0000000000000000        5.3736103300565429E-004
   2.0600000000000001        0.0000000000000000        1.2403039702846031E-004   0.0000000000000000        5.6867763602563794E-004
   2.0800000000000001        0.0000000000000000        1.3836958460804722E-004   0.0000000000000000        5.1293461510322600E-004
   2.1000000000000001        0.0000000000000000        1.2047958925511704E-004   0.0000000000000000        4.8996184601917683E-004
   2.1200000000000001        0.0000000000000000        1.2596420142204219E-004   0.0000000000000000        5.8067721753225939E-004
   2.1400000000000001        0.0000000000000000        1.3051081722305390E-004   0.0000000000000000        5.2333838796748066E-004
   2.1600000000000001        0.0000000000000000        1.4603044828655559E-004   0.0000000000000000        5.0764032478550682E-004
   2.1800000000000002        0.0000000000000000        1.6307006941963047E-004   0.0000000000000000        4.7922093897839816E-004
   2.2000000000000002        0.0000000000000000        1.8837641355380966E-004   0.0000000000000000        4.8783789209132748E-004
   2.2200000000000002        0.0000000000000000        2.0979938208398285E-004   0.0000000000000000        4.2103337218567715E-004
   2.2400000000000002        0.0000000000000000        1.6336834657759797E-004   0.0000000000000000        4.2675801906146916E-004
   2.2599999999999998        0.0000000000000000        1.7171803922142975E-004   0.0000000000000000        4.1992306088159631E-004
   2.2799999999999998        0.0000000000000000        1.7790716101305162E-004   0.0000000000000000        5.3715167035578112E-004
   2.2999999999999998        0.0000000000000000        1.8693379289147350E-004   0.0000000000000000        4.9993250528634794E-004
   2.3199999999999998        0.0000000000000000        1.9099017269339944E-004   0.0000000000000000        5.4175230688990840E-004
   2.3399999999999999        0.0000000000000000        2.2721068653868448E-004   0.0000000000000000        4.3192341780543946E-004
   2.3599999999999999        0.0000000000000000        2.5828199924418692E-004   0.0000000000000000        3.9804285466299650E-004
   2.3799999999999999        0.0000000000000000        3.3097167739053218E-004   0.0000000000000000        4.7908722258638048E-004
   2.3999999999999999        0.0000000000000000        3.1704061774199432E-004   0.0000000000000000        4.9722991779613268E-004
   2.4199999999999999        0.0000000000000000        3.0197762126463586E-004   0.0000000000000000        4.4012190409102939E-004
   2.4399999999999999        0.0000000000000000        2.9075457702686526E-004   0.0000000000000000        4.2922315656688956E-004
   2.4600000000000000        0.0000000000000000        3.0512943379865283E-004   0.0000000000000000        4.8115620804895464E-004
   2.4800000000000000        0.0000000000000000        3.0415413124862634E-004   0.0000000000000000        5.4739519032754029E-004
   2.5000000000000000        0.0000000000000000        3.3668305601608538E-004   0.0000000000000000        5.2771027642119076E-004
   2.5200000000000000        0.0000000000000000        3.4539340382550130E-004   0.0000000000000000        4.2935058346366448E-004
   2.5400000000000000        0.0000000000000000        3.7564794372409101E-004   0.0000000000000000        4.3645788540331025E-004
   2.5600000000000001        0.0000000000000000        4.2956132463304285E-004   0.0000000000000000        4.7921301249124261E-004
   2.5800000000000001        0.0000000000000000        4.3629797714069105E-004   0.0000000000000000        6.1534000433651230E-004
   2.6000000000000001        0.0000000000000000        4.4133879218436649E-004   0.0000000000000000        6.3328169417089229E-004
   2.6200000000000001        0.0000000000000000        4.0198447271610300E-004   0.0000000000000000        5.1429745394919099E-004
   2.6400000000000001        0.0000000000000000        4.3826658915178273E-004   0.0000000000000000        4.4639382321044069E-004
   2.6600000000000001        0.0000000000000000        4.6347936627453711E-004   0.0000000000000000        4.3981044484029232E-004
   2.6800000000000002        0.0000000000000000        4.5960676035416656E-004   0.0000000000000000        5.4432359039723998E-004
   2.7000000000000002        0.0000000000000000        4.8712063116120626E-004   0.0000000000000000        6.6886679668168596E-004
   2.7200000000000002        0.0000000000000000        5.6643444016057660E-004   0.0000000000000000        6.6427632672891074E-004
   2.7400000000000002        0.0000000000000000        5.2149634127847302E-004   0.0000000000000000        6.5751830716892978E-004
   2.7599999999999998        0.0000000000000000        5.5808155969038864E-004   0.0000000000000000        5.7390584356457007E-004
   2.7799999999999998        0.0000000000000000        5.5588911057461788E-004   0.0000000000000000        5.3168248037582214E-004
   2.7999999999999998        0.0000000000000000        5.9232303647082307E-004   0.0000000000000000        5.4911765044945971E-004
   2.8199999999999998        0.0000000000000000        5.8441412543882285E-004   0.0000000000000000        5.2019820669178980E-004
   2.8399999999999999        0.0000000000000000        5.9987448016359489E-004   0.0000000000000000        5.3211921258660691E-004
   2.8599999999999999        0.0000000000000000        7.0143948944343954E-004   0.0000000000000000        5.8540648716772815E-004
   2.8799999999999999        0.0000000000000000        7.0675618070312088E-004   0.0000000000000000        6.1121659402363934E-004
   2.8999999999999999        0.0000000000000000        7.6184845426154383E-004   0.0000000000000000        7.0246019697967359E-004
   2.9199999999999999        0.0000000000000000        7.5252328675274726E-004   0.0000000000000000        6.5654774327970249E-004
   2.9399999999999999        0.0000000000000000        7.2368207397700509E-004   0.0000000000000000        7.2162256583603037E-004
   2.9600000000000000        0.0000000000000000        7.5527007302460215E-004   0.0000000000000000        6.5544475536049457E-004
   2.9800000000000000        0.0000000000000000        7.9437591435202850E-004   0.0000000000000000        6.0356400146216308E-004
   3.0000000000000000        0.0000000000000000        9.2692728507285868E-004   0.0000000000000000        6.0925461613766697E-004
   3.0200000000000000        0.0000000000000000        1.0114455221496943E-003   0.0000000000000000        7.6483045042399691E-004
   3.0400000000000000        0.0000000000000000        1.0443656879842624E-003   0.0000000000000000        6.1783521079864282E-004
   3.0600000000000001        0.0000000000000000        1.0351069478841291E-003   0.0000000000000000        6.0969203760820453E-004
   3.0800000000000001        0.0000000000000000        1.0855803195249792E-003   0.0000000000000000        6.1675040210541104E-004
   3.1000000000000001        0.0000000000000000        1.2164717804464447E-003   0.0000000000000000        6.4852398434141428E-004
   3.1200000000000001        0.0000000000000000        1.2962997772213059E-003   0.0000000000000000        7.5615887347566879E-004
   3.1400000000000001        0.0000000000000000        1.5285207790596102E-003   0.0000000000000000        8.4587654149676254E-004
   3.1600000000000001        0.0000000000000000        1.4170153517842439E-003   0.0000000000000000        9.0913585386456037E-004
   3.1800000000000002        0.0000000000000000        1.3742399776910763E-003   0.0000000000000000        8.2051583199959179E-004
   3.2000000000000002        0.0000000000000000        1.5505850176321728E-003   0.0000000000000000        7.8630907667919805E-004
   3.2200000000000002        0.0000000000000000        1.7986407283984178E-003   0.0000000000000000        8.3334907317706634E-004
   3.2400000000000002        0.0000000000000000        1.9650003761451295E-003   0.0000000000000000        1.0169424548346984E-003
   3.2599999999999998        0.0000000000000000        2.2029424924029936E-003   0.0000000000000000        1.0915740361767195E-003
   3.2799999999999998        0.0000000000000000        2.0218495728131056E-003   0.0000000000000000        1.0780345622251667E-003
   3.2999999999999998        0.0000000000000000        2.2963386535666121E-003   0.0000000000000000        1.0397404965714467E-003
   3.3199999999999998        0.0000000000000000        2.1608065790453650E-003   0.0000000000000000        1.0886990475908686E-003
   3.3399999999999999        0.0000000000000000        2.4597150989463050E-003   0.0000000000000000        1.2289895991296042E-003
   3.3599999999999999        0.0000000000000000        2.9024922039195527E-003   0.0000000000000000        1.2942357888919389E-003
   3.3799999999999999        0.0000000000000000        3.1011422925593009E-003   0.0000000000000000        1.4430819494256166E-003
   3.3999999999999999        0.0000000000000000        3.2800019243930710E-003   0.0000000000000000        1.4102207152999013E-003
   3.4199999999999999        0.0000000000000000        3.0733040388811602E-003   0.0000000000000000        1.3853054399178928E-003
   3.4399999999999999        0.0000000000000000        3.0420981482089508E-003   0.0000000000000000        1.5820277551868952E-003
   3.4600000000000000        0.0000000000000000        3.2798983631152330E-003   0.0000000000000000        1.8044998670834493E-003
   3.4800000000000000        0.0000000000000000        3.3862528661014368E-003   0.0000000000000000        2.0203243271379183E-003
   3.5000000000000000        0.0000000000000000        3.6107617405671264E-003   0.0000000000000000        1.8359351089383606E-003
   3.5200000000000000        0.0000000000000000        3.2920917989272924E-003   0.0000000000000000        1.8364066487666548E-003
   3.5400000000000000        0.0000000000000000        3.3735016468345301E-003   0.0000000000000000        2.1350020724249441E-003
   3.5600000000000001        0.0000000000000000        3.7318627836467450E-003   0.0000000000000000        2.3288680952788859E-003
   3.5800000000000001        0.0000000000000000        3.8718898656450226E-003   0.0000000000000000        2.5732689200491351E-003
   3.6000000000000001        0.0000000000000000        3.6178125232070551E-003   0.0000000000000000        2.3938070475064692E-003
   3.6200000000000001        0.0000000000000000        3.2668690275381241E-003   0.0000000000000000        2.5604978845643386E-003
   3.6400000000000001        0.0000000000000000        3.0165690870171897E-003   0.0000000000000000        2.9387055666949030E-003
   3.6600000000000001        0.0000000000000000        3.0752449081872077E-003   0.0000000000000000        3.5256860646653209E-003
   3.6800000000000002        0.0000000000000000        3.4256666342233674E-003   0.0000000000000000        3.6460985372520219E-003
   3.7000000000000002        0.0000000000000000        3.6295457919767386E-003   0.0000000000000000        3.7349075024466901E-003
   3.7200000000000002        0.0000000000000000        3.9079931191748846E-003   0.0000000000000000        3.9227765346650668E-003
   3.7400000000000002        0.0000000000000000        3.5424055246432808E-003   0.0000000000000000        4.7739049770047599E-003
   3.7599999999999998        0.0000000000000000        3.7955551234541570E-003   0.0000000000000000        5.0556672989833674E-003
   3.7799999999999998        0.0000000000000000        4.3211736688409360E-003   0.0000000000000000        5.7328550117142114E-003
   3.7999999999999998        0.0000000000000000        4.5431197032312666E-003   0.0000000000000000        5.9930580640465561E-003
   3.8199999999999998        0.0000000000000000        4.1023962476910945E-003   0.0000000000000000        6.1304282220132327E-003
   3.8399999999999999        0.0000000000000000        3.9014028482072093E-003   0.0000000000000000        7.0936267676806677E-003
   3.8599999999999999        0.0000000000000000        4.1826365941129906E-003   0.0000000000000000        7.3633047292030757E-003
   3.8799999999999999        0.0000000000000000        4.7232645460313595E-003   0.0000000000000000        6.7780938194901674E-003
   3.8999999999999999        0.0000000000000000        4.8430084366579695E-003   0.0000000000000000        6.9631940952820720E-003
   3.9199999999999999        0.0000000000000000        4.8240284631636638E-003   0.0000000000000000        7.6433644072776523E-003
   3.9399999999999999        0.0000000000000000        4.8201444844573720E-003   0.0000000000000000        7.1801872814046628E-003
   3.9600000000000000        0.0000000000000000        4.1505454354459435E-003   0.0000000000000000        6.7917263435083308E-003
   3.9800000000000000        0.0000000000000000        3.4154179448034638E-003   0.0000000000000000        7.6311977664384788E-003
   4.0000000000000000        0.0000000000000000        2.3029931980062248E-003   0.0000000000000000        8.2538813164948644E-003
   4.0199999999999996        0.0000000000000000        1.7361890561458100E-003   0.0000000000000000        8.9990352102870090E-003
   4.0400000000000000        0.0000000000000000        1.2546224800716104E-003   0.0000000000000000        9.0740370964311548E-003
   4.0599999999999996        0.0000000000000000        9.7471797159885253E-004   0.0000000000000000        9.8810878945324847E-003
   4.0800000000000001        0.0000000000000000        8.1707134254309745E-004   0.0000000000000000        9.9697708113498824E-003
   4.0999999999999996        0.0000000000000000        7.0027429583155291E-004   0.0000000000000000        9.6164852110413850E-003
   4.1200000000000001        0.0000000000000000        6.4047213806820423E-004   0.0000000000000000        9.6137474713037796E-003
   4.1399999999999997        0.0000000000000000        5.5026776650425710E-004   0.0000000000000000        9.9149303760735965E-003
   4.1600000000000001        0.0000000000000000        4.9180087719676686E-004   0.0000000000000000        9.1898137802363441E-003
   4.1799999999999997        0.0000000000000000        4.3982267920090199E-004   0.0000000000000000        7.4130098346921027E-003
   4.2000000000000002        0.0000000000000000        4.1475628361812075E-004   0.0000000000000000        6.0534788324379226E-003
   4.2199999999999998        0.0000000000000000        3.8429246722712689E-004   0.0000000000000000        4.8658333595250703E-003
   4.2400000000000002        0.0000000000000000        3.6852806279395864E-004   0.0000000000000000        3.7974909956269959E-003
   4.2599999999999998        0.0000000000000000        3.5433611832903571E-004   0.0000000000000000        2.9241351324682972E-003
   4.2800000000000002        0.0000000000000000        3.3763957623785174E-004   0.0000000000000000        2.4979474758521610E-003
   4.2999999999999998        0.0000000000000000        3.3292779656860660E-004   0.0000000000000000        2.1643033660855935E-003
   4.3200000000000003        0.0000000000000000        3.2899005560160891E-004   0.0000000000000000        1.9080150506760010E-003
   4.3399999999999999        0.0000000000000000        3.1471341834457664E-004   0.0000000000000000        1.6314064961830378E-003
   4.3600000000000003        0.0000000000000000        2.9958899159176160E-004   0.0000000000000000        1.4379211170275081E-003
   4.3799999999999999        0.0000000000000000        2.9356098426732617E-004   0.0000000000000000        1.2865780268823180E-003
   4.4000000000000004        0.0000000000000000        3.0224979270947097E-004   0.0000000000000000        1.2584169411675220E-003
   4.4199999999999999        0.0000000000000000        3.1703200199508592E-004   0.0000000000000000        1.1652816648202878E-003
   4.4400000000000004        0.0000000000000000        3.0010386862700531E-004   0.0000000000000000        1.0184387516002733E-003
   4.4600000000000000        0.0000000000000000        2.9310839908222981E-004   0.0000000000000000        9.4048821223421356E-004
   4.4800000000000004        0.0000000000000000        3.0549706771923273E-004   0.0000000000000000        9.1446676110664012E-004
   4.5000000000000000        0.0000000000000000        3.2204593590840733E-004   0.0000000000000000        8.6241403690001791E-004
   4.5199999999999996        0.0000000000000000        3.2637810576886984E-004   0.0000000000000000        7.7560616508228516E-004
   4.5400000000000000        0.0000000000000000        3.2253375949835875E-004   0.0000000000000000        7.2268945377569258E-004
   4.5599999999999996        0.0000000000000000        3.2072350491544276E-004   0.0000000000000000        7.1120526624912964E-004
   4.5800000000000001        0.0000000000000000        3.3980376570376321E-004   0.0000000000000000        6.8508051231612542E-004
   4.5999999999999996        0.0000000000000000        3.5741512780167693E-004   0.0000000000000000        6.2303705415203551E-004
   4.6200000000000001        0.0000000000000000        3.6018017945697764E-004   0.0000000000000000        5.8097911330392822E-004
   4.6399999999999997        0.0000000000000000        3.6121036431481057E-004   0.0000000000000000        5.7436601060694575E-004
   4.6600000000000001        0.0000000000000000        3.6557665253303016E-004   0.0000000000000000        5.6851031822067772E-004
   4.6799999999999997        0.0000000000000000        3.9271013811406559E-004   0.0000000000000000        5.1464880410811401E-004
   4.7000000000000002        0.0000000000000000        4.1010050630378009E-004   0.0000000000000000        4.8473742940888421E-004
   4.7199999999999998        0.0000000000000000        4.1122089803174349E-004   0.0000000000000000        4.8084922898660961E-004
   4.7400000000000002        0.0000000000000000        4.2014801803337364E-004   0.0000000000000000        4.7375700460405330E-004
   4.7599999999999998        0.0000000000000000        4.4879787507028101E-004   0.0000000000000000        4.2253794006828429E-004
   4.7800000000000002        0.0000000000000000        4.7334095018584845E-004   0.0000000000000000        4.0827388180173836E-004
   4.7999999999999998        0.0000000000000000        4.8180101054757628E-004   0.0000000000000000        4.1516699627324252E-004
   4.8200000000000003        0.0000000000000000        4.9439042608754409E-004   0.0000000000000000        3.8604034380242629E-004
   4.8399999999999999        0.0000000000000000        5.2854600387130190E-004   0.0000000000000000        3.6046829003359324E-004
   4.8600000000000003        0.0000000000000000        5.6043434785612428E-004   0.0000000000000000        3.5533184019923502E-004
   4.8799999999999999        0.0000000000000000        5.7154125182557012E-004   0.0000000000000000        3.5386027062728681E-004
   4.9000000000000004        0.0000000000000000        6.0196336800152743E-004   0.0000000000000000        3.2138864057676826E-004
   4.9199999999999999        0.0000000000000000        6.4891737934524992E-004   0.0000000000000000        3.0971464814581403E-004
   4.9400000000000004        0.0000000000000000        6.8647858956694498E-004   0.0000000000000000        3.0710140595103884E-004
   4.9600000000000000        0.0000000000000000        7.0836991009905670E-004   0.0000000000000000        2.8283403473653904E-004
   4.9800000000000004        0.0000000000000000        7.6520687240642330E-004   0.0000000000000000        2.6749585130292743E-004
   5.0000000000000000        0.0000000000000000        8.4326054226297668E-004   0.0000000000000000        2.6448792174228004E-004
   5.0199999999999996        0.0000000000000000        8.8294277705857239E-004   0.0000000000000000        2.4822621639756127E-004
   5.0400000000000000        0.0000000000000000        9.4328281590140963E-004   0.0000000000000000        2.2990491675439832E-004
   5.0599999999999996        0.0000000000000000        1.0596367547494577E-003   0.0000000000000000        2.2795241619002530E-004
   5.0800000000000001        0.0000000000000000        1.1540350995934573E-003   0.0000000000000000        2.1556848621382207E-004
   5.0999999999999996        0.0000000000000000        1.2362517260411934E-003   0.0000000000000000        1.9831760696655410E-004
   5.1200000000000001        0.0000000000000000        1.4059902974104263E-003   0.0000000000000000        1.9390918774595250E-004
   5.1399999999999997        0.0000000000000000        1.5879082609242588E-003   0.0000000000000000        1.8229576401576400E-004
   5.1600000000000001        0.0000000000000000        1.8012915352497126E-003   0.0000000000000000        1.7114112880844580E-004
   5.1799999999999997        0.0000000000000000        2.0840047772145969E-003   0.0000000000000000        1.6412911702960636E-004
   5.2000000000000002        0.0000000000000000        2.4405698754262953E-003   0.0000000000000000        1.5253292479323451E-004
   5.2199999999999998        0.0000000000000000        2.9141669717677285E-003   0.0000000000000000        1.4313478190812421E-004
   5.2400000000000002        0.0000000000000000        3.5782712420308785E-003   0.0000000000000000        1.3502925953167534E-004
   5.2599999999999998        0.0000000000000000        4.5402956337096418E-003   0.0000000000000000        1.2505403391864281E-004
   5.2800000000000002        0.0000000000000000        5.7459159670824730E-003   0.0000000000000000        1.1754894294423769E-004
   5.2999999999999998        0.0000000000000000        7.4332670926655778E-003   0.0000000000000000        1.1158856923303285E-004
   5.3200000000000003        0.0000000000000000        9.4311183640401336E-003   0.0000000000000000        1.0341808412489493E-004
   5.3399999999999999        0.0000000000000000        1.1064612197226655E-002   0.0000000000000000        9.9232985064158052E-005
   5.3600000000000003        0.0000000000000000        1.1421583872534962E-002   0.0000000000000000        9.2583265442815139E-005
   5.3799999999999999        0.0000000000000000        1.1127594771803759E-002   0.0000000000000000        8.7271312843933618E-005
   5.4000000000000004        0.0000000000000000        1.0523740161198374E-002   0.0000000000000000        8.1931272910130840E-005
   5.4199999999999999        0.0000000000000000        1.0004796321098974E-002   0.0000000000000000        7.7127735536311703E-005
   5.4400000000000004        0.0000000000000000        9.3040978720471228E-003   0.0000000000000000        7.3087639496042573E-005
   5.4600000000000000        0.0000000000000000        8.9951441666682539E-003   0.0000000000000000        6.8915894843013653E-005
   5.4800000000000004        0.0000000000000000        8.3306583049745347E-003   0.0000000000000000        6.4914052719017651E-005
   5.5000000000000000        0.0000000000000000        8.1229900278883375E-003   0.0000000000000000        6.0935645426612389E-005
   5.5199999999999996        0.0000000000000000        7.8262047726554932E-003   0.0000000000000000        5.7296353932520270E-005
   5.5400000000000000        0.0000000000000000        7.5954141571189177E-003   0.0000000000000000        5.3862892632068908E-005
   5.5599999999999996        0.0000000000000000        7.7416648238964507E-003   0.0000000000000000        5.1230092691811613E-005
   5.5800000000000001        0.0000000000000000        7.5711780610656964E-003   0.0000000000000000        4.9123456415248020E-005
   5.5999999999999996        0.0000000000000000        7.7181823472253020E-003   0.0000000000000000        4.7344390836140333E-005
   5.6200000000000001        0.0000000000000000        7.5401391435685671E-003   0.0000000000000000        4.5792091715660712E-005
   5.6399999999999997        0.0000000000000000        7.6290063512123368E-003   0.0000000000000000        4.4395048354469847E-005
   5.6600000000000001        0.0000000000000000        7.6200227980684574E-003   0.0000000000000000        4.3099929279204844E-005
   5.6799999999999997        0.0000000000000000        7.6393100952549843E-003   0.0000000000000000        4.1905183655422270E-005
   5.7000000000000002        0.0000000000000000        7.5143924486099026E-003   0.0000000000000000        4.0786256604433318E-005
   5.7199999999999998        0.0000000000000000        7.3942206138343522E-003   0.0000000000000000        3.9726347419766599E-005
   5.7400000000000002        0.0000000000000000        7.3513869111346188E-003   0.0000000000000000        3.8725628416360330E-005
   5.7599999999999998        0.0000000000000000        7.3207481950813827E-003   0.0000000000000000        3.7776000792120688E-005
   5.7800000000000002        0.0000000000000000        7.3741825404622314E-003   0.0000000000000000        3.6868590327732003E-005
   5.7999999999999998        0.0000000000000000        7.2234023170625597E-003   0.0000000000000000        3.6002707763441616E-005
   5.8200000000000003        0.0000000000000000        7.2240584061896334E-003   0.0000000000000000        3.5170598927032003E-005
   5.8399999999999999        0.0000000000000000        7.1384218451640939E-003   0.0000000000000000        3.4376830164364590E-005
   5.8600000000000003        0.0000000000000000        7.2396849586722680E-003   0.0000000000000000        3.3616921287047069E-005
   5.8799999999999999        0.0000000000000000        7.1908083434059451E-003   0.0000000000000000        3.2882256548171028E-005
   5.9000000000000004        0.0000000000000000        7.1744230020930897E-003   0.0000000000000000        3.2172835947736505E-005
   5.9199999999999999        0.0000000000000000        7.0721234142318368E-003   0.0000000000000000        3.1497102917713658E-005
   5.9400000000000004        0.0000000000000000        7.0110311345264317E-003   0.0000000000000000        3.0838342909100304E-005
   5.9600000000000000        0.0000000000000000        6.9646929767717223E-003   0.0000000000000000        3.0209393384789863E-005
   5.9800000000000004        0.0000000000000000        6.9564720033867015E-003   0.0000000000000000        2.9597072252012581E-005
   6.0000000000000000        1.4435959648861693E-004   7.0072764781812383E-003   8.1090117539467415E-005   2.9010081415145877E-005
   6.0199999999999996        1.5418146180668060E-004   7.0178181029960278E-003   8.3549051707113955E-005   2.8435755726234462E-005
   6.0400000000000000        1.6518842311198943E-004   7.0325585259091352E-003   8.6126366237281382E-005   2.7886932648171807E-005
   6.0599999999999996        1.7761293325613110E-004   7.0002791993296109E-003   8.8826196688485695E-005   2.7350688560595349E-005
   6.0800000000000001        1.9172475127480647E-004   6.9878169522140116E-003   9.1661466681089486E-005   2.6835466895475295E-005
   6.0999999999999996        2.0788013830267611E-004   7.0168780388508555E-003   9.4636053301201485E-005   2.6332996535779624E-005
   6.1200000000000001        2.2656036996204131E-004   7.0998618975607790E-003   9.7762880169184271E-005   2.5843191324039222E-005
   6.1399999999999997        2.4837483803173048E-004   7.1866916533756594E-003   1.0105469859046210E-004   2.5374580849693421E-005
   6.1600000000000001        2.7416073463882906E-004   7.2436675876806564E-003   1.0451977968206719E-004   2.4914241492379641E-005
   6.1799999999999997        3.0510427581768033E-004   7.2591949729163777E-003   1.0817087474942378E-004   2.4470875156475328E-005
   6.2000000000000002        3.4285046612549818E-004   7.2203387297768880E-003   1.1202082125542536E-004   2.4036038410010288E-005
   6.2199999999999998        3.8985410417141300E-004   7.1003725528800401E-003   1.1609055546505928E-004   2.3617916212547478E-005
   6.2400000000000002        4.4981763487435478E-004   6.9231273397019561E-003   1.2039291484121893E-004   2.3208409761993036E-005
   6.2599999999999998        5.2865301144790395E-004   6.7989223876411325E-003   1.2494478624784479E-004   2.2811568459393885E-005
   6.2800000000000002        6.3635079553458931E-004   6.6818980575261457E-003   1.2977598016923969E-004   2.2427219989811849E-005
   6.2999999999999998        7.9075462976897499E-004   6.6698479877426381E-003   1.3489468156496670E-004   2.2051487267138181E-005
   6.3200000000000003        1.0249533763100939E-003   6.4905628241690673E-003   1.4033905819382976E-004   2.1684111818965624E-005
   6.3399999999999999        1.4031761359977481E-003   5.1826590143817007E-003   1.4612625539217657E-004   2.1329401518748356E-005
   6.3600000000000003        2.0329466548310777E-003   3.5279016901402756E-003   1.5230228124849776E-004   2.0983220807970367E-005
   6.3799999999999999        2.9325107585103228E-003   2.3994683686424838E-003   1.5888901975994043E-004   2.0645483529162578E-005
   6.4000000000000004        3.6279583406088737E-003   1.7333796333939310E-003   1.6592851577141774E-004   2.0316103524855900E-005
   6.4199999999999999        3.8473688468415412E-003   1.3250784396744936E-003   1.7346307260024938E-004   1.9995253109988485E-005
   6.4400000000000004        4.0264834186263306E-003   1.0587151283026701E-003   1.8154360931066398E-004   1.9682759969622201E-005
   6.4600000000000000        4.1343187961911439E-003   8.7444153342662221E-004   1.9022492205299872E-004   1.9378710261226098E-005
   6.4800000000000004        4.2476461954652246E-003   7.4048932841596163E-004   1.9956637332345210E-004   1.9083190142269277E-005
   6.5000000000000000        4.3985689233187542E-003   6.3952087345205220E-004   2.0963654446741484E-004   1.8791891739297564E-005
   6.5199999999999996        4.5400413830183764E-003   5.6075485364111516E-004   2.2052771013427529E-004   1.8509036768296031E-005
   6.5400000000000000        4.6444828455610510E-003   4.9793994149885119E-004   2.3232051371509577E-004   1.8234452914326535E-005
   6.5599999999999996        4.7089317341044833E-003   4.4672837266289248E-004   2.4513350788733551E-004   1.7964263091280308E-005
   6.5800000000000001        4.7465903884237109E-003   4.0419243017630896E-004   2.5909859973616137E-004   1.7698294984219176E-005
   6.5999999999999996        4.7293786246674066E-003   3.6840020510983863E-004   2.7433106795520732E-004   1.7440770309128227E-005
   6.6200000000000001        4.7219278990559919E-003   3.3790580281732005E-004   2.9102373296028254E-004   1.7191689066007478E-005
   6.6399999999999997        4.7487691385018991E-003   3.1160692463929766E-004   3.0936407340411272E-004   1.6942521665417645E-005
   6.6600000000000001        4.8033875459803609E-003   2.8870661398674763E-004   3.2963882134380860E-004   1.6701797696798012E-005
   6.6799999999999997        4.8615584843815472E-003   2.6862787428921705E-004   3.5204777595017475E-004   1.6469603317617657E-005
   6.7000000000000002        4.9318381658026884E-003   2.5087521394200616E-004   3.7701259187690640E-004   1.6237408938437299E-005
   6.7199999999999998        4.9859816733115597E-003   2.3505179164251560E-004   4.0496302257979284E-004   1.6013657991227135E-005
   6.7400000000000002        5.0200782332289959E-003   2.2089672257436039E-004   4.3636431839188546E-004   1.5794128760002065E-005
   6.7599999999999998        5.1041596519375790E-003   2.0814352168566471E-004   4.7182612956442012E-004   1.5578735087293013E-005
   6.7800000000000002        5.1978798513424209E-003   1.9661194755110566E-004   5.1213696925445009E-004   1.5367649288038147E-005
   6.7999999999999998        5.2933969509224707E-003   1.8613890408170804E-004   5.5831030777080571E-004   1.5160785204768375E-005
   6.8200000000000003        5.3234260167244691E-003   1.7658490233502530E-004   6.1161214296420220E-004   1.4962364553468796E-005
   6.8399999999999999        5.2701701896195616E-003   1.6783113116119135E-004   6.7347768595463404E-004   1.4763857744700139E-005
   6.8600000000000003        5.2341692050055051E-003   1.5979513786229296E-004   7.4624137336692226E-004   1.4569658809385655E-005
   6.8799999999999999        5.2527665531796105E-003   1.5239309122091186E-004   8.3234318472551487E-004   1.4379681590056268E-005
   6.9000000000000004        5.2786750518652144E-003   1.4554650178271288E-004   9.3614277412351198E-004   1.4193839929242900E-005
   6.9199999999999999        5.3018272869573653E-003   1.3921349701772140E-004   1.0622865277111248E-003   1.4012306141883708E-005
   6.9400000000000004        5.3152878406672373E-003   1.3332661562764485E-004   1.2190525412753752E-003   1.3834994070509620E-005
   6.9600000000000000        5.3709596093627163E-003   1.2784450202732309E-004   1.4169347945506500E-003   1.3657681999135531E-005
   6.9800000000000004        5.4952987947603739E-003   1.2273321017393731E-004   1.6720711845985938E-003   1.3488813359731634E-005
   7.0000000000000000        5.5348168134198954E-003   1.1795241837195631E-004   2.0118864954032142E-003   1.3319944720327741E-005
   7.0199999999999996        5.5790121487610308E-003   0.0000000000000000        2.4782668698192659E-003   0.0000000000000000     
   7.0400000000000000        5.5848123557372086E-003   0.0000000000000000        3.1468961303586875E-003   0.0000000000000000     
   7.0599999999999996        5.7139631773107753E-003   0.0000000000000000        4.1586781835826238E-003   0.0000000000000000     
   7.0800000000000001        5.8323479338625956E-003   0.0000000000000000        5.7732035883756999E-003   0.0000000000000000     
   7.0999999999999996        5.9193904124686444E-003   0.0000000000000000        8.4767930899561500E-003   0.0000000000000000     
   7.1200000000000001        6.1836560479406845E-003   0.0000000000000000        1.2882403749380576E-002   0.0000000000000000     
   7.1399999999999997        6.2375132541797954E-003   0.0000000000000000        1.8222824068409377E-002   0.0000000000000000     
   7.1600000000000001        6.3833526051999233E-003   0.0000000000000000        2.1125184537558704E-002   0.0000000000000000     
   7.1799999999999997        6.5231199224289145E-003   0.0000000000000000        2.0502084846926644E-002   0.0000000000000000     
   7.2000000000000002        6.3998502096949935E-003   0.0000000000000000        1.8600816356867236E-002   0.0000000000000000     
   7.2199999999999998        6.6780488864373651E-003   0.0000000000000000        1.7332389123996771E-002   0.0000000000000000     
   7.2400000000000002        6.1770630199339989E-003   0.0000000000000000        1.6063774154001165E-002   0.0000000000000000     
   7.2599999999999998        5.6789393045535985E-003   0.0000000000000000        1.5399096074993917E-002   0.0000000000000000     
   7.2800000000000002        4.5343155299380150E-003   0.0000000000000000        1.5042314721534819E-002   0.0000000000000000     
   7.2999999999999998        3.3571713601444194E-003   0.0000000000000000        1.4107227462565047E-002   0.0000000000000000     
   7.3200000000000003        2.5744258425439898E-003   0.0000000000000000        1.3967317468567256E-002   0.0000000000000000     
   7.3399999999999999        2.0103184294658931E-003   0.0000000000000000        1.3338172539116944E-002   0.0000000000000000     
   7.3600000000000003        1.6000194163533440E-003   0.0000000000000000        1.3115628313418769E-002   0.0000000000000000     
   7.3799999999999999        1.3468829134777693E-003   0.0000000000000000        1.2940827301481120E-002   0.0000000000000000     
   7.4000000000000004        1.1279138781166852E-003   0.0000000000000000        1.2348963570477978E-002   0.0000000000000000     
   7.4199999999999999        9.6119211052741484E-004   0.0000000000000000        1.2169916546148954E-002   0.0000000000000000     
   7.4400000000000004        8.5902141423991219E-004   0.0000000000000000        1.2286763994979919E-002   0.0000000000000000     
   7.4600000000000000        7.5711823689391462E-004   0.0000000000000000        1.1918801900600361E-002   0.0000000000000000     
   7.4800000000000004        6.7059106611045641E-004   0.0000000000000000        1.1676216930648518E-002   0.0000000000000000     
   7.5000000000000000        6.3044220246230380E-004   0.0000000000000000        1.1415393975326123E-002   0.0000000000000000     
   7.5199999999999996        5.7069553010904528E-004   0.0000000000000000        1.0530651713368267E-002   0.0000000000000000     
   7.5400000000000000        5.1348585059042312E-004   0.0000000000000000        1.0638276522078643E-002   0.0000000000000000     
   7.5599999999999996        4.9266150415544312E-004   0.0000000000000000        1.0502538100418931E-002   0.0000000000000000     
   7.5800000000000001        4.5795563861664819E-004   0.0000000000000000        9.7135731335977662E-003   0.0000000000000000     
   7.5999999999999996        4.1243520140100829E-004   0.0000000000000000        9.9266782916130197E-003   0.0000000000000000     
   7.6200000000000001        4.0118294978121801E-004   0.0000000000000000        9.7928738466618367E-003   0.0000000000000000     
   7.6399999999999997        3.8731116647140984E-004   0.0000000000000000        8.4400389167473642E-003   0.0000000000000000     
   7.6600000000000001        3.5097701092440367E-004   0.0000000000000000        7.7212551533601716E-003   0.0000000000000000     
   7.6799999999999997        3.3421602304634486E-004   0.0000000000000000        7.5830349658035133E-003   0.0000000000000000     
   7.7000000000000002        3.3230341339015771E-004   0.0000000000000000        6.3740133078661982E-003   0.0000000000000000     
   7.7199999999999998        3.1256111860939877E-004   0.0000000000000000        5.2955523523265345E-003   0.0000000000000000     
   7.7400000000000002        2.9011416855916685E-004   0.0000000000000000        4.7522027721172864E-003   0.0000000000000000     
   7.7599999999999998        2.8622045405887064E-004   0.0000000000000000        4.5629915788455251E-003   0.0000000000000000     
   7.7800000000000002        2.7979595006171246E-004   0.0000000000000000        3.8837536629803683E-003   0.0000000000000000     
   7.7999999999999998        2.6616015205972423E-004   0.0000000000000000        3.3219603533643891E-003   0.0000000000000000     
   7.8200000000000003        2.5027125008373003E-004   0.0000000000000000        3.0735586342023036E-003   0.0000000000000000     
   7.8399999999999999        2.4522862573320381E-004   0.0000000000000000        2.9857314333678413E-003   0.0000000000000000     
   7.8600000000000003        2.4403051996812702E-004   0.0000000000000000        2.7191405801201690E-003   0.0000000000000000     
   7.8799999999999999        2.3049673240953375E-004   0.0000000000000000        2.3346721793411742E-003   0.0000000000000000     
   7.9000000000000004        2.2150172032226560E-004   0.0000000000000000        2.1381322594342220E-003   0.0000000000000000     
   7.9199999999999999        2.1837265336008667E-004   0.0000000000000000        2.1394560689466918E-003   0.0000000000000000     
   7.9400000000000004        2.0943433288747544E-004   0.0000000000000000        2.0523748194795572E-003   0.0000000000000000     
   7.9600000000000000        2.0310546368100004E-004   0.0000000000000000        1.7587972068206967E-003   0.0000000000000000     
   7.9800000000000004        1.9643101686603006E-004   0.0000000000000000        1.6725296284915878E-003   0.0000000000000000     
   8.0000000000000000        1.9063718554256391E-004   0.0000000000000000        1.6943801965408234E-003   0.0000000000000000     
   8.0199999999999996        1.8061939813980411E-004   0.0000000000000000        1.6174106461177488E-003   0.0000000000000000     
   8.0399999999999991        1.7698493146398064E-004   0.0000000000000000        1.4341585341951560E-003   0.0000000000000000     
   8.0600000000000005        1.7577631448767553E-004   0.0000000000000000        1.3576402765951431E-003   0.0000000000000000     
   8.0800000000000001        1.6997541825174446E-004   0.0000000000000000        1.3939195498343423E-003   0.0000000000000000     
   8.0999999999999996        1.5805613550630911E-004   0.0000000000000000        1.3026405361585152E-003   0.0000000000000000     
   8.1199999999999992        1.5121368162662621E-004   0.0000000000000000        1.1888407354814510E-003   0.0000000000000000     
   8.1400000000000006        1.5772649702959526E-004   0.0000000000000000        1.1292940346139362E-003   0.0000000000000000     
   8.1600000000000001        1.5712330858854079E-004   0.0000000000000000        1.1616530568523628E-003   0.0000000000000000     
   8.1799999999999997        1.4457369779928981E-004   0.0000000000000000        1.1201657369219952E-003   0.0000000000000000     
   8.1999999999999993        1.3259841269895004E-004   0.0000000000000000        9.9426744596380220E-004   0.0000000000000000     
   8.2200000000000006        1.3407739181323948E-004   0.0000000000000000        9.7638890955425983E-004   0.0000000000000000     
   8.2400000000000002        1.3489692165916293E-004   0.0000000000000000        9.8848007645051706E-004   0.0000000000000000     
   8.2599999999999998        1.3253956714756590E-004   0.0000000000000000        9.5311010914002575E-004   0.0000000000000000     
   8.2799999999999994        1.2215561050120077E-004   0.0000000000000000        9.2270091658443111E-004   0.0000000000000000     
   8.3000000000000007        1.0955637300975750E-004   0.0000000000000000        8.6046713657113554E-004   0.0000000000000000     
   8.3200000000000003        1.0950183533182752E-004   0.0000000000000000        8.3694683677105976E-004   0.0000000000000000     
   8.3399999999999999        1.1581597161108980E-004   0.0000000000000000        8.5861483714330688E-004   0.0000000000000000     
   8.3599999999999994        1.1110634587857184E-004   0.0000000000000000        8.4826861746840031E-004   0.0000000000000000     
   8.3800000000000008        9.9836862764965194E-005   0.0000000000000000        7.9537939039444553E-004   0.0000000000000000     
   8.4000000000000004        8.8157873200804066E-005   0.0000000000000000        7.6850463569306789E-004   0.0000000000000000     
   8.4199999999999999        8.8519389941078936E-005   0.0000000000000000        7.4278568343944754E-004   0.0000000000000000     
   8.4399999999999995        9.1646130651592636E-005   0.0000000000000000        7.7850105604349517E-004   0.0000000000000000     
   8.4600000000000009        9.0483090976432802E-005   0.0000000000000000        7.9237249472342711E-004   0.0000000000000000     
   8.4800000000000004        7.9909243268207306E-005   0.0000000000000000        7.4724105848069961E-004   0.0000000000000000     
   8.5000000000000000        7.0452082516774632E-005   0.0000000000000000        7.4279989942184618E-004   0.0000000000000000     
   8.5199999999999996        6.7929822609351628E-005   0.0000000000000000        7.5023020571308649E-004   0.0000000000000000     
   8.5399999999999991        6.9128617634181137E-005   0.0000000000000000        8.0384548177900924E-004   0.0000000000000000     
   8.5600000000000005        7.2335570948411655E-005   0.0000000000000000        8.4620462913903311E-004   0.0000000000000000     
   8.5800000000000001        6.3127922227445134E-005   0.0000000000000000        8.2319662165012829E-004   0.0000000000000000     
   8.5999999999999996        5.6862895705560583E-005   0.0000000000000000        8.1812978705079001E-004   0.0000000000000000     
   8.6199999999999992        5.2526934916458302E-005   0.0000000000000000        9.4108192335366878E-004   0.0000000000000000     
   8.6400000000000006        5.3916654892777089E-005   0.0000000000000000        1.1154125155101210E-003   0.0000000000000000     
   8.6600000000000001        5.4902813283908179E-005   0.0000000000000000        1.3826221517007529E-003   0.0000000000000000     
   8.6799999999999997        5.3612260554504656E-005   0.0000000000000000        1.4968287879468295E-003   0.0000000000000000     
   8.6999999999999993        4.6479886791355280E-005   0.0000000000000000        1.4009492238943443E-003   0.0000000000000000     
   8.7200000000000006        4.2751853104107022E-005   0.0000000000000000        1.4158769531452413E-003   0.0000000000000000     
   8.7400000000000002        4.0895848905107688E-005   0.0000000000000000        1.4936173544442071E-003   0.0000000000000000     
   8.7599999999999998        4.2281433322910462E-005   0.0000000000000000        1.6700454501854995E-003   0.0000000000000000     
   8.7799999999999994        4.3209263107471959E-005   0.0000000000000000        1.9855049060548721E-003   0.0000000000000000     
   8.8000000000000007        4.0305584084415763E-005   0.0000000000000000        1.9917120347575320E-003   0.0000000000000000     
   8.8200000000000003        3.6196389753941588E-005   0.0000000000000000        1.7243516229960036E-003   0.0000000000000000     
   8.8399999999999999        3.4413877876070554E-005   0.0000000000000000        1.7971711404482587E-003   0.0000000000000000     
   8.8599999999999994        3.3606065445942532E-005   0.0000000000000000        2.0427340571615060E-003   0.0000000000000000     
   8.8800000000000008        3.3835158156235880E-005   0.0000000000000000        2.3374678168979982E-003   0.0000000000000000     
   8.9000000000000004        3.5519795149227925E-005   0.0000000000000000        2.2687880796777435E-003   0.0000000000000000     
   8.9199999999999999        3.6051214418535699E-005   0.0000000000000000        1.8241034483389837E-003   0.0000000000000000     
   8.9399999999999995        3.4467553979309644E-005   0.0000000000000000        1.7595761564986822E-003   0.0000000000000000     
   8.9600000000000009        3.0982828984753553E-005   0.0000000000000000        1.8860498070354167E-003   0.0000000000000000     
   8.9800000000000004        2.9959622881916468E-005   0.0000000000000000        2.1825407483538691E-003   0.0000000000000000     
   9.0000000000000000        2.9344630867597575E-005   0.0000000000000000        2.0340131119833938E-003   0.0000000000000000     
   9.0199999999999996        2.8944687896111407E-005   0.0000000000000000        1.7401354990171855E-003   0.0000000000000000     
   9.0399999999999991        2.9296899629725243E-005   0.0000000000000000        1.5531393281180950E-003   0.0000000000000000     
   9.0600000000000005        3.0662323199762471E-005   0.0000000000000000        1.5407939105305719E-003   0.0000000000000000     
   9.0800000000000001        3.0575734943333423E-005   0.0000000000000000        1.8428382176762792E-003   0.0000000000000000     
   9.0999999999999996        2.9117864408969488E-005   0.0000000000000000        1.7734463028165769E-003   0.0000000000000000     
   9.1199999999999992        2.6795575987289575E-005   0.0000000000000000        1.4323276018196607E-003   0.0000000000000000     
   9.1400000000000006        2.5570933721734995E-005   0.0000000000000000        1.2126600016992470E-003   0.0000000000000000     
   9.1600000000000001        2.5174350891543079E-005   0.0000000000000000        1.1560761700360486E-003   0.0000000000000000     
   9.1799999999999997        2.5701548444865769E-005   0.0000000000000000        1.2716093728336057E-003   0.0000000000000000     
   9.1999999999999993        2.7383256083908960E-005   0.0000000000000000        1.4468576281932682E-003   0.0000000000000000     
   9.2200000000000006        2.8469012509300749E-005   0.0000000000000000        1.2458899036351702E-003   0.0000000000000000     
   9.2400000000000002        2.7501119501615353E-005   0.0000000000000000        1.1116358028528408E-003   0.0000000000000000     
   9.2599999999999998        2.5290835789744142E-005   0.0000000000000000        9.7871765978612118E-004   0.0000000000000000     
   9.2799999999999994        2.3833482200194715E-005   0.0000000000000000        8.7755965839022773E-004   0.0000000000000000     
   9.3000000000000007        2.3378139976087781E-005   0.0000000000000000        9.5733216975499975E-004   0.0000000000000000     
   9.3200000000000003        2.3792902032256329E-005   0.0000000000000000        1.0758741636878947E-003   0.0000000000000000     
   9.3399999999999999        2.4939227158413888E-005   0.0000000000000000        1.0984564671220577E-003   0.0000000000000000     
   9.3599999999999994        2.6694944063399906E-005   0.0000000000000000        9.5533460883429565E-004   0.0000000000000000     
   9.3800000000000008        2.6987620985876972E-005   0.0000000000000000        7.8505307309489685E-004   0.0000000000000000     
   9.4000000000000004        2.6609303539130790E-005   0.0000000000000000        6.6892529760319394E-004   0.0000000000000000     
   9.4199999999999999        2.4946033598471493E-005   0.0000000000000000        6.6151549678959492E-004   0.0000000000000000     
   9.4399999999999995        2.2998616324774422E-005   0.0000000000000000        7.0515141168396903E-004   0.0000000000000000     
   9.4600000000000009        2.2446433105417502E-005   0.0000000000000000        7.6189799480626708E-004   0.0000000000000000     
   9.4800000000000004        2.2845083714867404E-005   0.0000000000000000        7.8989124577128779E-004   0.0000000000000000     
   9.5000000000000000        2.3647037437097749E-005   0.0000000000000000        6.4080186270238759E-004   0.0000000000000000     
   9.5199999999999996        2.5325901879661189E-005   0.0000000000000000        5.0737271968653310E-004   0.0000000000000000     
   9.5399999999999991        2.5722398552383999E-005   0.0000000000000000        4.7390829711976417E-004   0.0000000000000000     
   9.5600000000000005        2.7625358572033936E-005   0.0000000000000000        4.7471094010174692E-004   0.0000000000000000     
   9.5800000000000001        2.7324582847463013E-005   0.0000000000000000        5.0136082380881626E-004   0.0000000000000000     
   9.5999999999999996        2.3621793298656244E-005   0.0000000000000000        5.7204777158631275E-004   0.0000000000000000     
   9.6199999999999992        2.1715645452650235E-005   0.0000000000000000        5.3077877468260385E-004   0.0000000000000000     
   9.6400000000000006        2.1029745841275521E-005   0.0000000000000000        4.2113486568425739E-004   0.0000000000000000     
   9.6600000000000001        2.1874261353233171E-005   0.0000000000000000        3.8618121126437804E-004   0.0000000000000000     
   9.6799999999999997        2.2103009433650182E-005   0.0000000000000000        3.6002561295744168E-004   0.0000000000000000     
   9.6999999999999993        2.3440690298642475E-005   0.0000000000000000        3.3154427993006195E-004   0.0000000000000000     
   9.7200000000000006        2.5215275689357799E-005   0.0000000000000000        3.4162815011160881E-004   0.0000000000000000     
   9.7400000000000002        2.6574582079090081E-005   0.0000000000000000        3.8987521275133822E-004   0.0000000000000000     
   9.7599999999999998        2.5549997456747676E-005   0.0000000000000000        3.4408294872073950E-004   0.0000000000000000     
   9.7799999999999994        2.2751430545973513E-005   0.0000000000000000        2.8921907861285701E-004   0.0000000000000000     
   9.8000000000000007        2.0697091853143664E-005   0.0000000000000000        2.5718297456855618E-004   0.0000000000000000     
   9.8200000000000003        1.9818888770774322E-005   0.0000000000000000        2.2081547608101456E-004   0.0000000000000000     
   9.8399999999999999        1.9892553406840826E-005   0.0000000000000000        2.1623077867866789E-004   0.0000000000000000     
   9.8599999999999994        2.0363145502975552E-005   0.0000000000000000        2.4470806230500063E-004   0.0000000000000000     
   9.8800000000000008        2.0792382013950143E-005   0.0000000000000000        2.3439397936606218E-004   0.0000000000000000     
   9.9000000000000004        2.2904187738658776E-005   0.0000000000000000        2.0895977754776290E-004   0.0000000000000000     
   9.9199999999999999        2.5013753369171222E-005   0.0000000000000000        1.8361199167095456E-004   0.0000000000000000     
   9.9399999999999995        2.5623231305468758E-005   0.0000000000000000        1.5047505364417229E-004   0.0000000000000000     
   9.9600000000000009        2.3364182466096220E-005   0.0000000000000000        1.3399873004396612E-004   0.0000000000000000     
   9.9800000000000004        1.9843960594277654E-005   0.0000000000000000        1.2449599199138820E-004   0.0000000000000000     
