# two-orbital Hubbard model
# U/W=1 Delta=0.8 Jh/U=0.25 n=2.5/2 L=48
# density of states DOS(omega)
# omega, DOS(omega) hole part orbital 0, DOS(omega) electron part orbital 0, DOS(omega) hole part orbital 1, DOS(omega) electron part orbital 1
  -2.0000000000000000        0.0000000000000000        6.0929786718714702E-005   0.0000000000000000        2.6155942936812774E-005
  -1.9800000000000000        0.0000000000000000        6.2768645581366407E-005   0.0000000000000000        2.3399507028420501E-005
  -1.9600000000000000        0.0000000000000000        6.3685016422539799E-005   0.0000000000000000        2.5896608954871081E-005
  -1.9399999999999999        0.0000000000000000        6.8915894843013653E-005   0.0000000000000000        2.8737737655372548E-005
  -1.9199999999999999        0.0000000000000000        7.0808688281311696E-005   0.0000000000000000        2.6727511586713520E-005
  -1.8999999999999999        0.0000000000000000        7.2738874061192057E-005   0.0000000000000000        2.7908816645319037E-005
  -1.8799999999999999        0.0000000000000000        7.1576006700970447E-005   0.0000000000000000        3.1418699620847566E-005
  -1.8600000000000001        0.0000000000000000        7.9850570031761352E-005   0.0000000000000000        3.1156694757364281E-005
  -1.8400000000000001        0.0000000000000000        9.1717382878524759E-005   0.0000000000000000        3.3418328320809319E-005
  -1.8200000000000001        0.0000000000000000        8.7079181687877116E-005   0.0000000000000000        3.1648567748362672E-005
  -1.8000000000000000        0.0000000000000000        9.7993523713921089E-005   0.0000000000000000        3.2658419443491778E-005
  -1.7800000000000000        0.0000000000000000        9.3893892862515141E-005   0.0000000000000000        3.2010859905859294E-005
  -1.7600000000000000        0.0000000000000000        1.0368965246744648E-004   0.0000000000000000        3.6472524442354587E-005
  -1.7400000000000000        0.0000000000000000        1.1375198328172255E-004   0.0000000000000000        3.8279849671321695E-005
  -1.7200000000000000        0.0000000000000000        1.2911859868013168E-004   0.0000000000000000        3.5837630052677378E-005
  -1.7000000000000000        0.0000000000000000        1.3304875778985011E-004   0.0000000000000000        4.0188754556338407E-005
  -1.6799999999999999        0.0000000000000000        1.3889368049248293E-004   0.0000000000000000        3.8100125190813253E-005
  -1.6599999999999999        0.0000000000000000        1.4151657232379562E-004   0.0000000000000000        3.8038694915356653E-005
  -1.6399999999999999        0.0000000000000000        1.6430660141591855E-004   0.0000000000000000        3.9716266995883821E-005
  -1.6200000000000001        0.0000000000000000        1.5845711236742434E-004   0.0000000000000000        3.9370172442574913E-005
  -1.6000000000000001        0.0000000000000000        1.8173160490820444E-004   0.0000000000000000        4.3273536579408344E-005
  -1.5800000000000001        0.0000000000000000        1.6636197399837744E-004   0.0000000000000000        4.9346001157890995E-005
  -1.5600000000000001        0.0000000000000000        1.8657348235576578E-004   0.0000000000000000        5.2392270792280583E-005
  -1.5400000000000000        0.0000000000000000        1.9742424016962607E-004   0.0000000000000000        4.9432847886727297E-005
  -1.5200000000000000        0.0000000000000000        1.9764549255023276E-004   0.0000000000000000        4.9297925290142343E-005
  -1.5000000000000000        0.0000000000000000        2.2345956264972178E-004   0.0000000000000000        5.2313178235661810E-005
  -1.4800000000000000        0.0000000000000000        2.6159415082816856E-004   0.0000000000000000        5.3157866062557640E-005
  -1.4600000000000000        0.0000000000000000        2.4738058083850550E-004   0.0000000000000000        5.6850144400136196E-005
  -1.4399999999999999        0.0000000000000000        3.2565714006757812E-004   0.0000000000000000        5.8184551281303312E-005
  -1.4199999999999999        0.0000000000000000        3.0440622800316503E-004   0.0000000000000000        5.8080300743712126E-005
  -1.3999999999999999        0.0000000000000000        3.4856658341185108E-004   0.0000000000000000        5.8466286205206743E-005
  -1.3799999999999999        0.0000000000000000        3.5834330221611477E-004   0.0000000000000000        6.5136769776598822E-005
  -1.3600000000000001        0.0000000000000000        3.2674281033550094E-004   0.0000000000000000        6.1910000244479033E-005
  -1.3400000000000001        0.0000000000000000        4.2563538723930952E-004   0.0000000000000000        5.9237654025912382E-005
  -1.3200000000000001        0.0000000000000000        3.5513893362595683E-004   0.0000000000000000        6.0145236805239271E-005
  -1.3000000000000000        0.0000000000000000        4.4823233744321602E-004   0.0000000000000000        5.9196126125814085E-005
  -1.2800000000000000        0.0000000000000000        4.1906432938723973E-004   0.0000000000000000        6.1758793886237322E-005
  -1.2600000000000000        0.0000000000000000        4.8542823999599681E-004   0.0000000000000000        6.6709919004596626E-005
  -1.2400000000000000        0.0000000000000000        4.2862418984182028E-004   0.0000000000000000        6.3837170512941473E-005
  -1.2200000000000000        0.0000000000000000        4.4860893174058066E-004   0.0000000000000000        7.2353577859450127E-005
  -1.2000000000000000        0.0000000000000000        4.8695555345044207E-004   0.0000000000000000        7.2568282272406526E-005
  -1.1799999999999999        0.0000000000000000        4.9121741881613234E-004   0.0000000000000000        6.9310926838762042E-005
  -1.1599999999999999        0.0000000000000000        6.1634391116627458E-004   0.0000000000000000        7.3539449263917045E-005
  -1.1399999999999999        0.0000000000000000        5.4509581979263623E-004   0.0000000000000000        7.7053553955430717E-005
  -1.1200000000000001        0.0000000000000000        6.5553927010407898E-004   0.0000000000000000        7.0081260769838715E-005
  -1.1000000000000001        0.0000000000000000        6.8107401768879882E-004   0.0000000000000000        7.2403979978864053E-005
  -1.0800000000000001        0.0000000000000000        7.8246111179498530E-004   0.0000000000000000        6.8878416343962277E-005
  -1.0600000000000001        0.0000000000000000        7.7290805778046292E-004   0.0000000000000000        6.9808917010065382E-005
  -1.0400000000000000        0.0000000000000000        8.1252231433295169E-004   0.0000000000000000        6.9329019907269612E-005
  -1.0200000000000000        0.0000000000000000        8.0392879605161295E-004   0.0000000000000000        7.9983597164026449E-005
  -1.0000000000000000        0.0000000000000000        9.1962716271740369E-004   0.0000000000000000        7.8165416093954818E-005
 -0.97999999999999998        0.0000000000000000        8.4997936017452459E-004   0.0000000000000000        8.4644199296635860E-005
 -0.95999999999999996        0.0000000000000000        7.7591943363987349E-004   0.0000000000000000        8.5442706720102835E-005
 -0.93999999999999995        0.0000000000000000        9.4743810447784412E-004   0.0000000000000000        8.4893539012163857E-005
 -0.92000000000000004        0.0000000000000000        9.5409773220813115E-004   0.0000000000000000        9.0142941288490653E-005
 -0.90000000000000002        0.0000000000000000        1.0224176758374932E-003   0.0000000000000000        9.9606133062759224E-005
 -0.88000000000000000        0.0000000000000000        1.0657159396105290E-003   0.0000000000000000        9.4961297746992142E-005
 -0.85999999999999999        0.0000000000000000        1.1389658136208556E-003   0.0000000000000000        8.9769534817482266E-005
 -0.83999999999999997        0.0000000000000000        1.0880870710879673E-003   0.0000000000000000        1.0572693198139779E-004
 -0.81999999999999995        0.0000000000000000        1.0906955746219427E-003   0.0000000000000000        1.0867429284127938E-004
 -0.80000000000000004        0.0000000000000000        1.1663647503641376E-003   0.0000000000000000        1.0392469004310663E-004
 -0.78000000000000003        0.0000000000000000        1.2145183321499115E-003   0.0000000000000000        1.1989139221368320E-004
 -0.76000000000000001        0.0000000000000000        1.3948898552511621E-003   0.0000000000000000        1.1293512431734078E-004
 -0.73999999999999999        0.0000000000000000        1.4651931438188297E-003   0.0000000000000000        1.2697103760575334E-004
 -0.71999999999999997        0.0000000000000000        1.3354422354730933E-003   0.0000000000000000        1.3737481047000779E-004
 -0.69999999999999996        0.0000000000000000        1.4354582196162830E-003   0.0000000000000000        1.4460566222031975E-004
 -0.68000000000000005        0.0000000000000000        1.4304726315102906E-003   0.0000000000000000        1.3215564946532927E-004
 -0.66000000000000003        0.0000000000000000        1.3677690348180818E-003   0.0000000000000000        1.3699735459795246E-004
 -0.64000000000000001        0.0000000000000000        1.6279905248488102E-003   0.0000000000000000        1.5037347398812274E-004
 -0.62000000000000000        0.0000000000000000        1.6982945888336994E-003   0.0000000000000000        1.5266638271284506E-004
 -0.59999999999999998        0.0000000000000000        1.7608270767923071E-003   0.0000000000000000        1.7282766126575777E-004
 -0.57999999999999996        0.0000000000000000        1.8032809973683233E-003   0.0000000000000000        1.7628679749199597E-004
 -0.56000000000000005        0.0000000000000000        1.6817184948842937E-003   0.0000000000000000        1.7062676871801665E-004
 -0.54000000000000004        0.0000000000000000        1.7433655425331302E-003   0.0000000000000000        1.8730875019692540E-004
 -0.52000000000000002        0.0000000000000000        1.8012946369186005E-003   0.0000000000000000        1.8722517745191437E-004
 -0.50000000000000000        0.0000000000000000        1.7943132971987544E-003   0.0000000000000000        2.0466629239091887E-004
 -0.47999999999999998        0.0000000000000000        1.8932162991563220E-003   0.0000000000000000        2.3292008354244869E-004
 -0.46000000000000002        0.0000000000000000        1.9281253240072164E-003   0.0000000000000000        2.1782029782579159E-004
 -0.44000000000000000        0.0000000000000000        1.9738440957166865E-003   0.0000000000000000        2.3654291895994583E-004
 -0.41999999999999998        0.0000000000000000        2.2669584396642832E-003   0.0000000000000000        2.4666797241171485E-004
 -0.40000000000000002        0.0000000000000000        2.4274645489614543E-003   0.0000000000000000        3.0145404232501479E-004
 -0.38000000000000000        0.0000000000000000        2.3496734870706686E-003   0.0000000000000000        3.0233999957960159E-004
 -0.35999999999999999        0.0000000000000000        2.4635090430974015E-003   0.0000000000000000        2.8441071642076925E-004
 -0.34000000000000002        0.0000000000000000        2.7663985550148186E-003   0.0000000000000000        3.0356877740367219E-004
 -0.32000000000000001        0.0000000000000000        2.5370135985863405E-003   0.0000000000000000        3.1203013012743642E-004
 -0.29999999999999999        0.0000000000000000        2.6512634858818964E-003   0.0000000000000000        3.8435768843122337E-004
 -0.28000000000000003        0.0000000000000000        2.7389801466835232E-003   0.0000000000000000        3.5669140506137460E-004
 -0.26000000000000001        0.0000000000000000        2.4855865499202033E-003   0.0000000000000000        4.2837631480326679E-004
 -0.23999999999999999        0.0000000000000000        2.4404329712079207E-003   0.0000000000000000        4.1410226227030694E-004
 -0.22000000000000000        0.0000000000000000        2.7090764399990415E-003   0.0000000000000000        4.2059620918754659E-004
 -0.20000000000000001        0.0000000000000000        2.9602135726470627E-003   0.0000000000000000        4.4693092887270803E-004
 -0.17999999999999999        0.0000000000000000        2.7390087509632584E-003   0.0000000000000000        4.4177207809638802E-004
 -0.16000000000000000        0.0000000000000000        2.6263951663205382E-003   0.0000000000000000        5.0208368497442772E-004
 -0.14000000000000001        0.0000000000000000        2.7152815870799128E-003   0.0000000000000000        5.1726161551554390E-004
 -0.12000000000000000        0.0000000000000000        2.7558322030064035E-003   0.0000000000000000        5.2941111101837042E-004
 -0.10000000000000001        0.0000000000000000        2.4912422708207277E-003   0.0000000000000000        5.3104250269546893E-004
  -8.0000000000000002E-002   0.0000000000000000        2.7017767484309322E-003   0.0000000000000000        5.4107123209680235E-004
  -5.9999999999999998E-002   0.0000000000000000        2.6659429954643639E-003   0.0000000000000000        5.9285635120445083E-004
  -4.0000000000000001E-002   0.0000000000000000        2.7934059060611151E-003   0.0000000000000000        6.7251177456873780E-004
  -2.0000000000000000E-002   0.0000000000000000        2.6271520596864374E-003   0.0000000000000000        6.3789396196334595E-004
   0.0000000000000000        0.0000000000000000        2.9271999259585391E-003   0.0000000000000000        6.2195775953682517E-004
   2.0000000000000000E-002   0.0000000000000000        2.9300501873507634E-003   0.0000000000000000        7.3269879774648264E-004
   4.0000000000000001E-002   0.0000000000000000        2.7990325918945593E-003   0.0000000000000000        7.4424407091862571E-004
   5.9999999999999998E-002   0.0000000000000000        2.8036982773178448E-003   0.0000000000000000        8.4757410211011737E-004
   8.0000000000000002E-002   0.0000000000000000        2.4235111273350827E-003   0.0000000000000000        8.9132072935226350E-004
  0.10000000000000001        0.0000000000000000        1.9967084787046296E-003   0.0000000000000000        9.6265627055702198E-004
  0.12000000000000000        0.0000000000000000        1.9355705355406088E-003   0.0000000000000000        1.0172859646639348E-003
  0.14000000000000001        0.0000000000000000        1.8255408133957057E-003   0.0000000000000000        1.0511200027730726E-003
  0.16000000000000000        0.0000000000000000        1.6276380546427890E-003   0.0000000000000000        1.0456558960837894E-003
  0.17999999999999999        0.0000000000000000        1.3208710258292638E-003   0.0000000000000000        1.1400546717151346E-003
  0.20000000000000001        0.0000000000000000        1.2719373743184065E-003   0.0000000000000000        1.3257614960893885E-003
  0.22000000000000000        0.0000000000000000        1.1358455347205230E-003   0.0000000000000000        1.3622761515341250E-003
  0.23999999999999999        0.0000000000000000        1.1332620168525819E-003   0.0000000000000000        1.5012685684861779E-003
  0.26000000000000001        0.0000000000000000        1.0828314654738663E-003   0.0000000000000000        1.5316158138215011E-003
  0.28000000000000003        0.0000000000000000        1.1036267768417653E-003   0.0000000000000000        1.6293986825235125E-003
  0.29999999999999999        0.0000000000000000        9.7069217769845100E-004   0.0000000000000000        1.8183329656896387E-003
  0.32000000000000001        0.0000000000000000        9.4587391562663036E-004   0.0000000000000000        1.8310556668342784E-003
  0.34000000000000002        0.0000000000000000        8.8871420744007681E-004   0.0000000000000000        1.9372953219141936E-003
  0.35999999999999999        0.0000000000000000        9.2796901503154876E-004   0.0000000000000000        1.9796233664278770E-003
  0.38000000000000000        0.0000000000000000        8.7946089526049604E-004   0.0000000000000000        2.0411152444748935E-003
  0.40000000000000002        0.0000000000000000        8.3704945031673819E-004   0.0000000000000000        2.0951059086336140E-003
  0.41999999999999998        0.0000000000000000        7.6033690762394065E-004   0.0000000000000000        2.1329805597278357E-003
  0.44000000000000000        0.0000000000000000        8.1699509318295836E-004   0.0000000000000000        2.0813550904103992E-003
  0.46000000000000002        0.0000000000000000        7.5290530897066416E-004   0.0000000000000000        2.0842329221927303E-003
  0.47999999999999998        0.0000000000000000        7.3687441948562017E-004   0.0000000000000000        1.9898017513530100E-003
  0.50000000000000000        0.0000000000000000        7.5554448456363328E-004   0.0000000000000000        1.9424953559607353E-003
  0.52000000000000002        0.0000000000000000        7.1810803035717138E-004   0.0000000000000000        1.9271494183549060E-003
  0.54000000000000004        0.0000000000000000        6.9962363462503310E-004   0.0000000000000000        1.8268454097925694E-003
  0.56000000000000005        0.0000000000000000        7.8068058153890325E-004   0.0000000000000000        1.8461511446774819E-003
  0.57999999999999996        0.0000000000000000        7.2265111370195068E-004   0.0000000000000000        1.7876397981159441E-003
  0.59999999999999998        0.0000000000000000        6.9592067276128813E-004   0.0000000000000000        1.6156737115410233E-003
  0.62000000000000000        0.0000000000000000        7.2189973441407211E-004   0.0000000000000000        1.6311412173357291E-003
  0.64000000000000001        0.0000000000000000        7.7956354995223419E-004   0.0000000000000000        1.5465775752726866E-003
  0.66000000000000003        0.0000000000000000        8.0408723963725751E-004   0.0000000000000000        1.5257001558367507E-003
  0.68000000000000005        0.0000000000000000        7.5309890480369476E-004   0.0000000000000000        1.4956840998125846E-003
  0.69999999999999996        0.0000000000000000        7.6074581097221165E-004   0.0000000000000000        1.3688563420779175E-003
  0.71999999999999997        0.0000000000000000        8.0979784284558934E-004   0.0000000000000000        1.4082364226294369E-003
  0.73999999999999999        0.0000000000000000        8.0791995464944255E-004   0.0000000000000000        1.4292461799378848E-003
  0.76000000000000001        0.0000000000000000        9.0224661647916469E-004   0.0000000000000000        1.3810241029641897E-003
  0.78000000000000003        0.0000000000000000        8.8531882774096015E-004   0.0000000000000000        1.4651918514567927E-003
  0.80000000000000004        0.0000000000000000        9.4291966216922209E-004   0.0000000000000000        1.3614753178589924E-003
  0.81999999999999995        0.0000000000000000        9.4458189822025263E-004   0.0000000000000000        1.3460827690623888E-003
  0.83999999999999997        0.0000000000000000        1.0115763953452322E-003   0.0000000000000000        1.4088430573692544E-003
  0.85999999999999999        0.0000000000000000        1.0026994189906088E-003   0.0000000000000000        1.3571820050170868E-003
  0.88000000000000000        0.0000000000000000        1.0362257887776491E-003   0.0000000000000000        1.2634065786745615E-003
  0.90000000000000002        0.0000000000000000        1.1723636364640232E-003   0.0000000000000000        1.2762332718843855E-003
  0.92000000000000004        0.0000000000000000        1.2328230034015413E-003   0.0000000000000000        1.2721131355553376E-003
  0.93999999999999995        0.0000000000000000        1.3029869753417001E-003   0.0000000000000000        1.1914346784031521E-003
  0.95999999999999996        0.0000000000000000        1.3243100873652060E-003   0.0000000000000000        1.2340173182379787E-003
  0.97999999999999998        0.0000000000000000        1.4704920866398788E-003   0.0000000000000000        1.2334928777236666E-003
   1.0000000000000000        0.0000000000000000        1.5086103910566687E-003   0.0000000000000000        1.3140582101189460E-003
   1.0200000000000000        0.0000000000000000        1.6397898763972809E-003   0.0000000000000000        1.3074764687407098E-003
   1.0400000000000000        0.0000000000000000        1.6979052432309102E-003   0.0000000000000000        1.2746217825826453E-003
   1.0600000000000001        0.0000000000000000        1.7882595287910625E-003   0.0000000000000000        1.3475997436205448E-003
   1.0800000000000001        0.0000000000000000        1.8441618548738097E-003   0.0000000000000000        1.3696938788348790E-003
   1.1000000000000001        0.0000000000000000        2.2038380992941173E-003   0.0000000000000000        1.3246237867101389E-003
   1.1200000000000001        0.0000000000000000        2.2901940751865065E-003   0.0000000000000000        1.3904637737493983E-003
   1.1399999999999999        0.0000000000000000        2.4052225675301720E-003   0.0000000000000000        1.4650919949501253E-003
   1.1599999999999999        0.0000000000000000        2.4906767331936632E-003   0.0000000000000000        1.4580250147060102E-003
   1.1799999999999999        0.0000000000000000        2.6665324848678335E-003   0.0000000000000000        1.5638340547554442E-003
   1.2000000000000000        0.0000000000000000        2.7423079789268773E-003   0.0000000000000000        1.5523954445300268E-003
   1.2200000000000000        0.0000000000000000        2.9044187710857319E-003   0.0000000000000000        1.5583859733554111E-003
   1.2400000000000000        0.0000000000000000        3.0479935591884652E-003   0.0000000000000000        1.5276849654520296E-003
   1.2600000000000000        0.0000000000000000        3.1459656296925855E-003   0.0000000000000000        1.4617760524375039E-003
   1.2800000000000000        0.0000000000000000        3.2602425704334344E-003   0.0000000000000000        1.4420272958465630E-003
   1.3000000000000000        0.0000000000000000        3.2897960470060906E-003   0.0000000000000000        1.4409075072208840E-003
   1.3200000000000001        0.0000000000000000        3.3202029994674892E-003   0.0000000000000000        1.4246683751330644E-003
   1.3400000000000001        0.0000000000000000        3.3079391730031879E-003   0.0000000000000000        1.3903132566509091E-003
   1.3600000000000001        0.0000000000000000        3.4448848331196909E-003   0.0000000000000000        1.3246944358347877E-003
   1.3799999999999999        0.0000000000000000        3.4064003594592952E-003   0.0000000000000000        1.3512220620932273E-003
   1.3999999999999999        0.0000000000000000        3.5029292061987943E-003   0.0000000000000000        1.4468425506361778E-003
   1.4199999999999999        0.0000000000000000        3.4811513550534663E-003   0.0000000000000000        1.4516634918187517E-003
   1.4399999999999999        0.0000000000000000        3.6746874809582856E-003   0.0000000000000000        1.4408507294487575E-003
   1.4600000000000000        0.0000000000000000        3.7126292487209252E-003   0.0000000000000000        1.5378568024095110E-003
   1.4800000000000000        0.0000000000000000        3.6801737301171244E-003   0.0000000000000000        1.5608386180278144E-003
   1.5000000000000000        0.0000000000000000        3.8783359951669208E-003   0.0000000000000000        1.6381597770822184E-003
   1.5200000000000000        0.0000000000000000        3.7720797116954732E-003   0.0000000000000000        1.6646620730447483E-003
   1.5400000000000000        0.0000000000000000        3.6677584388221736E-003   0.0000000000000000        1.7979058913446030E-003
   1.5600000000000001        0.0000000000000000        3.5093277767977594E-003   0.0000000000000000        1.8643311460713476E-003
   1.5800000000000001        0.0000000000000000        3.4688235135896354E-003   0.0000000000000000        1.9291728265163344E-003
   1.6000000000000001        0.0000000000000000        3.4350287632863995E-003   0.0000000000000000        1.9964698225152675E-003
   1.6200000000000001        0.0000000000000000        3.3791212677555080E-003   0.0000000000000000        2.1162290491713760E-003
   1.6399999999999999        0.0000000000000000        3.5692294464378990E-003   0.0000000000000000        2.1880126092153696E-003
   1.6599999999999999        0.0000000000000000        3.6418138401570241E-003   0.0000000000000000        2.3704882700265805E-003
   1.6799999999999999        0.0000000000000000        3.5827547905645219E-003   0.0000000000000000        2.4969018688073630E-003
   1.7000000000000000        0.0000000000000000        3.8297964279196536E-003   0.0000000000000000        2.5853008967641308E-003
   1.7200000000000000        0.0000000000000000        4.0232866318934508E-003   0.0000000000000000        2.7641848250041842E-003
   1.7400000000000000        0.0000000000000000        4.3241908172507743E-003   0.0000000000000000        2.9691562009931281E-003
   1.7600000000000000        0.0000000000000000        4.6327594849003067E-003   0.0000000000000000        3.1912675715666293E-003
   1.7800000000000000        0.0000000000000000        4.8399435570102576E-003   0.0000000000000000        3.4751711651243734E-003
   1.8000000000000000        0.0000000000000000        5.5081545230372788E-003   0.0000000000000000        3.9065274944683030E-003
   1.8200000000000001        0.0000000000000000        5.6558782240637342E-003   0.0000000000000000        4.1333773535264656E-003
   1.8400000000000001        0.0000000000000000        5.6595278544541170E-003   0.0000000000000000        4.4979245966188849E-003
   1.8600000000000001        0.0000000000000000        5.6813401685870792E-003   0.0000000000000000        4.9899398335987314E-003
   1.8799999999999999        0.0000000000000000        5.5340109826115579E-003   0.0000000000000000        5.3240078381131912E-003
   1.8999999999999999        0.0000000000000000        5.6041982170683680E-003   0.0000000000000000        5.8021756743469799E-003
   1.9199999999999999        0.0000000000000000        5.8385164640191063E-003   0.0000000000000000        6.0638872578055092E-003
   1.9399999999999999        0.0000000000000000        5.3230473546478484E-003   0.0000000000000000        6.4454643000795295E-003
   1.9600000000000000        0.0000000000000000        4.3595762929057019E-003   0.0000000000000000        6.8546037198156818E-003
   1.9800000000000000        0.0000000000000000        3.2540726617574186E-003   0.0000000000000000        7.0928568645369375E-003
   2.0000000000000000        0.0000000000000000        2.7164830529862851E-003   0.0000000000000000        7.5202596860970278E-003
   2.0200000000000000        0.0000000000000000        2.4949706491378533E-003   0.0000000000000000        7.7124192741182974E-003
   2.0400000000000000        0.0000000000000000        2.4250853966101805E-003   0.0000000000000000        7.8684666482329215E-003
   2.0600000000000001        0.0000000000000000        2.3806973270107052E-003   0.0000000000000000        8.1172433247004572E-003
   2.0800000000000001        0.0000000000000000        2.5044137662218247E-003   0.0000000000000000        8.2213930580528113E-003
   2.1000000000000001        0.0000000000000000        2.6330645298448330E-003   0.0000000000000000        8.4899753550408859E-003
   2.1200000000000001        0.0000000000000000        2.8364822281937915E-003   0.0000000000000000        8.7450537611121360E-003
   2.1400000000000001        0.0000000000000000        3.1049840541057397E-003   0.0000000000000000        8.8792774483078801E-003
   2.1600000000000001        0.0000000000000000        3.4245130718698071E-003   0.0000000000000000        9.0536924747840319E-003
   2.1800000000000002        0.0000000000000000        3.7980218979514887E-003   0.0000000000000000        9.2426806925258089E-003
   2.2000000000000002        0.0000000000000000        4.3376557649915702E-003   0.0000000000000000        9.3118771160881526E-003
   2.2200000000000002        0.0000000000000000        4.7939147907270210E-003   0.0000000000000000        9.6655368121274180E-003
   2.2400000000000002        0.0000000000000000        5.3395772681938229E-003   0.0000000000000000        1.0027033908499332E-002
   2.2599999999999998        0.0000000000000000        5.7913379263109504E-003   0.0000000000000000        1.0363886436257106E-002
   2.2799999999999998        0.0000000000000000        6.1679873644556703E-003   0.0000000000000000        1.0543652100035760E-002
   2.2999999999999998        0.0000000000000000        6.4244994308124709E-003   0.0000000000000000        1.0778317044642096E-002
   2.3199999999999998        0.0000000000000000        6.6593544387956007E-003   0.0000000000000000        1.1037704185742217E-002
   2.3399999999999999        0.0000000000000000        6.6924625140702375E-003   0.0000000000000000        1.1754313937712020E-002
   2.3599999999999999        0.0000000000000000        6.6647116240657516E-003   0.0000000000000000        1.2618336620717300E-002
   2.3799999999999999        0.0000000000000000        6.6289312025725484E-003   0.0000000000000000        1.3383700988977208E-002
   2.3999999999999999        0.0000000000000000        6.6268333543578282E-003   0.0000000000000000        1.4030307797316573E-002
   2.4199999999999999        0.0000000000000000        6.6881930668472702E-003   0.0000000000000000        1.4003470004169434E-002
   2.4399999999999999        0.0000000000000000        6.4921524294736582E-003   0.0000000000000000        1.3296950842663764E-002
   2.4600000000000000        0.0000000000000000        6.5691862533686692E-003   0.0000000000000000        1.1908703642121477E-002
   2.4800000000000000        0.0000000000000000        6.4534083633589140E-003   0.0000000000000000        9.9779214802401296E-003
   2.5000000000000000        0.0000000000000000        6.5146243651899270E-003   0.0000000000000000        8.0063494431406503E-003
   2.5200000000000000        0.0000000000000000        6.4801848985455374E-003   0.0000000000000000        6.1982873954979376E-003
   2.5400000000000000        0.0000000000000000        6.6308046967377687E-003   0.0000000000000000        4.7314377881785023E-003
   2.5600000000000001        0.0000000000000000        6.6479753633813202E-003   0.0000000000000000        3.6385622572738079E-003
   2.5800000000000001        0.0000000000000000        6.8387006018572885E-003   0.0000000000000000        2.8380648547433893E-003
   2.6000000000000001        0.0000000000000000        7.0393615196679788E-003   0.0000000000000000        2.2673567456438577E-003
   2.6200000000000001        0.0000000000000000        7.3488077872975958E-003   0.0000000000000000        1.8461854353501780E-003
   2.6400000000000001        0.0000000000000000        7.6146467443125787E-003   0.0000000000000000        1.5315482663657404E-003
   2.6600000000000001        0.0000000000000000        7.8279884045804639E-003   0.0000000000000000        1.2892139284914621E-003
   2.6800000000000002        0.0000000000000000        8.0069462559289890E-003   0.0000000000000000        1.1009017022521194E-003
   2.7000000000000002        0.0000000000000000        8.1315240975160068E-003   0.0000000000000000        9.5163888419795366E-004
   2.7200000000000002        0.0000000000000000        8.3139567657501464E-003   0.0000000000000000        8.3339206575413864E-004
   2.7400000000000002        0.0000000000000000        8.3859014402613251E-003   0.0000000000000000        7.3531970795600600E-004
   2.7599999999999998        0.0000000000000000        8.4156234408435081E-003   0.0000000000000000        6.5485931535807086E-004
   2.7799999999999998        0.0000000000000000        8.3272798982968275E-003   0.0000000000000000        5.8940910470894610E-004
   2.7999999999999998        0.0000000000000000        8.0543424274040504E-003   0.0000000000000000        5.3465008824093844E-004
   2.8199999999999998        0.0000000000000000        8.1504582352367617E-003   0.0000000000000000        4.8800098818030282E-004
   2.8399999999999999        0.0000000000000000        8.0361973197851620E-003   0.0000000000000000        4.4787443931664260E-004
   2.8599999999999999        0.0000000000000000        7.9969409613592467E-003   0.0000000000000000        4.1294973380637528E-004
   2.8799999999999999        0.0000000000000000        7.9395907590085520E-003   0.0000000000000000        3.8232859387683489E-004
   2.8999999999999999        0.0000000000000000        7.9353105421019442E-003   0.0000000000000000        3.5526696362501526E-004
   2.9199999999999999        0.0000000000000000        7.9742797376834030E-003   0.0000000000000000        3.3119732380206229E-004
   2.9399999999999999        0.0000000000000000        8.0322534616378630E-003   0.0000000000000000        3.0964262050166015E-004
   2.9600000000000000        0.0000000000000000        8.1295627227323183E-003   0.0000000000000000        2.9029113600066443E-004
   2.9800000000000000        0.0000000000000000        8.2638090693424315E-003   0.0000000000000000        2.7279720653311176E-004
   3.0000000000000000        1.7725451818474330E-004   8.4311048179907359E-003   1.4478331892157011E-004   2.5693553031734805E-004
   3.0200000000000000        1.8871044606144689E-004   8.6265378728923696E-003   1.5069733991440805E-004   2.4251268383528081E-004
   3.0400000000000000        2.0136387660094369E-004   8.8041514092507857E-003   1.5699002298386839E-004   2.2932593856215649E-004
   3.0600000000000001        2.1538359228516864E-004   8.9227722372678935E-003   1.6369944973128629E-004   2.1726639145705295E-004
   3.0800000000000001        2.3098050659843829E-004   8.9856466842212959E-003   1.7086309865571307E-004   2.0617482351710401E-004
   3.1000000000000001        2.4841266116065812E-004   9.0653278686688380E-003   1.7852749479045367E-004   1.9594999971613621E-004
   3.1200000000000001        2.6798634577442039E-004   9.1321574603979924E-003   1.8673881853893725E-004   1.8652058166974844E-004
   3.1400000000000001        2.9008108409103847E-004   9.2027459301883222E-003   1.9554764433551570E-004   1.7778533435176746E-004
   3.1600000000000001        3.1517548085127222E-004   9.2398993571088453E-003   2.0502505209218309E-004   1.6967748572365330E-004
   3.1800000000000002        3.4385084049902821E-004   9.2636457341077998E-003   2.1523884773710819E-004   1.6213336541575333E-004
   3.2000000000000002        3.7685914542446853E-004   9.2683259801433632E-003   2.2626424674080081E-004   1.5509852190760665E-004
   3.2200000000000002        4.1514537074850238E-004   9.2087179351578608E-003   2.3820205334208918E-004   1.4853539054269276E-004
   3.2400000000000002        4.5996552005543096E-004   8.9160283475328457E-003   2.5114945316609931E-004   1.4239710165783018E-004
   3.2599999999999998        5.1298786041911986E-004   8.2510892975517433E-003   2.6523619936127133E-004   1.3664626291143663E-004
   3.2799999999999998        5.7644430107618098E-004   6.8549862589784138E-003   2.8059652526443729E-004   1.3125737169266351E-004
   3.2999999999999998        6.5342556891505050E-004   4.9365943165685117E-003   2.9739861025524867E-004   1.2619269103005193E-004
   3.3199999999999998        7.4844433369392126E-004   3.3515165008185868E-003   3.1583975493790683E-004   1.2142723525756780E-004
   3.3399999999999999        8.6775459377863540E-004   2.3699530598286331E-003   3.3613854081147697E-004   1.1693946500794015E-004
   3.3599999999999999        1.0209151757341443E-003   1.7768023085523237E-003   3.5857601354010967E-004   1.1270439461513482E-004
   3.3799999999999999        1.2231625110230709E-003   1.3963517751865732E-003   3.8346707867330595E-004   1.0870522337268040E-004
   3.3999999999999999        1.4991518517857309E-003   1.1386987254666963E-003   4.1120590663212299E-004   1.0492075654318233E-004
   3.4199999999999999        1.8927536335473436E-003   9.5414546344600368E-004   4.4225895395417960E-004   1.0133850129362357E-004
   3.4399999999999999        2.4850370375823876E-003   8.1671559835325147E-004   4.7720407878461968E-004   9.7945620161110614E-005
   3.4600000000000000        3.4255285238004268E-003   7.1094222749601746E-004   5.1675044325147075E-004   9.4725657069048421E-005
   3.4800000000000000        4.9442147723940200E-003   6.2720242315235267E-004   5.6177935210598867E-004   9.1665516082136414E-005
   3.5000000000000000        7.1656532056300088E-003   5.5949359445120017E-004   6.1340507989583238E-004   8.8757356870687885E-005
   3.5200000000000000        9.6179943452698556E-003   5.0377891933611697E-004   6.7304569240464885E-004   8.5992046742979969E-005
   3.5400000000000000        1.1470253796032955E-002   4.5721468438252900E-004   7.4245130630193367E-004   8.3357609810810160E-005
   3.5600000000000001        1.2601638441634207E-002   4.1773216260026895E-004   8.2406569204077518E-004   8.0845258012331799E-005
   3.5800000000000001        1.3180943084526492E-002   3.8388390850873245E-004   9.2092417725698876E-004   7.8450941946497956E-005
   3.6000000000000001        1.3448380004120568E-002   3.5454091463304728E-004   1.0376191273676698E-003   7.6161910307884320E-005
   3.6200000000000001        1.3462395756561215E-002   3.2889174992938453E-004   1.1800483657614675E-003   7.3978076939021766E-005
   3.6400000000000001        1.3221130805193203E-002   3.0629686750473597E-004   1.3569163815399020E-003   7.1887121321831404E-005
   3.6600000000000001        1.2717435630917035E-002   2.8627835187809497E-004   1.5808016482443663E-003   6.9888784983905913E-005
   3.6800000000000002        1.1927754954000187E-002   2.6842514576446330E-004   1.8703159885037723E-003   6.7974882965682323E-005
   3.7000000000000002        1.0998598258257324E-002   2.5240373360101864E-004   2.2562055567353031E-003   6.6140676606361162E-005
   3.7200000000000002        9.9984902836218158E-003   2.3796468951476385E-004   2.7876759174222405E-003   6.4382633449709890E-005
   3.7400000000000002        9.0871201081115030E-003   2.2488159167694698E-004   3.5495622809701812E-003   6.2691965433881981E-005
   3.7599999999999998        8.2937839420963756E-003   2.1298307288156079E-004   4.6973523425745817E-003   6.1072894274862604E-005
   3.7799999999999998        7.6974619928555036E-003   2.0211525588882193E-004   6.5322782890775656E-003   5.9516976540681493E-005
   3.7999999999999998        7.2914293252970405E-003   1.9215855413164251E-004   9.6559779855624629E-003   5.8020076672822663E-005
   3.8199999999999998        7.1056521964280167E-003   1.8300285836453332E-004   1.5016367710460537E-002   5.6582366986224288E-005
   3.8399999999999999        7.0785612726367063E-003   1.7455925407940039E-004   2.2483448852702426E-002   5.5199194977555847E-005
   3.8599999999999999        7.0712683013511848E-003   1.6675691983665674E-004   2.6299112181708540E-002   5.3866769718177660E-005
   3.8799999999999999        6.9671575973323284E-003   1.5951865854400366E-004   2.3034529601084958E-002   5.2580697177166456E-005
   3.8999999999999999        6.7521374172517541E-003   1.5280242535652814E-004   1.9487765973183021E-002   5.1345112913038237E-005
   3.9199999999999999        6.4118330766526127E-003   1.4654256828278863E-004   1.7527214251796548E-002   5.0151745808761017E-005
   3.9399999999999999        5.9665836831040119E-003   1.4069816252497034E-004   1.6464090531958339E-002   4.9000595864334767E-005
   3.9600000000000000        5.4652047662266867E-003   1.3523414199315614E-004   1.5725986386916489E-002   4.7891318449883155E-005
   3.9800000000000000        4.8496103388839694E-003   1.3011500981008377E-004   1.5094700272044508E-002   4.6820208794235572E-005
   4.0000000000000000        4.1238037078768306E-003   1.2531009391675930E-004   1.4588643263068350E-002   4.5782786708999733E-005
   4.0199999999999996        3.4339466254747109E-003   0.0000000000000000        1.4101934464609368E-002   0.0000000000000000     
   4.0400000000000000        2.8081675237116195E-003   0.0000000000000000        1.3697494159394504E-002   0.0000000000000000     
   4.0599999999999996        2.3109047799197658E-003   0.0000000000000000        1.3374494287988401E-002   0.0000000000000000     
   4.0800000000000001        1.9189879797810215E-003   0.0000000000000000        1.3100896420095100E-002   0.0000000000000000     
   4.0999999999999996        1.6330337523016195E-003   0.0000000000000000        1.3037233373827173E-002   0.0000000000000000     
   4.1200000000000001        1.4271367866223110E-003   0.0000000000000000        1.3241251072790830E-002   0.0000000000000000     
   4.1399999999999997        1.2952576164752710E-003   0.0000000000000000        1.3775046306623521E-002   0.0000000000000000     
   4.1600000000000001        1.1910947010301488E-003   0.0000000000000000        1.4194923617889035E-002   0.0000000000000000     
   4.1799999999999997        1.1143006533715970E-003   0.0000000000000000        1.4221977493968637E-002   0.0000000000000000     
   4.2000000000000002        1.0461127891423392E-003   0.0000000000000000        1.4034756365917771E-002   0.0000000000000000     
   4.2199999999999998        9.8129014949801998E-004   0.0000000000000000        1.3903424209541939E-002   0.0000000000000000     
   4.2400000000000002        9.1717115790370654E-004   0.0000000000000000        1.4114030025536548E-002   0.0000000000000000     
   4.2599999999999998        8.6002911199831492E-004   0.0000000000000000        1.4657097526192020E-002   0.0000000000000000     
   4.2800000000000002        8.0528060674153528E-004   0.0000000000000000        1.4932819434170640E-002   0.0000000000000000     
   4.2999999999999998        7.5407170878711812E-004   0.0000000000000000        1.4405459215546340E-002   0.0000000000000000     
   4.3200000000000003        7.0331341439600883E-004   0.0000000000000000        1.3057680264390097E-002   0.0000000000000000     
   4.3399999999999999        6.6645318134277761E-004   0.0000000000000000        1.1135686595142627E-002   0.0000000000000000     
   4.3600000000000003        6.2158185449921321E-004   0.0000000000000000        8.9073452254836583E-003   0.0000000000000000     
   4.3799999999999999        5.8276403759093334E-004   0.0000000000000000        7.1621203186102338E-003   0.0000000000000000     
   4.4000000000000004        5.5031110371120623E-004   0.0000000000000000        5.8295492807943555E-003   0.0000000000000000     
   4.4199999999999999        5.2601874683067212E-004   0.0000000000000000        5.1058807335399962E-003   0.0000000000000000     
   4.4400000000000004        4.9349051132296592E-004   0.0000000000000000        4.5320001341138637E-003   0.0000000000000000     
   4.4600000000000000        4.7611065434447955E-004   0.0000000000000000        4.1495240386499573E-003   0.0000000000000000     
   4.4800000000000004        4.4343698502895984E-004   0.0000000000000000        3.8623110505472450E-003   0.0000000000000000     
   4.5000000000000000        4.2753378091309787E-004   0.0000000000000000        3.6245035984135586E-003   0.0000000000000000     
   4.5199999999999996        4.0547316095423713E-004   0.0000000000000000        3.4107748326370783E-003   0.0000000000000000     
   4.5400000000000000        3.9051932599020741E-004   0.0000000000000000        3.1934600206824002E-003   0.0000000000000000     
   4.5599999999999996        3.7434041797327781E-004   0.0000000000000000        3.0337838662849114E-003   0.0000000000000000     
   4.5800000000000001        3.5381185012966181E-004   0.0000000000000000        2.8469144330228440E-003   0.0000000000000000     
   4.5999999999999996        3.4494641887589545E-004   0.0000000000000000        2.6614506588688754E-003   0.0000000000000000     
   4.6200000000000001        3.2431713295092058E-004   0.0000000000000000        2.5466553947940183E-003   0.0000000000000000     
   4.6399999999999997        3.1266519683205185E-004   0.0000000000000000        2.3561193581201592E-003   0.0000000000000000     
   4.6600000000000001        3.0842082143258548E-004   0.0000000000000000        2.2089989316922266E-003   0.0000000000000000     
   4.6799999999999997        2.8920210559144771E-004   0.0000000000000000        2.1360230384335857E-003   0.0000000000000000     
   4.7000000000000002        2.8295922153911735E-004   0.0000000000000000        1.9658498887902944E-003   0.0000000000000000     
   4.7199999999999998        2.7225923929615343E-004   0.0000000000000000        1.9154260576941667E-003   0.0000000000000000     
   4.7400000000000002        2.5848429698159536E-004   0.0000000000000000        1.8290687032822726E-003   0.0000000000000000     
   4.7599999999999998        2.5730126877360806E-004   0.0000000000000000        1.7754199119608763E-003   0.0000000000000000     
   4.7800000000000002        2.4302428688669940E-004   0.0000000000000000        1.7124538796178391E-003   0.0000000000000000     
   4.7999999999999998        2.3118452748522829E-004   0.0000000000000000        1.6883151415046820E-003   0.0000000000000000     
   4.8200000000000003        2.2895821848410751E-004   0.0000000000000000        1.5838157811427869E-003   0.0000000000000000     
   4.8399999999999999        2.1403669257098447E-004   0.0000000000000000        1.4976770943874267E-003   0.0000000000000000     
   4.8600000000000003        2.0726376776885190E-004   0.0000000000000000        1.4729388726043848E-003   0.0000000000000000     
   4.8799999999999999        1.9976625865172616E-004   0.0000000000000000        1.3742175767491149E-003   0.0000000000000000     
   4.9000000000000004        1.9097578439606253E-004   0.0000000000000000        1.3059395056497273E-003   0.0000000000000000     
   4.9199999999999999        1.8215291493202350E-004   0.0000000000000000        1.3060895058034018E-003   0.0000000000000000     
   4.9400000000000004        1.7985139046039269E-004   0.0000000000000000        1.2389528488544336E-003   0.0000000000000000     
   4.9600000000000000        1.7328998224486043E-004   0.0000000000000000        1.1922707504831399E-003   0.0000000000000000     
   4.9800000000000004        1.6647897584139295E-004   0.0000000000000000        1.2021117427593393E-003   0.0000000000000000     
   5.0000000000000000        1.6394896176175259E-004   0.0000000000000000        1.1988383620364453E-003   0.0000000000000000     
   5.0199999999999996        1.6090751694563160E-004   0.0000000000000000        1.1439732857239963E-003   0.0000000000000000     
   5.0400000000000000        1.5483470773727261E-004   0.0000000000000000        1.1921372064060594E-003   0.0000000000000000     
   5.0599999999999996        1.5157416447727210E-004   0.0000000000000000        1.1890557845242835E-003   0.0000000000000000     
   5.0800000000000001        1.4874888875108207E-004   0.0000000000000000        1.1442396846184028E-003   0.0000000000000000     
   5.0999999999999996        1.4804929010212297E-004   0.0000000000000000        1.1614915977552990E-003   0.0000000000000000     
   5.1200000000000001        1.4599969007009271E-004   0.0000000000000000        1.1166910061938535E-003   0.0000000000000000     
   5.1399999999999997        1.4211398821442148E-004   0.0000000000000000        1.0779398751666438E-003   0.0000000000000000     
   5.1600000000000001        1.3554792749555868E-004   0.0000000000000000        1.0274024885262648E-003   0.0000000000000000     
   5.1799999999999997        1.3469471007922356E-004   0.0000000000000000        1.0050842577348433E-003   0.0000000000000000     
   5.2000000000000002        1.3616524576154287E-004   0.0000000000000000        9.8343891677696543E-004   0.0000000000000000     
   5.2199999999999998        1.3313939544732606E-004   0.0000000000000000        9.4819249927714008E-004   0.0000000000000000     
   5.2400000000000002        1.2930745585236305E-004   0.0000000000000000        9.4074246292547925E-004   0.0000000000000000     
   5.2599999999999998        1.2750176761530850E-004   0.0000000000000000        9.7153178223467057E-004   0.0000000000000000     
   5.2800000000000002        1.3114243762890593E-004   0.0000000000000000        9.1680119773146105E-004   0.0000000000000000     
   5.2999999999999998        1.3387974657916161E-004   0.0000000000000000        8.7835945817573129E-004   0.0000000000000000     
   5.3200000000000003        1.3042345354940315E-004   0.0000000000000000        9.2109916307669775E-004   0.0000000000000000     
   5.3399999999999999        1.2826159033515694E-004   0.0000000000000000        9.4539703403525286E-004   0.0000000000000000     
   5.3600000000000003        1.2309593311877936E-004   0.0000000000000000        8.9617415190068226E-004   0.0000000000000000     
   5.3799999999999999        1.2983137942186045E-004   0.0000000000000000        8.7021697424504547E-004   0.0000000000000000     
   5.4000000000000004        1.2820472640556177E-004   0.0000000000000000        8.8492146949354701E-004   0.0000000000000000     
   5.4199999999999999        1.1763087869733627E-004   0.0000000000000000        8.8651521035665586E-004   0.0000000000000000     
   5.4400000000000004        1.1892978870124085E-004   0.0000000000000000        8.3193634915650180E-004   0.0000000000000000     
   5.4600000000000000        1.2547379310801825E-004   0.0000000000000000        7.9302341440235370E-004   0.0000000000000000     
   5.4800000000000004        1.2424122435530794E-004   0.0000000000000000        8.0437759030806957E-004   0.0000000000000000     
   5.5000000000000000        1.1880701430779674E-004   0.0000000000000000        7.9106462434273784E-004   0.0000000000000000     
   5.5199999999999996        1.1367418308714006E-004   0.0000000000000000        7.3898631136779783E-004   0.0000000000000000     
   5.5400000000000000        1.1532504635225129E-004   0.0000000000000000        7.1478037042875487E-004   0.0000000000000000     
   5.5599999999999996        1.2132961884509607E-004   0.0000000000000000        6.9745582654542014E-004   0.0000000000000000     
   5.5800000000000001        1.2104504072471290E-004   0.0000000000000000        6.7679543777410625E-004   0.0000000000000000     
   5.5999999999999996        1.1527817668906976E-004   0.0000000000000000        6.5054704787296646E-004   0.0000000000000000     
   5.6200000000000001        1.1030206590467620E-004   0.0000000000000000        6.3147643672118348E-004   0.0000000000000000     
   5.6399999999999997        1.0965433405210556E-004   0.0000000000000000        6.5078087924405972E-004   0.0000000000000000     
   5.6600000000000001        1.1431752090878746E-004   0.0000000000000000        6.0727807763941990E-004   0.0000000000000000     
   5.6799999999999997        1.1337969685781224E-004   0.0000000000000000        5.8534919245078771E-004   0.0000000000000000     
   5.7000000000000002        1.1217039062175455E-004   0.0000000000000000        5.9630359769995524E-004   0.0000000000000000     
   5.7199999999999998        1.0221222418760059E-004   0.0000000000000000        5.9226513865159901E-004   0.0000000000000000     
   5.7400000000000002        1.0511891872207469E-004   0.0000000000000000        6.1089298656976114E-004   0.0000000000000000     
   5.7599999999999998        1.0773474564092248E-004   0.0000000000000000        6.0290946316953462E-004   0.0000000000000000     
   5.7800000000000002        1.0781478592970116E-004   0.0000000000000000        5.6265204111033635E-004   0.0000000000000000     
   5.7999999999999998        1.0123356149627974E-004   0.0000000000000000        5.3763165361604595E-004   0.0000000000000000     
   5.8200000000000003        9.4049234779272934E-005   0.0000000000000000        5.3069365110314953E-004   0.0000000000000000     
   5.8399999999999999        9.6042315511584279E-005   0.0000000000000000        5.3573920480762445E-004   0.0000000000000000     
   5.8600000000000003        9.9626810855339264E-005   0.0000000000000000        5.3393343041310078E-004   0.0000000000000000     
   5.8799999999999999        1.0089651347722464E-004   0.0000000000000000        5.2030995292919144E-004   0.0000000000000000     
   5.9000000000000004        9.6681431617246628E-005   0.0000000000000000        4.7515137708370258E-004   0.0000000000000000     
   5.9199999999999999        8.4920075512641597E-005   0.0000000000000000        4.2141367125421214E-004   0.0000000000000000     
   5.9400000000000004        8.8419533434411004E-005   0.0000000000000000        4.1202733194236620E-004   0.0000000000000000     
   5.9600000000000000        8.8768212711792422E-005   0.0000000000000000        4.0081746979736527E-004   0.0000000000000000     
   5.9800000000000004        8.7700893984784574E-005   0.0000000000000000        4.0789832139400257E-004   0.0000000000000000     
   6.0000000000000000        7.9658525033173976E-005   0.0000000000000000        4.1053344758592533E-004   0.0000000000000000     
   6.0199999999999996        7.1360613028261408E-005   0.0000000000000000        3.9173354320200292E-004   0.0000000000000000     
   6.0400000000000000        7.0239187410668964E-005   0.0000000000000000        3.5789700652626166E-004   0.0000000000000000     
   6.0599999999999996        7.0721583080068145E-005   0.0000000000000000        3.3027638661502743E-004   0.0000000000000000     
   6.0800000000000001        6.9062190225517667E-005   0.0000000000000000        3.2571925960278738E-004   0.0000000000000000     
   6.0999999999999996        6.3535188583803407E-005   0.0000000000000000        3.1351445100480900E-004   0.0000000000000000     
   6.1200000000000001        5.5546064948086507E-005   0.0000000000000000        3.2332201418300467E-004   0.0000000000000000     
   6.1399999999999997        5.3419353981226416E-005   0.0000000000000000        3.1951058006568354E-004   0.0000000000000000     
   6.1600000000000001        5.0795686732691991E-005   0.0000000000000000        3.1758806230055170E-004   0.0000000000000000     
   6.1799999999999997        4.9077189854350101E-005   0.0000000000000000        2.7285139958116531E-004   0.0000000000000000     
   6.2000000000000002        4.8874633644534520E-005   0.0000000000000000        2.5026409901379612E-004   0.0000000000000000     
   6.2199999999999998        4.4470263824979854E-005   0.0000000000000000        2.3601055195847828E-004   0.0000000000000000     
   6.2400000000000002        3.8979103690404360E-005   0.0000000000000000        2.3196864661135833E-004   0.0000000000000000     
   6.2599999999999998        3.6082058792467610E-005   0.0000000000000000        2.3958910243686646E-004   0.0000000000000000     
   6.2800000000000002        3.4984068006465974E-005   0.0000000000000000        2.2932145837376404E-004   0.0000000000000000     
   6.2999999999999998        3.4012987172424472E-005   0.0000000000000000        2.0977413794554130E-004   0.0000000000000000     
   6.3200000000000003        3.1126539643185030E-005   0.0000000000000000        1.8333034290452018E-004   0.0000000000000000     
   6.3399999999999999        2.8479954507874354E-005   0.0000000000000000        1.7371068916639576E-004   0.0000000000000000     
   6.3600000000000003        2.6100974471537430E-005   0.0000000000000000        1.6686745986949105E-004   0.0000000000000000     
   6.3799999999999999        2.3962287616474726E-005   0.0000000000000000        1.6696671327387537E-004   0.0000000000000000     
   6.4000000000000004        2.2884543835707709E-005   0.0000000000000000        1.7278561642084493E-004   0.0000000000000000     
   6.4199999999999999        2.2206398396550528E-005   0.0000000000000000        1.5558755170212523E-004   0.0000000000000000     
   6.4400000000000004        2.1124863687143837E-005   0.0000000000000000        1.3445062596930971E-004   0.0000000000000000     
   6.4600000000000000        1.9355706216980776E-005   0.0000000000000000        1.3372647244166188E-004   0.0000000000000000     
   6.4800000000000004        1.8109783056562537E-005   0.0000000000000000        1.1942941586445677E-004   0.0000000000000000     
   6.5000000000000000        1.7266387591702982E-005   0.0000000000000000        1.1282682437870260E-004   0.0000000000000000     
   6.5199999999999996        1.6730229661595606E-005   0.0000000000000000        1.1681505362258349E-004   0.0000000000000000     
   6.5400000000000000        1.6587208262916802E-005   0.0000000000000000        1.1340321784687206E-004   0.0000000000000000     
   6.5599999999999996        1.6141429517878143E-005   0.0000000000000000        1.1135585790903798E-004   0.0000000000000000     
   6.5800000000000001        1.5340682000214975E-005   0.0000000000000000        9.5267329077177164E-005   0.0000000000000000     
   6.5999999999999996        1.4616528472567142E-005   0.0000000000000000        9.4239987415824103E-005   0.0000000000000000     
   6.6200000000000001        1.4096740461585662E-005   0.0000000000000000        9.0770426135826712E-005   0.0000000000000000     
   6.6399999999999997        1.3449784026236753E-005   0.0000000000000000        8.4894831374200105E-005   0.0000000000000000     
   6.6600000000000001        1.3058026014313533E-005   0.0000000000000000        8.5289777212479409E-005   0.0000000000000000     
   6.6799999999999997        1.2777238822570008E-005   0.0000000000000000        8.1862346934863918E-005   0.0000000000000000     
   6.7000000000000002        1.2720461050443903E-005   0.0000000000000000        7.9757692280089227E-005   0.0000000000000000     
   6.7199999999999998        1.2442172425303809E-005   0.0000000000000000        7.8535807053545310E-005   0.0000000000000000     
   6.7400000000000002        1.2179047514722435E-005   0.0000000000000000        6.9160151267865714E-005   0.0000000000000000     
   6.7599999999999998        1.1930741688823443E-005   0.0000000000000000        6.5452623058259374E-005   0.0000000000000000     
   6.7800000000000002        1.1447139814857080E-005   0.0000000000000000        6.2911925452452459E-005   0.0000000000000000     
   6.7999999999999998        1.1215893167836644E-005   0.0000000000000000        6.1311981251569659E-005   0.0000000000000000     
   6.8200000000000003        1.0861613654964794E-005   0.0000000000000000        6.0468585786710084E-005   0.0000000000000000     
   6.8399999999999999        1.0737029954669874E-005   0.0000000000000000        5.7996555683762817E-005   0.0000000000000000     
   6.8600000000000003        1.0488551813832718E-005   0.0000000000000000        5.4755397854306148E-005   0.0000000000000000     
   6.8799999999999999        1.0361469546934374E-005   0.0000000000000000        5.3433656121094293E-005   0.0000000000000000     
   6.9000000000000004        1.0250843356631009E-005   0.0000000000000000        4.7551254919410097E-005   0.0000000000000000     
   6.9199999999999999        1.0228959359483769E-005   0.0000000000000000        4.5216215192305824E-005   0.0000000000000000     
   6.9400000000000004        1.0005466884680858E-005   0.0000000000000000        4.4194129136566841E-005   0.0000000000000000     
   6.9600000000000000        9.6710035896982402E-006   0.0000000000000000        4.1338956768604728E-005   0.0000000000000000     
   6.9800000000000004        9.5557248960643571E-006   0.0000000000000000        4.1490766229130083E-005   0.0000000000000000     
   7.0000000000000000        9.3268045007091724E-006   0.0000000000000000        4.1485252151108736E-005   0.0000000000000000     
