# generlized Kondo-Heisenberg model
# U/W=1 Jh/U=0.25 n=1/2 L=48
# density of states DOS(omega)
# omega, DOS(omega) hole part, DOS(omega) electron part 
  -4.0000000000000000        0.0000000000000000        9.5164370901622226E-006
  -3.9800000000000000        0.0000000000000000        9.6962477281397358E-006
  -3.9600000000000000        0.0000000000000000        9.8657194698272188E-006
  -3.9399999999999999        0.0000000000000000        1.0047770202000910E-005
  -3.9199999999999999        0.0000000000000000        1.0220946714858987E-005
  -3.8999999999999999        0.0000000000000000        1.0407046848079609E-005
  -3.8799999999999999        0.0000000000000000        1.0573416920880078E-005
  -3.8599999999999999        0.0000000000000000        1.0747971953243495E-005
  -3.8399999999999999        0.0000000000000000        1.0950528163059085E-005
  -3.8199999999999998        0.0000000000000000        1.1152050483245676E-005
  -3.7999999999999998        0.0000000000000000        1.1405525757289687E-005
  -3.7799999999999998        0.0000000000000000        1.1683814382429780E-005
  -3.7599999999999998        0.0000000000000000        1.1964601574173298E-005
  -3.7400000000000002        0.0000000000000000        1.2284848886757116E-005
  -3.7200000000000002        0.0000000000000000        1.2605010041871848E-005
  -3.7000000000000002        0.0000000000000000        1.2900271688421422E-005
  -3.6800000000000002        0.0000000000000000        1.3182178927263024E-005
  -3.6600000000000001        0.0000000000000000        1.3543695667537896E-005
  -3.6400000000000001        0.0000000000000000        1.3951651283648840E-005
  -3.6200000000000001        0.0000000000000000        1.4436114732306042E-005
  -3.6000000000000001        0.0000000000000000        1.5043438731876478E-005
  -3.5800000000000001        0.0000000000000000        1.5548149185768327E-005
  -3.5600000000000001        0.0000000000000000        1.6216903460795388E-005
  -3.5400000000000000        0.0000000000000000        1.6991372950388058E-005
  -3.5200000000000000        0.0000000000000000        1.7594733706380653E-005
  -3.5000000000000000        0.0000000000000000        1.8436319864389456E-005
  -3.4800000000000000        0.0000000000000000        1.9164695108022386E-005
  -3.4600000000000000        0.0000000000000000        2.0187728895921297E-005
  -3.4399999999999999        0.0000000000000000        2.1383594566801953E-005
  -3.4199999999999999        0.0000000000000000        2.2894538102121399E-005
  -3.3999999999999999        0.0000000000000000        2.4521708063234656E-005
  -3.3799999999999999        0.0000000000000000        2.6073231766492502E-005
  -3.3599999999999999        0.0000000000000000        2.8057955224302779E-005
  -3.3399999999999999        0.0000000000000000        2.9718123496075063E-005
  -3.3199999999999998        0.0000000000000000        3.1633748663680292E-005
  -3.2999999999999998        0.0000000000000000        3.2992624266067156E-005
  -3.2799999999999998        0.0000000000000000        3.4372263818503172E-005
  -3.2599999999999998        0.0000000000000000        3.6482346393830111E-005
  -3.2400000000000002        0.0000000000000000        3.8985823972992898E-005
  -3.2200000000000002        0.0000000000000000        4.2907367335802930E-005
  -3.2000000000000002        0.0000000000000000        4.5047777340247358E-005
  -3.1800000000000002        0.0000000000000000        4.6783850342282295E-005
  -3.1600000000000001        0.0000000000000000        4.7598038425122493E-005
  -3.1400000000000001        0.0000000000000000        4.9592239204531985E-005
  -3.1200000000000001        0.0000000000000000        5.3513265622527562E-005
  -3.1000000000000001        0.0000000000000000        5.6696870262636437E-005
  -3.0800000000000001        0.0000000000000000        5.7901610152832684E-005
  -3.0600000000000001        0.0000000000000000        5.8471714125759005E-005
  -3.0400000000000000        0.0000000000000000        5.8924988570607936E-005
  -3.0200000000000000        0.0000000000000000        6.0068556657754825E-005
  -3.0000000000000000        0.0000000000000000        6.2097651212143182E-005
  -2.9800000000000000        0.0000000000000000        6.2611925145103308E-005
  -2.9600000000000000        0.0000000000000000        6.1446386903340103E-005
  -2.9399999999999999        0.0000000000000000        6.0305231225327560E-005
  -2.9199999999999999        0.0000000000000000        6.0714823833351095E-005
  -2.8999999999999999        0.0000000000000000        6.1175593978010274E-005
  -2.8799999999999999        0.0000000000000000        6.3315400880171072E-005
  -2.8599999999999999        0.0000000000000000        6.4160174864535946E-005
  -2.8399999999999999        0.0000000000000000        6.3715430009126325E-005
  -2.8199999999999998        0.0000000000000000        6.3710002088574049E-005
  -2.7999999999999998        0.0000000000000000        6.5387660326570295E-005
  -2.7799999999999998        0.0000000000000000        6.7689960215422821E-005
  -2.7599999999999998        0.0000000000000000        6.9939617890665210E-005
  -2.7400000000000002        0.0000000000000000        7.0872444808433598E-005
  -2.7200000000000002        0.0000000000000000        7.2064950338019995E-005
  -2.7000000000000002        0.0000000000000000        7.3016990371393991E-005
  -2.6800000000000002        0.0000000000000000        7.5003006191240541E-005
  -2.6600000000000001        0.0000000000000000        7.8160677433155210E-005
  -2.6400000000000001        0.0000000000000000        8.1031013515676050E-005
  -2.6200000000000001        0.0000000000000000        8.1326361319694691E-005
  -2.6000000000000001        0.0000000000000000        8.3637190797986486E-005
  -2.5800000000000001        0.0000000000000000        8.6746269227338000E-005
  -2.5600000000000001        0.0000000000000000        9.0315687014003350E-005
  -2.5400000000000000        0.0000000000000000        9.3990647700296079E-005
  -2.5200000000000000        0.0000000000000000        9.6062993304164387E-005
  -2.5000000000000000        0.0000000000000000        9.9021382320088659E-005
  -2.4800000000000000        0.0000000000000000        1.0214054117332297E-004
  -2.4600000000000000        0.0000000000000000        1.0518534613073813E-004
  -2.4399999999999999        0.0000000000000000        1.0643144160609456E-004
  -2.4199999999999999        0.0000000000000000        1.0800898486501564E-004
  -2.3999999999999999        0.0000000000000000        1.0961659708064690E-004
  -2.3799999999999999        0.0000000000000000        1.1389939871132461E-004
  -2.3599999999999999        0.0000000000000000        1.1537975634511937E-004
  -2.3399999999999999        0.0000000000000000        1.1473693546828649E-004
  -2.3199999999999998        0.0000000000000000        1.1764164838097168E-004
  -2.2999999999999998        0.0000000000000000        1.2178185940031596E-004
  -2.2799999999999998        0.0000000000000000        1.2464943844382612E-004
  -2.2599999999999998        0.0000000000000000        1.2718634512099333E-004
  -2.2400000000000002        0.0000000000000000        1.3078919200566308E-004
  -2.2200000000000002        0.0000000000000000        1.3696892263315489E-004
  -2.2000000000000002        0.0000000000000000        1.3988104508818122E-004
  -2.1800000000000002        0.0000000000000000        1.4384179009942436E-004
  -2.1600000000000001        0.0000000000000000        1.4793961164397950E-004
  -2.1400000000000001        0.0000000000000000        1.5323381580422982E-004
  -2.1200000000000001        0.0000000000000000        1.5798221239783546E-004
  -2.1000000000000001        0.0000000000000000        1.6058968204218211E-004
  -2.0800000000000001        0.0000000000000000        1.6725689162974891E-004
  -2.0600000000000001        0.0000000000000000        1.7344256712260753E-004
  -2.0400000000000000        0.0000000000000000        1.7697829733886113E-004
  -2.0200000000000000        0.0000000000000000        1.8701857184105173E-004
  -2.0000000000000000        0.0000000000000000        1.9413414489772980E-004
  -1.9800000000000000        0.0000000000000000        1.9921864177823058E-004
  -1.9600000000000000        0.0000000000000000        2.1053318524816799E-004
  -1.9399999999999999        0.0000000000000000        2.2136852087506232E-004
  -1.9199999999999999        0.0000000000000000        2.2935928150269179E-004
  -1.8999999999999999        0.0000000000000000        2.4049970072761114E-004
  -1.8799999999999999        0.0000000000000000        2.5202532999680344E-004
  -1.8600000000000001        0.0000000000000000        2.6147378884385864E-004
  -1.8400000000000001        0.0000000000000000        2.7407871272826137E-004
  -1.8200000000000001        0.0000000000000000        2.8344549429462537E-004
  -1.8000000000000000        0.0000000000000000        2.9478554037541151E-004
  -1.7800000000000000        0.0000000000000000        3.0660660360609144E-004
  -1.7600000000000000        0.0000000000000000        3.1913794901189684E-004
  -1.7400000000000000        0.0000000000000000        3.3465490919385685E-004
  -1.7200000000000000        0.0000000000000000        3.4702040147167645E-004
  -1.7000000000000000        0.0000000000000000        3.6096679714971109E-004
  -1.6799999999999999        0.0000000000000000        3.7901092821483187E-004
  -1.6599999999999999        0.0000000000000000        3.9518061738256957E-004
  -1.6399999999999999        0.0000000000000000        4.1372644339016416E-004
  -1.6200000000000001        0.0000000000000000        4.3204851845054875E-004
  -1.6000000000000001        0.0000000000000000        4.5217335239403897E-004
  -1.5800000000000001        0.0000000000000000        4.7717142510383693E-004
  -1.5600000000000001        0.0000000000000000        5.0149522946058662E-004
  -1.5400000000000000        0.0000000000000000        5.2956188658926685E-004
  -1.5200000000000000        0.0000000000000000        5.5827308774416152E-004
  -1.5000000000000000        0.0000000000000000        5.9038793971520468E-004
  -1.4800000000000000        0.0000000000000000        6.2543533346144718E-004
  -1.4600000000000000        0.0000000000000000        6.6120446832620289E-004
  -1.4399999999999999        0.0000000000000000        7.0512797685237834E-004
  -1.4199999999999999        0.0000000000000000        7.5127891442677234E-004
  -1.3999999999999999        0.0000000000000000        8.0288422289644308E-004
  -1.3799999999999999        0.0000000000000000        8.5883565873656818E-004
  -1.3600000000000001        0.0000000000000000        9.1635869297024730E-004
  -1.3400000000000001        0.0000000000000000        9.7192078320758324E-004
  -1.3200000000000001        0.0000000000000000        1.0372188397663070E-003
  -1.3000000000000000        0.0000000000000000        1.1070877223748540E-003
  -1.2800000000000000        0.0000000000000000        1.1882291036084264E-003
  -1.2600000000000000        0.0000000000000000        1.2754619902211487E-003
  -1.2400000000000000        0.0000000000000000        1.3933209277391489E-003
  -1.2200000000000000        0.0000000000000000        1.5592683119962961E-003
  -1.2000000000000000        0.0000000000000000        1.8021463896579605E-003
  -1.1799999999999999        0.0000000000000000        2.1499714157334092E-003
  -1.1599999999999999        0.0000000000000000        2.6198461647805550E-003
  -1.1399999999999999        0.0000000000000000        3.2059402747090385E-003
  -1.1200000000000001        0.0000000000000000        3.9316747057570852E-003
  -1.1000000000000001        0.0000000000000000        4.7282418630203160E-003
  -1.0800000000000001        0.0000000000000000        5.4428879139547699E-003
  -1.0600000000000001        0.0000000000000000        6.0142559892674809E-003
  -1.0400000000000000        0.0000000000000000        6.4812470478243980E-003
  -1.0200000000000000        0.0000000000000000        6.8814132533129586E-003
  -1.0000000000000000        1.5749275181597145E-004   7.2429803957072452E-003
 -0.97999999999999998        1.6457679123896480E-004   7.4919184451143744E-003
 -0.95999999999999996        1.7221577092032595E-004   7.6375001853019415E-003
 -0.93999999999999995        1.8047241349754736E-004   7.7030820445638283E-003
 -0.92000000000000004        1.8942555305484092E-004   7.8165920115148921E-003
 -0.90000000000000002        1.9915772844758856E-004   8.1041597099178256E-003
 -0.88000000000000000        2.0977267326856698E-004   8.6303848900444215E-003
 -0.85999999999999999        2.2138523542406454E-004   9.3461343596854297E-003
 -0.83999999999999997        2.3414558738269427E-004   1.0206180961649965E-002
 -0.81999999999999995        2.4822009921725627E-004   1.1158577600788509E-002
 -0.80000000000000004        2.6381503190873692E-004   1.2115047161963046E-002
 -0.78000000000000003        2.8117076479587964E-004   1.2972420728449263E-002
 -0.76000000000000001        3.0059884328689058E-004   1.3571036361832076E-002
 -0.73999999999999999        3.2248068649740329E-004   1.3861242632725694E-002
 -0.71999999999999997        3.4729748389224918E-004   1.3803501706252705E-002
 -0.69999999999999996        3.7564561747242565E-004   1.3496397801735064E-002
 -0.68000000000000005        4.0830912020659331E-004   1.2975470789012292E-002
 -0.66000000000000003        4.4629844689216507E-004   1.1954502109489852E-002
 -0.64000000000000001        4.9096859604541901E-004   1.0183065515797122E-002
 -0.62000000000000000        5.4419452650855259E-004   7.7811264955711928E-003
 -0.59999999999999998        6.0854812489118137E-004   5.4526099227661662E-003
 -0.57999999999999996        6.8776647141480707E-004   3.7584937988680840E-003
 -0.56000000000000005        7.8733262741191156E-004   2.6898980458534352E-003
 -0.54000000000000004        9.1574955966382612E-004   2.0225099698136318E-003
 -0.52000000000000002        1.0866161907757716E-003   1.5851641455339452E-003
 -0.50000000000000000        1.3230501205373267E-003   1.2832434743563739E-003
 -0.47999999999999998        1.6670133965335091E-003   1.0648622052493789E-003
 -0.46000000000000002        2.1961394124866817E-003   9.0104213506137594E-004
 -0.44000000000000000        3.0583251320936279E-003   7.7450412489523670E-004
 -0.41999999999999998        4.4655803934651383E-003   6.7437630835717613E-004
 -0.40000000000000002        6.3450103775209840E-003   5.9353311812410244E-004
 -0.38000000000000000        7.9490299990064087E-003   5.2716489964189125E-004
 -0.35999999999999999        8.8166463962046377E-003   4.7188040876994269E-004
 -0.34000000000000002        9.2229806149048965E-003   4.2526180845336292E-004
 -0.32000000000000001        9.3775658967691737E-003   3.8554088895414854E-004
 -0.29999999999999999        9.4020845893209911E-003   3.5138203718656548E-004
 -0.28000000000000003        9.3735242498944639E-003   3.2176601029135460E-004
 -0.26000000000000001        9.3789974031179991E-003   2.9588559894067122E-004
 -0.23999999999999999        9.3859742626494526E-003   2.7313210061543974E-004
 -0.22000000000000000        9.3393673797486712E-003   2.5299649698831396E-004
 -0.20000000000000001        9.2653131396069691E-003   2.3509133792082499E-004
 -0.17999999999999999        9.1801632821242891E-003   2.1908328016508833E-004
 -0.16000000000000000        9.0540968117864377E-003   2.0470773413354808E-004
 -0.14000000000000001        8.9076606479779729E-003   1.9174947846843337E-004
 -0.12000000000000000        8.7532818855670918E-003   1.8001801900560031E-004
 -0.10000000000000001        8.6105735831309305E-003   1.6936602647291604E-004
  -8.0000000000000002E-002   8.4834379847592289E-003   1.5965427040034121E-004
  -5.9999999999999998E-002   8.3648656633972182E-003   1.5078168807664089E-004
  -4.0000000000000001E-002   8.3174952530054112E-003   1.4264592442854364E-004
  -2.0000000000000000E-002   8.3270862163063297E-003   1.3516780074196175E-004
   0.0000000000000000        8.3913347025766759E-003   1.2827460011298852E-004
   2.0000000000000000E-002   8.4717788975704322E-003   1.2191152639128679E-004
   4.0000000000000001E-002   8.5813605147186250E-003   1.1601964786800341E-004
   5.9999999999999998E-002   8.7048620772018533E-003   1.1055183640754962E-004
   8.0000000000000002E-002   8.8116795042694415E-003   1.0547078582581217E-004
  0.10000000000000001        8.8712169862877645E-003   1.0074177466275041E-004
  0.12000000000000000        8.8659229544424470E-003   9.6327324419312935E-005
  0.14000000000000001        8.7548216918545557E-003   9.2205637255821627E-005
  0.16000000000000000        8.5745372739545449E-003   8.8343628704148317E-005
  0.17999999999999999        8.4232480322275361E-003   8.4727685884177840E-005
  0.20000000000000001        8.2457802743068093E-003   8.1332650814937776E-005
  0.22000000000000000        8.0096513419858108E-003   7.8137845703848071E-005
  0.23999999999999999        7.8034740199021029E-003   7.5134137859185794E-005
  0.26000000000000001        7.5480297892171208E-003   7.2304640417010619E-005
  0.28000000000000003        7.2652639050386292E-003   6.9632638828320280E-005
  0.29999999999999999        7.0196544632920724E-003   6.7105123315283198E-005
  0.32000000000000001        6.8575191162545332E-003   6.4718389106728716E-005
  0.34000000000000002        6.7878343521574147E-003   6.2458909480010783E-005
  0.35999999999999999        6.8105268509945378E-003   6.0314363917050383E-005
  0.38000000000000000        6.8852572549535970E-003   5.8284666260378438E-005
  0.40000000000000002        6.9487663378242680E-003   5.6353274275930947E-005
  0.41999999999999998        6.9686237389837234E-003   5.4519584861424235E-005
  0.44000000000000000        7.0866547329674831E-003   5.2775154584888166E-005
  0.46000000000000002        7.1123735990636355E-003   5.1111884644228862E-005
  0.47999999999999998        7.1410910035563050E-003   4.9529258094631848E-005
  0.50000000000000000        7.1833920807821651E-003   4.8019176134003232E-005
  0.52000000000000002        7.2034565183398272E-003   4.6577072416481589E-005
  0.54000000000000004        7.1417012569098227E-003   4.5203291571943273E-005
  0.56000000000000005        7.0009047025551552E-003   4.3884823822556622E-005
  0.57999999999999996        6.6588418018545571E-003   4.2626149356714010E-005
  0.59999999999999998        6.2162968051030169E-003   4.1422960300961245E-005
  0.62000000000000000        5.6476930060283840E-003   4.0270259522091492E-005
  0.64000000000000001        5.0558345306308582E-003   3.9165203823624972E-005
  0.66000000000000003        4.4400168692857473E-003   3.8102537599947586E-005
  0.68000000000000005        3.9304797016608949E-003   3.7086568724513539E-005
  0.69999999999999996        3.4706457440607545E-003   3.6109112237759874E-005
  0.71999999999999997        3.1221712629833560E-003   3.5170081982217487E-005
  0.73999999999999999        2.8391847295265379E-003   3.4269391800417325E-005
  0.76000000000000001        2.6368744131277108E-003   3.3402647661436102E-005
  0.78000000000000003        2.4818399062196323E-003   3.2570021880211986E-005
  0.80000000000000004        2.4251768958423476E-003   3.1767378898228984E-005
  0.81999999999999995        2.3921705725386952E-003   3.0990410842032893E-005
  0.83999999999999997        2.4890640376873572E-003   3.0247388828655746E-005
  0.85999999999999999        2.6894730310584470E-003   2.9529869426127353E-005
  0.88000000000000000        3.1283954508648931E-003   2.8834147863277119E-005
  0.90000000000000002        3.8022432693067109E-003   2.8167633682446234E-005
  0.92000000000000004        4.7976244728733571E-003   2.7522917341293495E-005
  0.93999999999999995        5.4993384600132977E-003   2.6899051107659003E-005
  0.95999999999999996        5.7986448551064643E-003   2.6297068871171748E-005
  0.97999999999999998        5.8361267142991334E-003   2.5711887341155792E-005
   1.0000000000000000        6.1680718849328421E-003   2.5152208421988597E-005
   1.0200000000000000        6.3601333395968285E-003   0.0000000000000000     
   1.0400000000000000        6.4547349299103954E-003   0.0000000000000000     
   1.0600000000000001        6.2475518055326081E-003   0.0000000000000000     
   1.0800000000000001        5.9149087593993203E-003   0.0000000000000000     
   1.1000000000000001        5.4762615265491242E-003   0.0000000000000000     
   1.1200000000000001        5.0672280804999461E-003   0.0000000000000000     
   1.1399999999999999        4.7656398909955685E-003   0.0000000000000000     
   1.1599999999999999        4.5016680524930987E-003   0.0000000000000000     
   1.1799999999999999        4.2924093946850855E-003   0.0000000000000000     
   1.2000000000000000        4.1831261408523217E-003   0.0000000000000000     
   1.2200000000000000        4.1797642764086805E-003   0.0000000000000000     
   1.2400000000000000        3.9684052718193460E-003   0.0000000000000000     
   1.2600000000000000        3.9087076230659955E-003   0.0000000000000000     
   1.2800000000000000        3.9632473687751853E-003   0.0000000000000000     
   1.3000000000000000        3.8447186430925293E-003   0.0000000000000000     
   1.3200000000000001        3.8577922636087465E-003   0.0000000000000000     
   1.3400000000000001        3.9987420921009115E-003   0.0000000000000000     
   1.3600000000000001        4.1629110138812321E-003   0.0000000000000000     
   1.3799999999999999        4.3320997282827759E-003   0.0000000000000000     
   1.3999999999999999        4.4735627968182697E-003   0.0000000000000000     
   1.4199999999999999        4.5449772582647086E-003   0.0000000000000000     
   1.4399999999999999        4.4821852640092178E-003   0.0000000000000000     
   1.4600000000000000        4.3539922550194527E-003   0.0000000000000000     
   1.4800000000000000        4.0453730990930373E-003   0.0000000000000000     
   1.5000000000000000        3.9225049663225153E-003   0.0000000000000000     
   1.5200000000000000        3.7302102833897213E-003   0.0000000000000000     
   1.5400000000000000        3.5614593350885926E-003   0.0000000000000000     
   1.5600000000000001        3.5723524823772419E-003   0.0000000000000000     
   1.5800000000000001        3.4507812779888355E-003   0.0000000000000000     
   1.6000000000000001        3.3307424703455514E-003   0.0000000000000000     
   1.6200000000000001        3.2262421622514964E-003   0.0000000000000000     
   1.6399999999999999        3.0343992890865760E-003   0.0000000000000000     
   1.6599999999999999        2.9849885836694037E-003   0.0000000000000000     
   1.6799999999999999        2.8145150029314173E-003   0.0000000000000000     
   1.7000000000000000        2.6445667242824353E-003   0.0000000000000000     
   1.7200000000000000        2.4959424192316474E-003   0.0000000000000000     
   1.7400000000000000        2.3629555225045998E-003   0.0000000000000000     
   1.7600000000000000        2.2212927409557687E-003   0.0000000000000000     
   1.7800000000000000        1.9988607784398073E-003   0.0000000000000000     
   1.8000000000000000        1.8823497745256200E-003   0.0000000000000000     
   1.8200000000000001        1.7254956218704955E-003   0.0000000000000000     
   1.8400000000000001        1.5683193264384690E-003   0.0000000000000000     
   1.8600000000000001        1.5142149344205594E-003   0.0000000000000000     
   1.8799999999999999        1.4089972792389147E-003   0.0000000000000000     
   1.8999999999999999        1.2803601284960223E-003   0.0000000000000000     
   1.9199999999999999        1.2020684055523902E-003   0.0000000000000000     
   1.9399999999999999        1.1404519438050792E-003   0.0000000000000000     
   1.9600000000000000        1.0723895248508080E-003   0.0000000000000000     
   1.9800000000000000        1.0112409843180900E-003   0.0000000000000000     
   2.0000000000000000        9.5294554837407647E-004   0.0000000000000000     
   2.0200000000000000        9.1259274999660252E-004   0.0000000000000000     
   2.0400000000000000        8.7140301796445054E-004   0.0000000000000000     
   2.0600000000000001        8.1406280988016667E-004   0.0000000000000000     
   2.0800000000000001        8.0435424163394795E-004   0.0000000000000000     
   2.1000000000000001        7.5806398743204586E-004   0.0000000000000000     
   2.1200000000000001        7.3843274962893566E-004   0.0000000000000000     
   2.1400000000000001        6.9089226439316104E-004   0.0000000000000000     
   2.1600000000000001        6.8700707948230421E-004   0.0000000000000000     
   2.1800000000000002        6.6718775992418453E-004   0.0000000000000000     
   2.2000000000000002        6.6020866029853494E-004   0.0000000000000000     
   2.2200000000000002        6.3141190477683995E-004   0.0000000000000000     
   2.2400000000000002        6.2141686294591857E-004   0.0000000000000000     
   2.2599999999999998        6.2170833366382834E-004   0.0000000000000000     
   2.2799999999999998        6.0963129659250090E-004   0.0000000000000000     
   2.2999999999999998        6.1140398651889625E-004   0.0000000000000000     
   2.3199999999999998        6.1262087461223336E-004   0.0000000000000000     
   2.3399999999999999        5.9515244775552910E-004   0.0000000000000000     
   2.3599999999999999        5.9345428403989110E-004   0.0000000000000000     
   2.3799999999999999        5.9714346070858246E-004   0.0000000000000000     
   2.3999999999999999        5.9785675839512558E-004   0.0000000000000000     
   2.4199999999999999        6.1828512510219758E-004   0.0000000000000000     
   2.4399999999999999        6.5673039711416014E-004   0.0000000000000000     
   2.4600000000000000        6.7704813763092855E-004   0.0000000000000000     
   2.4800000000000000        7.0341757877613045E-004   0.0000000000000000     
   2.5000000000000000        7.5088207312417341E-004   0.0000000000000000     
   2.5200000000000000        7.6563507502776880E-004   0.0000000000000000     
   2.5400000000000000        8.3815502296001989E-004   0.0000000000000000     
   2.5600000000000001        8.7265815997406048E-004   0.0000000000000000     
   2.5800000000000001        9.8297943899434276E-004   0.0000000000000000     
   2.6000000000000001        1.0647425325248227E-003   0.0000000000000000     
   2.6200000000000001        1.1416032660644441E-003   0.0000000000000000     
   2.6400000000000001        1.1548783227433787E-003   0.0000000000000000     
   2.6600000000000001        1.2549240312134022E-003   0.0000000000000000     
   2.6800000000000002        1.2950185294985639E-003   0.0000000000000000     
   2.7000000000000002        1.4028126376356847E-003   0.0000000000000000     
   2.7200000000000002        1.5660643270001436E-003   0.0000000000000000     
   2.7400000000000002        1.8301640231867331E-003   0.0000000000000000     
   2.7599999999999998        2.3783800357222318E-003   0.0000000000000000     
   2.7799999999999998        2.7387602728224220E-003   0.0000000000000000     
   2.7999999999999998        3.0884761107143805E-003   0.0000000000000000     
   2.8199999999999998        3.0719306026664979E-003   0.0000000000000000     
   2.8399999999999999        3.1742224363555337E-003   0.0000000000000000     
   2.8599999999999999        3.2555430251247999E-003   0.0000000000000000     
   2.8799999999999999        3.3789236225214309E-003   0.0000000000000000     
   2.8999999999999999        3.4823956412219723E-003   0.0000000000000000     
   2.9199999999999999        3.2633873180549873E-003   0.0000000000000000     
   2.9399999999999999        3.3729224101698820E-003   0.0000000000000000     
   2.9600000000000000        3.0366408479597260E-003   0.0000000000000000     
   2.9800000000000000        2.9406473837331102E-003   0.0000000000000000     
   3.0000000000000000        2.9547250833940279E-003   0.0000000000000000     
   3.0200000000000000        2.8823233435093625E-003   0.0000000000000000     
   3.0400000000000000        2.9731575261723081E-003   0.0000000000000000     
   3.0600000000000001        2.9869900216762174E-003   0.0000000000000000     
   3.0800000000000001        2.8629190444798172E-003   0.0000000000000000     
   3.1000000000000001        3.0090247082368822E-003   0.0000000000000000     
   3.1200000000000001        2.9535061275214347E-003   0.0000000000000000     
   3.1400000000000001        3.1123051127261809E-003   0.0000000000000000     
   3.1600000000000001        3.0221906034024887E-003   0.0000000000000000     
   3.1800000000000002        2.8381674682890685E-003   0.0000000000000000     
   3.2000000000000002        2.9456143618257829E-003   0.0000000000000000     
   3.2200000000000002        2.7274907897088143E-003   0.0000000000000000     
   3.2400000000000002        2.6069023835702462E-003   0.0000000000000000     
   3.2599999999999998        2.4150253058901005E-003   0.0000000000000000     
   3.2799999999999998        2.1836243508425337E-003   0.0000000000000000     
   3.2999999999999998        2.0787742434240000E-003   0.0000000000000000     
   3.3199999999999998        2.1239425550634958E-003   0.0000000000000000     
   3.3399999999999999        2.0006581094023606E-003   0.0000000000000000     
   3.3599999999999999        2.1527807523278185E-003   0.0000000000000000     
   3.3799999999999999        2.0691426999551407E-003   0.0000000000000000     
   3.3999999999999999        1.7735784683741527E-003   0.0000000000000000     
   3.4199999999999999        1.7815149497962593E-003   0.0000000000000000     
   3.4399999999999999        1.6903737019134961E-003   0.0000000000000000     
   3.4600000000000000        1.5479384324968623E-003   0.0000000000000000     
   3.4800000000000000        1.6661112416747350E-003   0.0000000000000000     
   3.5000000000000000        1.4807690357096434E-003   0.0000000000000000     
   3.5200000000000000        1.4842475573664245E-003   0.0000000000000000     
   3.5400000000000000        1.3947734565104301E-003   0.0000000000000000     
   3.5600000000000001        1.4253004263262625E-003   0.0000000000000000     
   3.5800000000000001        1.4421086284973790E-003   0.0000000000000000     
   3.6000000000000001        1.3070436997735027E-003   0.0000000000000000     
   3.6200000000000001        1.3475781180958047E-003   0.0000000000000000     
   3.6400000000000001        1.2348769113070257E-003   0.0000000000000000     
   3.6600000000000001        1.1341450447532205E-003   0.0000000000000000     
   3.6800000000000002        1.1482627214797934E-003   0.0000000000000000     
   3.7000000000000002        1.1928355988504514E-003   0.0000000000000000     
   3.7200000000000002        9.7227713049971348E-004   0.0000000000000000     
   3.7400000000000002        1.0894640397588618E-003   0.0000000000000000     
   3.7599999999999998        9.8424535068758804E-004   0.0000000000000000     
   3.7799999999999998        9.7197058222471360E-004   0.0000000000000000     
   3.7999999999999998        9.1880341115549522E-004   0.0000000000000000     
   3.8199999999999998        9.6329357735583333E-004   0.0000000000000000     
   3.8399999999999999        8.9917846284762800E-004   0.0000000000000000     
   3.8599999999999999        8.6192268085383435E-004   0.0000000000000000     
   3.8799999999999999        7.5680651917077013E-004   0.0000000000000000     
   3.8999999999999999        7.6505721688262501E-004   0.0000000000000000     
   3.9199999999999999        7.4301615466924593E-004   0.0000000000000000     
   3.9399999999999999        7.2498089782344099E-004   0.0000000000000000     
   3.9600000000000000        6.9073769789362491E-004   0.0000000000000000     
   3.9800000000000000        6.0438904538610784E-004   0.0000000000000000     
   4.0000000000000000        6.1493179024799409E-004   0.0000000000000000     
