# generlized Kondo-Heisenberg model
# U/W=2 Jh/U=0.25 n=1/2 L=48
# density of states DOS(omega)
# omega, DOS(omega) hole part, DOS(omega) electron part 
  -4.0000000000000000        0.0000000000000000        2.0357545267485113E-005
  -3.9800000000000000        0.0000000000000000        1.9851887081433344E-005
  -3.9600000000000000        0.0000000000000000        1.9653380272664686E-005
  -3.9399999999999999        0.0000000000000000        1.9416361075215647E-005
  -3.9199999999999999        0.0000000000000000        1.9845425271252069E-005
  -3.8999999999999999        0.0000000000000000        2.0641778757991979E-005
  -3.8799999999999999        0.0000000000000000        2.1574174888414925E-005
  -3.8599999999999999        0.0000000000000000        2.2386639821873460E-005
  -3.8399999999999999        0.0000000000000000        2.2915732839515976E-005
  -3.8199999999999998        0.0000000000000000        2.2559644019793368E-005
  -3.7999999999999998        0.0000000000000000        2.1659901570153122E-005
  -3.7799999999999998        0.0000000000000000        2.1758638029722951E-005
  -3.7599999999999998        0.0000000000000000        2.2287731047365467E-005
  -3.7400000000000002        0.0000000000000000        2.3380035440407604E-005
  -3.7200000000000002        0.0000000000000000        2.4554792531362764E-005
  -3.7000000000000002        0.0000000000000000        2.4999278914365171E-005
  -3.6800000000000002        0.0000000000000000        2.4362661375306302E-005
  -3.6600000000000001        0.0000000000000000        2.3661684206841963E-005
  -3.6400000000000001        0.0000000000000000        2.3497037283423164E-005
  -3.6200000000000001        0.0000000000000000        2.3332562674942527E-005
  -3.6000000000000001        0.0000000000000000        2.4077566310108599E-005
  -3.5800000000000001        0.0000000000000000        2.5379577982900278E-005
  -3.5600000000000001        0.0000000000000000        2.6074868758405087E-005
  -3.5400000000000000        0.0000000000000000        2.6072370191801662E-005
  -3.5200000000000000        0.0000000000000000        2.5538624670828633E-005
  -3.5000000000000000        0.0000000000000000        2.5160307224082454E-005
  -3.4800000000000000        0.0000000000000000        2.4885206425298451E-005
  -3.4600000000000000        0.0000000000000000        2.5375011637038836E-005
  -3.4399999999999999        0.0000000000000000        2.6297241186109912E-005
  -3.4199999999999999        0.0000000000000000        2.7851694243316594E-005
  -3.3999999999999999        0.0000000000000000        2.7406087813216108E-005
  -3.3799999999999999        0.0000000000000000        2.6341956912564308E-005
  -3.3599999999999999        0.0000000000000000        2.6047901470581905E-005
  -3.3399999999999999        0.0000000000000000        2.6754392717067597E-005
  -3.3199999999999998        0.0000000000000000        2.8080873111079027E-005
  -3.2999999999999998        0.0000000000000000        2.9751035649265014E-005
  -3.2799999999999998        0.0000000000000000        2.9856578548892442E-005
  -3.2599999999999998        0.0000000000000000        2.9133545068342699E-005
  -3.2400000000000002        0.0000000000000000        2.9108904032184792E-005
  -3.2200000000000002        0.0000000000000000        2.9597675354296166E-005
  -3.2000000000000002        0.0000000000000000        3.0124183647866176E-005
  -3.1800000000000002        0.0000000000000000        3.0778291153149024E-005
  -3.1600000000000001        0.0000000000000000        3.1713702794989887E-005
  -3.1400000000000001        0.0000000000000000        3.2957299703742858E-005
  -3.1200000000000001        0.0000000000000000        3.4639782760007811E-005
  -3.1000000000000001        0.0000000000000000        3.4466261617273396E-005
  -3.0800000000000001        0.0000000000000000        3.4284555514976046E-005
  -3.0600000000000001        0.0000000000000000        3.5234527769092049E-005
  -3.0400000000000000        0.0000000000000000        3.6327349106948685E-005
  -3.0200000000000000        0.0000000000000000        3.8010176793089957E-005
  -3.0000000000000000        0.0000000000000000        4.0060724557280127E-005
  -2.9800000000000000        0.0000000000000000        4.2254293720149100E-005
  -2.9600000000000000        0.0000000000000000        4.3167218262559151E-005
  -2.9399999999999999        0.0000000000000000        4.4191027467679821E-005
  -2.9199999999999999        0.0000000000000000        4.6167221336050813E-005
  -2.8999999999999999        0.0000000000000000        4.8399992147352842E-005
  -2.8799999999999999        0.0000000000000000        5.2374263881242104E-005
  -2.8599999999999999        0.0000000000000000        5.4492531416131992E-005
  -2.8399999999999999        0.0000000000000000        5.4469182742010336E-005
  -2.8199999999999998        0.0000000000000000        5.5818667180267074E-005
  -2.7999999999999998        0.0000000000000000        5.8767492717123058E-005
  -2.7799999999999998        0.0000000000000000        6.4124677987273512E-005
  -2.7599999999999998        0.0000000000000000        6.9276119221252274E-005
  -2.7400000000000002        0.0000000000000000        6.8211212903378698E-005
  -2.7200000000000002        0.0000000000000000        6.9585510692731531E-005
  -2.7000000000000002        0.0000000000000000        7.3840569618364329E-005
  -2.6800000000000002        0.0000000000000000        8.0711541620313967E-005
  -2.6600000000000001        0.0000000000000000        8.5937422907580971E-005
  -2.6400000000000001        0.0000000000000000        8.5045520787627334E-005
  -2.6200000000000001        0.0000000000000000        8.7156895724990535E-005
  -2.6000000000000001        0.0000000000000000        9.3235649798716338E-005
  -2.5800000000000001        0.0000000000000000        1.0255090919856829E-004
  -2.5600000000000001        0.0000000000000000        1.0446386348463189E-004
  -2.5400000000000000        0.0000000000000000        1.0334088703259600E-004
  -2.5200000000000000        0.0000000000000000        1.0926576386653843E-004
  -2.5000000000000000        0.0000000000000000        1.1838449807941067E-004
  -2.4800000000000000        0.0000000000000000        1.2423502101753392E-004
  -2.4600000000000000        0.0000000000000000        1.2365423351844119E-004
  -2.4399999999999999        0.0000000000000000        1.2569461470127949E-004
  -2.4199999999999999        0.0000000000000000        1.3688836539956170E-004
  -2.3999999999999999        0.0000000000000000        1.4510976957192798E-004
  -2.3799999999999999        0.0000000000000000        1.4197992719252730E-004
  -2.3599999999999999        0.0000000000000000        1.4538306106386126E-004
  -2.3399999999999999        0.0000000000000000        1.5533881508888084E-004
  -2.3199999999999998        0.0000000000000000        1.6277713402474613E-004
  -2.2999999999999998        0.0000000000000000        1.6392819781170333E-004
  -2.2799999999999998        0.0000000000000000        1.6899029375024233E-004
  -2.2599999999999998        0.0000000000000000        1.7935831126482710E-004
  -2.2400000000000002        0.0000000000000000        1.8463037295552286E-004
  -2.2200000000000002        0.0000000000000000        1.8757980159466250E-004
  -2.2000000000000002        0.0000000000000000        1.9279026069496348E-004
  -2.1800000000000002        0.0000000000000000        2.0421129479668827E-004
  -2.1600000000000001        0.0000000000000000        2.0825061541973562E-004
  -2.1400000000000001        0.0000000000000000        2.1268376183396424E-004
  -2.1200000000000001        0.0000000000000000        2.1879827125735967E-004
  -2.1000000000000001        0.0000000000000000        2.3249799810140805E-004
  -2.0800000000000001        0.0000000000000000        2.3536540482998000E-004
  -2.0600000000000001        0.0000000000000000        2.4158614641275555E-004
  -2.0400000000000000        0.0000000000000000        2.5255373375469327E-004
  -2.0200000000000000        0.0000000000000000        2.6245322695240116E-004
  -2.0000000000000000        0.0000000000000000        2.7104097268331113E-004
  -1.9800000000000000        0.0000000000000000        2.8170502726166714E-004
  -1.9600000000000000        0.0000000000000000        2.9348361486008893E-004
  -1.9399999999999999        0.0000000000000000        3.0523825068210544E-004
  -1.9199999999999999        0.0000000000000000        3.1828240534389644E-004
  -1.8999999999999999        0.0000000000000000        3.3280708995442055E-004
  -1.8799999999999999        0.0000000000000000        3.5213961981221778E-004
  -1.8600000000000001        0.0000000000000000        3.6797320869306018E-004
  -1.8400000000000001        0.0000000000000000        3.8713859306083517E-004
  -1.8200000000000001        0.0000000000000000        4.1486432508435156E-004
  -1.8000000000000000        0.0000000000000000        4.3945004814711539E-004
  -1.7800000000000000        0.0000000000000000        4.6926923435442543E-004
  -1.7600000000000000        0.0000000000000000        5.1000250411537245E-004
  -1.7400000000000000        0.0000000000000000        5.4986618654085826E-004
  -1.7200000000000000        0.0000000000000000        6.0330346127565409E-004
  -1.7000000000000000        0.0000000000000000        6.6138806989282021E-004
  -1.6799999999999999        0.0000000000000000        7.3874007332115675E-004
  -1.6599999999999999        0.0000000000000000        8.2923574328807562E-004
  -1.6399999999999999        0.0000000000000000        9.4439045632394849E-004
  -1.6200000000000001        0.0000000000000000        1.0869902003490634E-003
  -1.6000000000000001        0.0000000000000000        1.2837007120448008E-003
  -1.5800000000000001        0.0000000000000000        1.5461739275300294E-003
  -1.5600000000000001        0.0000000000000000        1.9241215002614314E-003
  -1.5400000000000000        0.0000000000000000        2.4700582169523240E-003
  -1.5200000000000000        0.0000000000000000        3.2866840392227906E-003
  -1.5000000000000000        7.4373798194522875E-005   4.3677360083302034E-003
  -1.4800000000000000        7.6591060661389851E-005   5.5399252620768015E-003
  -1.4600000000000000        7.8916881539302182E-005   6.0813996249714447E-003
  -1.4399999999999999        8.1359790417699139E-005   6.0502354345142693E-003
  -1.4199999999999999        8.3932452444536042E-005   5.9131630367607428E-003
  -1.3999999999999999        8.6642535634561338E-005   5.8526294882423431E-003
  -1.3799999999999999        8.9494606333636410E-005   5.7030640851567565E-003
  -1.3600000000000001        9.2505723720639864E-005   5.6871139252202448E-003
  -1.3400000000000001        9.5691826927352198E-005   5.5858403866583120E-003
  -1.3200000000000001        9.9056793039882117E-005   5.4773428027861254E-003
  -1.3000000000000000        1.0262741703111456E-004   5.4290084626302136E-003
  -1.2800000000000000        1.0641024686869998E-004   5.2654446247552651E-003
  -1.2600000000000000        1.1043957322533367E-004   5.2097444240949871E-003
  -1.2400000000000000        1.1471953165953165E-004   5.1270671998175314E-003
  -1.2200000000000000        1.1928854840250509E-004   5.1310386283549385E-003
  -1.2000000000000000        1.2416962749849943E-004   5.1195848544149632E-003
  -1.1799999999999999        1.2939344100650844E-004   5.0107152425912689E-003
  -1.1599999999999999        1.3499195334756208E-004   4.9256006235134375E-003
  -1.1399999999999999        1.4101616974335793E-004   4.8962911448932290E-003
  -1.1200000000000001        1.4750322406307099E-004   4.9443347035909831E-003
  -1.1000000000000001        1.5451282343277616E-004   4.9613769956055997E-003
  -1.0800000000000001        1.6210829359225009E-004   4.9767365460915433E-003
  -1.0600000000000001        1.7035209870657812E-004   5.0310842468021463E-003
  -1.0400000000000000        1.7933513490564363E-004   5.1123106654577021E-003
  -1.0200000000000000        1.8916440976604842E-004   5.1453854839492779E-003
  -1.0000000000000000        1.9995373730445217E-004   5.0859053828053611E-003
 -0.97999999999999998        2.1184476040002800E-004   4.9845553364108817E-003
 -0.95999999999999996        2.2501125866791787E-004   4.9272783679089067E-003
 -0.93999999999999995        2.3966233628558745E-004   4.8990875578672766E-003
 -0.92000000000000004        2.5604750528350327E-004   4.8748932481865598E-003
 -0.90000000000000002        2.7450234900374564E-004   4.8262379714583102E-003
 -0.88000000000000000        2.9541672999391808E-004   4.7726654294970522E-003
 -0.85999999999999999        3.1929992505377413E-004   4.7387262792756325E-003
 -0.83999999999999997        3.4683774763721913E-004   4.7277445621087648E-003
 -0.81999999999999995        3.7887316242176707E-004   4.7541454507301828E-003
 -0.80000000000000004        4.1657437853072327E-004   4.7698095678693373E-003
 -0.78000000000000003        4.6156692893328804E-004   4.7546989263115742E-003
 -0.76000000000000001        5.1609245866007900E-004   4.6981766972387720E-003
 -0.73999999999999999        5.8341297564807129E-004   4.5939170269558684E-003
 -0.71999999999999997        6.6837190817926970E-004   4.4388017904992598E-003
 -0.69999999999999996        7.7852733407156587E-004   4.2685093127612884E-003
 -0.68000000000000005        9.2622268929069308E-004   4.1372046406180987E-003
 -0.66000000000000003        1.1322959331517479E-003   4.0034350032844271E-003
 -0.64000000000000001        1.4352684147118917E-003   3.8507701714060251E-003
 -0.62000000000000000        1.9078947748491604E-003   3.5658581908301281E-003
 -0.59999999999999998        2.6918810461618644E-003   2.7406010271493961E-003
 -0.57999999999999996        4.0022659325864305E-003   1.8712125431270576E-003
 -0.56000000000000005        5.6902205912404665E-003   1.3057473744936710E-003
 -0.54000000000000004        6.6086254379439796E-003   9.6693243806258045E-004
 -0.52000000000000002        6.6432398042506084E-003   7.5435973320626482E-004
 -0.50000000000000000        6.7412959644445516E-003   6.1211849041000691E-004
 -0.47999999999999998        6.8504131928343922E-003   5.1159297099465627E-004
 -0.46000000000000002        7.0133661742535361E-003   4.3728275701231708E-004
 -0.44000000000000000        7.2126256546721137E-003   3.8034318115927199E-004
 -0.41999999999999998        7.3146282577374331E-003   3.3545548439658200E-004
 -0.40000000000000002        7.3274471106175723E-003   2.9922747485148674E-004
 -0.38000000000000000        7.2902037352993269E-003   2.6939657122838120E-004
 -0.35999999999999999        7.1818113496968901E-003   2.4443201377405670E-004
 -0.34000000000000002        7.0729836965606413E-003   2.2326320977768022E-004
 -0.32000000000000001        7.0487687090873439E-003   2.0509802746849690E-004
 -0.29999999999999999        7.0483414541981596E-003   1.8933879248347370E-004
 -0.28000000000000003        7.0425334930497600E-003   1.7555368358756349E-004
 -0.26000000000000001        7.0428697656515962E-003   1.6339832937683905E-004
 -0.23999999999999999        7.0152116672413086E-003   1.5261184503491515E-004
 -0.22000000000000000        6.9630925156260251E-003   1.4297349512599965E-004
 -0.20000000000000001        6.9542337184973759E-003   1.3431734036463736E-004
 -0.17999999999999999        6.9554051154470369E-003   1.2650621806004723E-004
 -0.16000000000000000        7.0010833931460374E-003   1.1942355715655910E-004
 -0.14000000000000001        7.0786581136319561E-003   1.1297432596577379E-004
 -0.12000000000000000        7.0902615430957286E-003   1.0707900114372706E-004
 -0.10000000000000001        7.0382991119167081E-003   1.0167554931267870E-004
  -8.0000000000000002E-002   7.0152616385733765E-003   9.6706158810873623E-005
  -5.9999999999999998E-002   7.0192050659333332E-003   9.2119565944207110E-005
  -4.0000000000000001E-002   7.1337202320761999E-003   8.7875449017147948E-005
  -2.0000000000000000E-002   7.1282899852722660E-003   8.3943997545393273E-005
   0.0000000000000000        7.0926136420017116E-003   8.0284372888597379E-005
   2.0000000000000000E-002   7.0586122860876168E-003   7.6878998923067275E-005
   4.0000000000000001E-002   7.1413874714074200E-003   7.3703062297706865E-005
   5.9999999999999998E-002   7.2932571560036493E-003   7.0727872575311270E-005
   8.0000000000000002E-002   7.2459430925966260E-003   6.7940333820579825E-005
  0.10000000000000001        7.2060558030246098E-003   6.5328900932655283E-005
  0.12000000000000000        7.1595897014283096E-003   6.2871517599452260E-005
  0.14000000000000001        7.2201200621203514E-003   6.0556380247706309E-005
  0.16000000000000000        7.1186715377387095E-003   5.8375045445447192E-005
  0.17999999999999999        7.1212958080895264E-003   5.6314934202188741E-005
  0.20000000000000001        7.0597865262337555E-003   5.4368206188244333E-005
  0.22000000000000000        7.1382572843981425E-003   5.2525556396952935E-005
  0.23999999999999999        7.2863450868889453E-003   5.0779402971035185E-005
  0.26000000000000001        7.4528288875486091E-003   4.9125265722098765E-005
  0.28000000000000003        7.6873589957158223E-003   4.7550824132064679E-005
  0.29999999999999999        8.0284767489805821E-003   4.6055733571056606E-005
  0.32000000000000001        8.4393624083001200E-003   4.4636030795496718E-005
  0.34000000000000002        9.0056222934283350E-003   4.3279395287306024E-005
  0.35999999999999999        9.3913321371793534E-003   4.1989359502716984E-005
  0.38000000000000000        1.0003769410224964E-002   4.0754119868465112E-005
  0.40000000000000002        1.0557879024433132E-002   3.9577467313190109E-005
  0.41999999999999998        1.0567594657591816E-002   3.8455266278375946E-005
  0.44000000000000000        9.2870382623812218E-003   3.7378987174583364E-005
  0.46000000000000002        7.3977974411633595E-003   3.6349146946626844E-005
  0.47999999999999998        5.7006971671660998E-003   3.5360834618768629E-005
  0.50000000000000000        4.3823253110425418E-003   3.4418875009277405E-005
  0.52000000000000002        3.4508078144893143E-003   0.0000000000000000     
  0.54000000000000004        2.8518356614994321E-003   0.0000000000000000     
  0.56000000000000005        2.3992133425339976E-003   0.0000000000000000     
  0.57999999999999996        2.0228305617560928E-003   0.0000000000000000     
  0.59999999999999998        1.7893922410371053E-003   0.0000000000000000     
  0.62000000000000000        1.5738225486187168E-003   0.0000000000000000     
  0.64000000000000001        1.3706896007050784E-003   0.0000000000000000     
  0.66000000000000003        1.2657548866519051E-003   0.0000000000000000     
  0.68000000000000005        1.1597998958498424E-003   0.0000000000000000     
  0.69999999999999996        1.0312610507791746E-003   0.0000000000000000     
  0.71999999999999997        9.6953637525069435E-004   0.0000000000000000     
  0.73999999999999999        9.2855299035699771E-004   0.0000000000000000     
  0.76000000000000001        8.3278594795913562E-004   0.0000000000000000     
  0.78000000000000003        7.8674107022918356E-004   0.0000000000000000     
  0.80000000000000004        7.5039735120310900E-004   0.0000000000000000     
  0.81999999999999995        6.9792374776001345E-004   0.0000000000000000     
  0.83999999999999997        6.5962528807536971E-004   0.0000000000000000     
  0.85999999999999999        6.3663072115164221E-004   0.0000000000000000     
  0.88000000000000000        6.0672193117648505E-004   0.0000000000000000     
  0.90000000000000002        5.7783402105249953E-004   0.0000000000000000     
  0.92000000000000004        5.6797312640094087E-004   0.0000000000000000     
  0.93999999999999995        5.3462742882656928E-004   0.0000000000000000     
  0.95999999999999996        5.0717447135017178E-004   0.0000000000000000     
  0.97999999999999998        4.9501653241537462E-004   0.0000000000000000     
   1.0000000000000000        4.7615640396056296E-004   0.0000000000000000     
   1.0200000000000000        4.6031902415108103E-004   0.0000000000000000     
   1.0400000000000000        4.3203800723932062E-004   0.0000000000000000     
   1.0600000000000001        4.2912855566583580E-004   0.0000000000000000     
   1.0800000000000001        4.1916349663415520E-004   0.0000000000000000     
   1.1000000000000001        3.9054215771951460E-004   0.0000000000000000     
   1.1200000000000001        3.8561687984188032E-004   0.0000000000000000     
   1.1399999999999999        3.8627081503222506E-004   0.0000000000000000     
   1.1599999999999999        3.5934824293550630E-004   0.0000000000000000     
   1.1799999999999999        3.5614499439244628E-004   0.0000000000000000     
   1.2000000000000000        3.4800647370533824E-004   0.0000000000000000     
   1.2200000000000000        3.4289923125299947E-004   0.0000000000000000     
   1.2400000000000000        3.3474003277331161E-004   0.0000000000000000     
   1.2600000000000000        3.2637069622652872E-004   0.0000000000000000     
   1.2800000000000000        3.1875342822737670E-004   0.0000000000000000     
   1.3000000000000000        3.1442039679222342E-004   0.0000000000000000     
   1.3200000000000001        3.1449225212143894E-004   0.0000000000000000     
   1.3400000000000001        3.1237872324734866E-004   0.0000000000000000     
   1.3600000000000001        3.0806766196681158E-004   0.0000000000000000     
   1.3799999999999999        3.0742777044392766E-004   0.0000000000000000     
   1.3999999999999999        3.1287895351284826E-004   0.0000000000000000     
   1.4199999999999999        3.1496844445306436E-004   0.0000000000000000     
   1.4399999999999999        3.2660599227459603E-004   0.0000000000000000     
   1.4600000000000000        3.2590647978310609E-004   0.0000000000000000     
   1.4800000000000000        3.4058650631038786E-004   0.0000000000000000     
   1.5000000000000000        3.5227195768473016E-004   0.0000000000000000     
   1.5200000000000000        3.7026180954432842E-004   0.0000000000000000     
   1.5400000000000000        3.9819070087994385E-004   0.0000000000000000     
   1.5600000000000001        4.1849155453277186E-004   0.0000000000000000     
   1.5800000000000001        4.4015455777181214E-004   0.0000000000000000     
   1.6000000000000001        4.7272526891177676E-004   0.0000000000000000     
   1.6200000000000001        5.3241981599623977E-004   0.0000000000000000     
   1.6399999999999999        5.8498896807254893E-004   0.0000000000000000     
   1.6599999999999999        6.6670906902595588E-004   0.0000000000000000     
   1.6799999999999999        7.6064457594603803E-004   0.0000000000000000     
   1.7000000000000000        8.9226294743416216E-004   0.0000000000000000     
   1.7200000000000000        1.0908186936452635E-003   0.0000000000000000     
   1.7400000000000000        1.4009912687392568E-003   0.0000000000000000     
   1.7600000000000000        1.8495976157557649E-003   0.0000000000000000     
   1.7800000000000000        2.6249608167752342E-003   0.0000000000000000     
   1.8000000000000000        3.5948116667880847E-003   0.0000000000000000     
   1.8200000000000001        4.6096926318600177E-003   0.0000000000000000     
   1.8400000000000001        4.8308139669562796E-003   0.0000000000000000     
   1.8600000000000001        4.7397553440863679E-003   0.0000000000000000     
   1.8799999999999999        4.7617080948939372E-003   0.0000000000000000     
   1.8999999999999999        4.6357252834585720E-003   0.0000000000000000     
   1.9199999999999999        4.3695207603022717E-003   0.0000000000000000     
   1.9399999999999999        4.3054109013996788E-003   0.0000000000000000     
   1.9600000000000000        4.0880852336038984E-003   0.0000000000000000     
   1.9800000000000000        4.2479505898034937E-003   0.0000000000000000     
   2.0000000000000000        4.3251170100434234E-003   0.0000000000000000     
   2.0200000000000000        3.9901816582876993E-003   0.0000000000000000     
   2.0400000000000000        3.6238099446299667E-003   0.0000000000000000     
   2.0600000000000001        3.5766299422448381E-003   0.0000000000000000     
   2.0800000000000001        3.5219873245175611E-003   0.0000000000000000     
   2.1000000000000001        3.5843286290522733E-003   0.0000000000000000     
   2.1200000000000001        3.2771661374556538E-003   0.0000000000000000     
   2.1400000000000001        3.4286948107892477E-003   0.0000000000000000     
   2.1600000000000001        3.2647523969951487E-003   0.0000000000000000     
   2.1800000000000002        3.4677270736380781E-003   0.0000000000000000     
   2.2000000000000002        3.8000743411799993E-003   0.0000000000000000     
   2.2200000000000002        3.6649952826311944E-003   0.0000000000000000     
   2.2400000000000002        3.3496007033360438E-003   0.0000000000000000     
   2.2599999999999998        3.5139363398190423E-003   0.0000000000000000     
   2.2799999999999998        3.6043808322493254E-003   0.0000000000000000     
   2.2999999999999998        3.4225779751141886E-003   0.0000000000000000     
   2.3199999999999998        3.3798174201057031E-003   0.0000000000000000     
   2.3399999999999999        3.1080680607115884E-003   0.0000000000000000     
   2.3599999999999999        2.7256161754964942E-003   0.0000000000000000     
   2.3799999999999999        2.9461600832349582E-003   0.0000000000000000     
   2.3999999999999999        2.6231036063716685E-003   0.0000000000000000     
   2.4199999999999999        2.7203964113895322E-003   0.0000000000000000     
   2.4399999999999999        2.4729969620652980E-003   0.0000000000000000     
   2.4600000000000000        2.2750962710916390E-003   0.0000000000000000     
   2.4800000000000000        2.0182872199389066E-003   0.0000000000000000     
   2.5000000000000000        2.1780642647326915E-003   0.0000000000000000     
   2.5200000000000000        1.9585360673972552E-003   0.0000000000000000     
   2.5400000000000000        1.6100824364273724E-003   0.0000000000000000     
   2.5600000000000001        1.5744531351349390E-003   0.0000000000000000     
   2.5800000000000001        1.5498022770255480E-003   0.0000000000000000     
   2.6000000000000001        1.4111680166724765E-003   0.0000000000000000     
   2.6200000000000001        1.2175360836620347E-003   0.0000000000000000     
   2.6400000000000001        1.1647951335923726E-003   0.0000000000000000     
   2.6600000000000001        1.0148756233088515E-003   0.0000000000000000     
   2.6800000000000002        9.8367111115614590E-004   0.0000000000000000     
   2.7000000000000002        1.0330265034781667E-003   0.0000000000000000     
   2.7200000000000002        8.6350194726213703E-004   0.0000000000000000     
   2.7400000000000002        8.1820715645802714E-004   0.0000000000000000     
   2.7599999999999998        8.4285060502507683E-004   0.0000000000000000     
   2.7799999999999998        7.3209492004567547E-004   0.0000000000000000     
   2.7999999999999998        6.6071957409020066E-004   0.0000000000000000     
   2.8199999999999998        6.6879623371450655E-004   0.0000000000000000     
   2.8399999999999999        7.1423430438970269E-004   0.0000000000000000     
   2.8599999999999999        6.8258151492535521E-004   0.0000000000000000     
   2.8799999999999999        5.6194451597422210E-004   0.0000000000000000     
   2.8999999999999999        5.4988893211269617E-004   0.0000000000000000     
   2.9199999999999999        5.5127580889253536E-004   0.0000000000000000     
   2.9399999999999999        4.8532011237229677E-004   0.0000000000000000     
   2.9600000000000000        5.6068075821770350E-004   0.0000000000000000     
   2.9800000000000000        4.9695783250876680E-004   0.0000000000000000     
   3.0000000000000000        4.8193851786823376E-004   0.0000000000000000     
   3.0200000000000000        4.1139329912737979E-004   0.0000000000000000     
   3.0400000000000000        4.0839717313999698E-004   0.0000000000000000     
   3.0600000000000001        3.9977375821688660E-004   0.0000000000000000     
   3.0800000000000001        3.8825131677405023E-004   0.0000000000000000     
   3.1000000000000001        4.2873860696076329E-004   0.0000000000000000     
   3.1200000000000001        3.5603910686294243E-004   0.0000000000000000     
   3.1400000000000001        4.0657692429066730E-004   0.0000000000000000     
   3.1600000000000001        3.4956325301421033E-004   0.0000000000000000     
   3.1800000000000002        3.4763255028951552E-004   0.0000000000000000     
   3.2000000000000002        3.6021765795602893E-004   0.0000000000000000     
   3.2200000000000002        3.6667162780761389E-004   0.0000000000000000     
   3.2400000000000002        3.6145444842472442E-004   0.0000000000000000     
   3.2599999999999998        3.0214166508577098E-004   0.0000000000000000     
   3.2799999999999998        2.7260335222767357E-004   0.0000000000000000     
   3.2999999999999998        3.1490753112242215E-004   0.0000000000000000     
   3.3199999999999998        2.4470392674648465E-004   0.0000000000000000     
   3.3399999999999999        2.4646196990313590E-004   0.0000000000000000     
   3.3599999999999999        2.3956368598348674E-004   0.0000000000000000     
   3.3799999999999999        2.1179530601277391E-004   0.0000000000000000     
   3.3999999999999999        2.3250127208523325E-004   0.0000000000000000     
   3.4199999999999999        2.2490623271310487E-004   0.0000000000000000     
   3.4399999999999999        2.2079419518615076E-004   0.0000000000000000     
   3.4600000000000000        1.8264590797011988E-004   0.0000000000000000     
   3.4800000000000000        1.7724736711480929E-004   0.0000000000000000     
   3.5000000000000000        1.7706703953201724E-004   0.0000000000000000     
   3.5200000000000000        1.7143552888030460E-004   0.0000000000000000     
   3.5400000000000000        1.6830491108368211E-004   0.0000000000000000     
   3.5600000000000001        1.4450330714704842E-004   0.0000000000000000     
   3.5800000000000001        1.3118749798523671E-004   0.0000000000000000     
   3.6000000000000001        1.3606754319160207E-004   0.0000000000000000     
   3.6200000000000001        1.1746132079817968E-004   0.0000000000000000     
   3.6400000000000001        1.2414024780154189E-004   0.0000000000000000     
   3.6600000000000001        1.0892931894976692E-004   0.0000000000000000     
   3.6800000000000002        1.1787298118546123E-004   0.0000000000000000     
   3.7000000000000002        1.0726725521367477E-004   0.0000000000000000     
   3.7200000000000002        1.0987670647981037E-004   0.0000000000000000     
   3.7400000000000002        9.9798522691222941E-005   0.0000000000000000     
   3.7599999999999998        9.8749124717784439E-005   0.0000000000000000     
   3.7799999999999998        9.2104746859524717E-005   0.0000000000000000     
   3.7999999999999998        9.2822266262053096E-005   0.0000000000000000     
   3.8199999999999998        8.5762264772933975E-005   0.0000000000000000     
   3.8399999999999999        8.6624959510868291E-005   0.0000000000000000     
   3.8599999999999999        8.0195803010379451E-005   0.0000000000000000     
   3.8799999999999999        8.4903188648701231E-005   0.0000000000000000     
   3.8999999999999999        8.3774095016360409E-005   0.0000000000000000     
   3.9199999999999999        8.3461688033463163E-005   0.0000000000000000     
   3.9399999999999999        7.7223025697118223E-005   0.0000000000000000     
   3.9600000000000000        7.6416419471557324E-005   0.0000000000000000     
   3.9800000000000000        7.9605365874749410E-005   0.0000000000000000     
   4.0000000000000000        7.9182246544079723E-005   0.0000000000000000     
   4.0199999999999996        7.5718371657041848E-005   0.0000000000000000     
   4.0400000000000000        7.9460965956565239E-005   0.0000000000000000     
   4.0599999999999996        7.9534285962755402E-005   0.0000000000000000     
   4.0800000000000001        7.9715733592645497E-005   0.0000000000000000     
   4.0999999999999996        8.2562548686106478E-005   0.0000000000000000     
   4.1200000000000001        8.5177686345201635E-005   0.0000000000000000     
   4.1399999999999997        8.4519270966464607E-005   0.0000000000000000     
   4.1600000000000001        8.9914193208073679E-005   0.0000000000000000     
   4.1799999999999997        1.0138442322464517E-004   0.0000000000000000     
   4.2000000000000002        1.1577349597883155E-004   0.0000000000000000     
   4.2199999999999998        1.3569000116207759E-004   0.0000000000000000     
   4.2400000000000002        1.5151368193397539E-004   0.0000000000000000     
   4.2599999999999998        1.6104209491234013E-004   0.0000000000000000     
   4.2800000000000002        1.9062770822096472E-004   0.0000000000000000     
   4.2999999999999998        1.9560614525702356E-004   0.0000000000000000     
   4.3200000000000003        2.1391141961093677E-004   0.0000000000000000     
   4.3399999999999999        2.1433152343018855E-004   0.0000000000000000     
   4.3600000000000003        1.8644536619923842E-004   0.0000000000000000     
   4.3799999999999999        1.9253876704270839E-004   0.0000000000000000     
   4.4000000000000004        1.8916328971895039E-004   0.0000000000000000     
   4.4199999999999999        2.1198123383105641E-004   0.0000000000000000     
   4.4400000000000004        2.1774344536336902E-004   0.0000000000000000     
   4.4600000000000000        1.7977057475439221E-004   0.0000000000000000     
   4.4800000000000004        1.8202350641345987E-004   0.0000000000000000     
   4.5000000000000000        2.0479518396466793E-004   0.0000000000000000     
   4.5199999999999996        2.1698155486426246E-004   0.0000000000000000     
   4.5400000000000000        1.9522179678744159E-004   0.0000000000000000     
   4.5599999999999996        2.2562487216273131E-004   0.0000000000000000     
   4.5800000000000001        2.4400898060085612E-004   0.0000000000000000     
   4.5999999999999996        2.4704232661488319E-004   0.0000000000000000     
   4.6200000000000001        2.5388142035327185E-004   0.0000000000000000     
   4.6399999999999997        2.4635375612196690E-004   0.0000000000000000     
   4.6600000000000001        2.9478890051670589E-004   0.0000000000000000     
   4.6799999999999997        2.7033112129553119E-004   0.0000000000000000     
   4.7000000000000002        3.0096768341203770E-004   0.0000000000000000     
   4.7199999999999998        3.3547530061447104E-004   0.0000000000000000     
   4.7400000000000002        3.8820927192913750E-004   0.0000000000000000     
   4.7599999999999998        4.6895855052091022E-004   0.0000000000000000     
   4.7800000000000002        6.4897674184144862E-004   0.0000000000000000     
   4.7999999999999998        7.3742815353942048E-004   0.0000000000000000     
   4.8200000000000003        9.2700568836972478E-004   0.0000000000000000     
   4.8399999999999999        1.1766484197164898E-003   0.0000000000000000     
   4.8600000000000003        1.6063825762325148E-003   0.0000000000000000     
   4.8799999999999999        1.7179724378275838E-003   0.0000000000000000     
   4.9000000000000004        1.5525286439772301E-003   0.0000000000000000     
   4.9199999999999999        1.7273211263254408E-003   0.0000000000000000     
   4.9400000000000004        1.7808250007838380E-003   0.0000000000000000     
   4.9600000000000000        2.3928175289740445E-003   0.0000000000000000     
   4.9800000000000004        1.8509091047501564E-003   0.0000000000000000     
   5.0000000000000000        2.7518083045703218E-003   0.0000000000000000     
   5.0199999999999996        2.4026741157521475E-003   0.0000000000000000     
   5.0400000000000000        2.1310610574741219E-003   0.0000000000000000     
   5.0599999999999996        3.0751416915392464E-003   0.0000000000000000     
   5.0800000000000001        3.1734484838107555E-003   0.0000000000000000     
   5.0999999999999996        2.4762290733605012E-003   0.0000000000000000     
   5.1200000000000001        2.7042687670667072E-003   0.0000000000000000     
   5.1399999999999997        2.7321045221782437E-003   0.0000000000000000     
   5.1600000000000001        2.3011392615864823E-003   0.0000000000000000     
   5.1799999999999997        3.5059814206985511E-003   0.0000000000000000     
   5.2000000000000002        2.5428611921705147E-003   0.0000000000000000     
   5.2199999999999998        3.2881021050064369E-003   0.0000000000000000     
   5.2400000000000002        2.5502385116182697E-003   0.0000000000000000     
   5.2599999999999998        3.0580870790065493E-003   0.0000000000000000     
   5.2800000000000002        3.6520058379622710E-003   0.0000000000000000     
   5.2999999999999998        3.3292495337212701E-003   0.0000000000000000     
   5.3200000000000003        2.8625988833247034E-003   0.0000000000000000     
   5.3399999999999999        2.6196988355084226E-003   0.0000000000000000     
   5.3600000000000003        2.6902190685832422E-003   0.0000000000000000     
   5.3799999999999999        2.6633481048105034E-003   0.0000000000000000     
   5.4000000000000004        2.5211847483662970E-003   0.0000000000000000     
   5.4199999999999999        3.6104620848896544E-003   0.0000000000000000     
   5.4400000000000004        3.5896257625664717E-003   0.0000000000000000     
   5.4600000000000000        3.1401275134300111E-003   0.0000000000000000     
   5.4800000000000004        3.8787532557896919E-003   0.0000000000000000     
   5.5000000000000000        4.2998642558550139E-003   0.0000000000000000     
   5.5199999999999996        2.9148771677853869E-003   0.0000000000000000     
   5.5400000000000000        2.7535778928278296E-003   0.0000000000000000     
   5.5599999999999996        3.1478763438844534E-003   0.0000000000000000     
   5.5800000000000001        3.5019867296444906E-003   0.0000000000000000     
   5.5999999999999996        5.0438180622602996E-003   0.0000000000000000     
   5.6200000000000001        4.6405355411149787E-003   0.0000000000000000     
   5.6399999999999997        5.2782270330259777E-003   0.0000000000000000     
   5.6600000000000001        3.8050062531827535E-003   0.0000000000000000     
   5.6799999999999997        3.2069462493180593E-003   0.0000000000000000     
   5.7000000000000002        4.0285496470498922E-003   0.0000000000000000     
   5.7199999999999998        3.2305038553022474E-003   0.0000000000000000     
   5.7400000000000002        4.6539973871868884E-003   0.0000000000000000     
   5.7599999999999998        2.9238297903978645E-003   0.0000000000000000     
   5.7800000000000002        3.7996077984849119E-003   0.0000000000000000     
   5.7999999999999998        3.1032584923149338E-003   0.0000000000000000     
   5.8200000000000003        2.5065822635611909E-003   0.0000000000000000     
   5.8399999999999999        2.2934218786082555E-003   0.0000000000000000     
   5.8600000000000003        2.0918829300301347E-003   0.0000000000000000     
   5.8799999999999999        1.9487848512038403E-003   0.0000000000000000     
   5.9000000000000004        2.3331440904695066E-003   0.0000000000000000     
   5.9199999999999999        1.5133797239152626E-003   0.0000000000000000     
   5.9400000000000004        2.3164404834658584E-003   0.0000000000000000     
   5.9600000000000000        1.9719249380928503E-003   0.0000000000000000     
   5.9800000000000004        1.6333633907783345E-003   0.0000000000000000     
   6.0000000000000000        1.1755083840855752E-003   0.0000000000000000     
   6.0199999999999996        1.1283628446880798E-003   0.0000000000000000     
   6.0400000000000000        1.3461158535305175E-003   0.0000000000000000     
   6.0599999999999996        1.0243802568257493E-003   0.0000000000000000     
   6.0800000000000001        1.0460997793645085E-003   0.0000000000000000     
   6.0999999999999996        8.3803638412509145E-004   0.0000000000000000     
   6.1200000000000001        9.9820665160777443E-004   0.0000000000000000     
   6.1399999999999997        1.0538121652095287E-003   0.0000000000000000     
   6.1600000000000001        1.0388473020894562E-003   0.0000000000000000     
   6.1799999999999997        6.9014415908910806E-004   0.0000000000000000     
   6.2000000000000002        7.2698543749914009E-004   0.0000000000000000     
   6.2199999999999998        5.9802364541274087E-004   0.0000000000000000     
   6.2400000000000002        7.7370475589707904E-004   0.0000000000000000     
   6.2599999999999998        5.7862718671288372E-004   0.0000000000000000     
   6.2800000000000002        6.7953403908639826E-004   0.0000000000000000     
   6.2999999999999998        5.6101539382762404E-004   0.0000000000000000     
   6.3200000000000003        6.0351213466577468E-004   0.0000000000000000     
   6.3399999999999999        5.8304155079885213E-004   0.0000000000000000     
   6.3600000000000003        5.2389625757979716E-004   0.0000000000000000     
   6.3799999999999999        4.8408022023471432E-004   0.0000000000000000     
   6.4000000000000004        4.8187148735728667E-004   0.0000000000000000     
   6.4199999999999999        4.2184308008012491E-004   0.0000000000000000     
   6.4400000000000004        4.8076703476110372E-004   0.0000000000000000     
   6.4600000000000000        3.7744398232460820E-004   0.0000000000000000     
   6.4800000000000004        4.5792953290351584E-004   0.0000000000000000     
   6.5000000000000000        4.6207637804797944E-004   0.0000000000000000     
   6.5199999999999996        3.7184090363769296E-004   0.0000000000000000     
   6.5400000000000000        3.0300108583988019E-004   0.0000000000000000     
   6.5599999999999996        3.2508402058323385E-004   0.0000000000000000     
   6.5800000000000001        2.4348195536247165E-004   0.0000000000000000     
   6.5999999999999996        2.6259314668219307E-004   0.0000000000000000     
   6.6200000000000001        2.7785197908677858E-004   0.0000000000000000     
   6.6399999999999997        3.1953815045579042E-004   0.0000000000000000     
   6.6600000000000001        2.6034081812540896E-004   0.0000000000000000     
   6.6799999999999997        2.7833937188938464E-004   0.0000000000000000     
   6.7000000000000002        2.2539336704330368E-004   0.0000000000000000     
   6.7199999999999998        2.2227662059920366E-004   0.0000000000000000     
   6.7400000000000002        1.6529241517717336E-004   0.0000000000000000     
   6.7599999999999998        2.1718514496370708E-004   0.0000000000000000     
   6.7800000000000002        1.9562673689213446E-004   0.0000000000000000     
   6.7999999999999998        1.4579609997064814E-004   0.0000000000000000     
   6.8200000000000003        1.3785970470601037E-004   0.0000000000000000     
   6.8399999999999999        1.4877439136193072E-004   0.0000000000000000     
   6.8600000000000003        1.1517082448259157E-004   0.0000000000000000     
   6.8799999999999999        1.2237479510254946E-004   0.0000000000000000     
   6.9000000000000004        1.1942864044723512E-004   0.0000000000000000     
   6.9199999999999999        1.2470742242051938E-004   0.0000000000000000     
   6.9400000000000004        1.1921333293199508E-004   0.0000000000000000     
   6.9600000000000000        1.1099804593993375E-004   0.0000000000000000     
   6.9800000000000004        9.2449290578390080E-005   0.0000000000000000     
   7.0000000000000000        7.8053411384146115E-005   0.0000000000000000     
