# Fig. 3A
# Two-orbital Haldane model
# Zero-frequency spin-spin correlations
# between site 1 and r
# for Hund exchange Jh/U=0.25
# in function of interaction U/W (W=1)
# normalized by the site 1 value of correlation function

# 1st column: site r
# 2nd column: correlations
# 3rd column: interaction U/W (W=1)

 0  1  0.1  
 1  0.61415  0.1  
 2  0.124546  0.1  
 3  0.140676  0.1  
 4  0.0881454  0.1  
 5  0.0751301  0.1  
 6  0.0675195  0.1  
 7  0.0572535  0.1  
 8  0.0570905  0.1  
 9  0.0485091  0.1  
 10  0.050179  0.1  
 11  0.0450287  0.1  
 12  0.0452979  0.1  
 13  0.0433934  0.1  
 14  0.0415531  0.1  
 15  0.0425659  0.1  
 16  0.0385321  0.1  
 17  0.0419953  0.1  
 18  0.0360027  0.1  
 19  0.0417112  0.1  
 20  0.0339944  0.1  
 21  0.0414346  0.1  
 22  0.0321937  0.1  
 23  0.041069  0.1  
 24  0.0306004  0.1  
 25  0.0405972  0.1  
 26  0.0290837  0.1  
 27  0.0399969  0.1  
 28  0.0276091  0.1  
 29  0.0392855  0.1  
 30  0.026127  0.1  
 31  0.0384704  0.1  
 32  0.0247214  0.1  
 33  0.0376527  0.1  
 34  0.0232467  0.1  
 35  0.0368771  0.1  
 36  0.0217226  0.1  
 37  0.0360002  0.1  
 38  0.0203295  0.1  
 39  0.0350665  0.1  
 40  0.0189017  0.1  
 41  0.0340093  0.1  
 42  0.017511  0.1  
 43  0.0329224  0.1  
 44  0.0161919  0.1  
 45  0.0319244  0.1  
 46  0.0149569  0.1  
 47  0.0309314  0.1  
 48  0.0137885  0.1  
 49  0.0297655  0.1  
 50  0.0126522  0.1  
 51  0.0284267  0.1  
 52  0.0114616  0.1  
 53  0.0272064  0.1  
 54  0.0103055  0.1  
 55  0.0259936  0.1  
 56  0.00917914  0.1  
 57  0.0246992  0.1  
 58  0.0079737  0.1  
 59  0.0235185  0.1  
 60  0.00679296  0.1  
 61  0.0224415  0.1  
 62  0.00579501  0.1  
 63  0.0214386  0.1  
 64  0.00508607  0.1  
 65  0.0201195  0.1  
 66  0.00455005  0.1  
 67  0.0189363  0.1  
 68  0.00402143  0.1  
 69  0.0179507  0.1  
 70  0.00341377  0.1  
 71  0.0172294  0.1  
 72  0.0026332  0.1  
 73  0.0166687  0.1  
 74  0.00200578  0.1  
 75  0.016313  0.1  
 76  0.00147963  0.1  
 77  0.0160536  0.1  
 78  0.000970775  0.1  
 79  0.0161672  0.1  

 0  1  0.2  
 1  0.611822  0.2  
 2  0.146138  0.2  
 3  0.160094  0.2  
 4  0.0976905  0.2  
 5  0.0924109  0.2  
 6  0.0730257  0.2  
 7  0.0712465  0.2  
 8  0.0593913  0.2  
 9  0.0603578  0.2  
 10  0.051181  0.2  
 11  0.0552369  0.2  
 12  0.0453243  0.2  
 13  0.052145  0.2  
 14  0.041403  0.2  
 15  0.0503034  0.2  
 16  0.0384146  0.2  
 17  0.0488008  0.2  
 18  0.0358661  0.2  
 19  0.0474208  0.2  
 20  0.033623  0.2  
 21  0.0461345  0.2  
 22  0.0316251  0.2  
 23  0.0448963  0.2  
 24  0.0297642  0.2  
 25  0.0436149  0.2  
 26  0.0280308  0.2  
 27  0.0423382  0.2  
 28  0.0264392  0.2  
 29  0.0410376  0.2  
 30  0.0249485  0.2  
 31  0.0396768  0.2  
 32  0.0234387  0.2  
 33  0.0382751  0.2  
 34  0.0219505  0.2  
 35  0.0367917  0.2  
 36  0.0205969  0.2  
 37  0.0351713  0.2  
 38  0.0193467  0.2  
 39  0.0335725  0.2  
 40  0.0181182  0.2  
 41  0.0318414  0.2  
 42  0.0170098  0.2  
 43  0.0302426  0.2  
 44  0.0158197  0.2  
 45  0.0287352  0.2  
 46  0.0145936  0.2  
 47  0.0274441  0.2  
 48  0.0134348  0.2  
 49  0.0261242  0.2  
 50  0.0124899  0.2  
 51  0.0245951  0.2  
 52  0.011319  0.2  
 53  0.0233425  0.2  
 54  0.0102275  0.2  
 55  0.0220827  0.2  
 56  0.00918651  0.2  
 57  0.0208974  0.2  
 58  0.00833301  0.2  
 59  0.0195439  0.2  
 60  0.00734488  0.2  
 61  0.0182937  0.2  
 62  0.00649619  0.2  
 63  0.0170796  0.2  
 64  0.00575569  0.2  
 65  0.0160409  0.2  
 66  0.0050729  0.2  
 67  0.0150456  0.2  
 68  0.00440452  0.2  
 69  0.0142907  0.2  
 70  0.00374817  0.2  
 71  0.0135814  0.2  
 72  0.00309663  0.2  
 73  0.0131775  0.2  
 74  0.00259655  0.2  
 75  0.0128794  0.2  
 76  0.00202435  0.2  
 77  0.0127087  0.2  
 78  0.00145695  0.2  
 79  0.0129203  0.2  

 0  1  0.3  
 1  0.598273  0.3  
 2  0.191614  0.3  
 3  0.183382  0.3  
 4  0.130841  0.3  
 5  0.115862  0.3  
 6  0.102167  0.3  
 7  0.0916164  0.3  
 8  0.0841871  0.3  
 9  0.0793576  0.3  
 10  0.0732829  0.3  
 11  0.0734365  0.3  
 12  0.0660142  0.3  
 13  0.0701362  0.3  
 14  0.0608425  0.3  
 15  0.0677784  0.3  
 16  0.0567741  0.3  
 17  0.0661073  0.3  
 18  0.0535925  0.3  
 19  0.0645386  0.3  
 20  0.0507576  0.3  
 21  0.0629768  0.3  
 22  0.0481997  0.3  
 23  0.0614756  0.3  
 24  0.0459863  0.3  
 25  0.0599535  0.3  
 26  0.0438008  0.3  
 27  0.0583452  0.3  
 28  0.0417084  0.3  
 29  0.0566973  0.3  
 30  0.0397207  0.3  
 31  0.0549959  0.3  
 32  0.0377121  0.3  
 33  0.053255  0.3  
 34  0.0357477  0.3  
 35  0.0514838  0.3  
 36  0.0337717  0.3  
 37  0.0495869  0.3  
 38  0.0318003  0.3  
 39  0.0477435  0.3  
 40  0.0299453  0.3  
 41  0.0457652  0.3  
 42  0.028223  0.3  
 43  0.043724  0.3  
 44  0.0265681  0.3  
 45  0.0415873  0.3  
 46  0.0247899  0.3  
 47  0.039723  0.3  
 48  0.0232608  0.3  
 49  0.0376981  0.3  
 50  0.0214779  0.3  
 51  0.036041  0.3  
 52  0.0198929  0.3  
 53  0.0344001  0.3  
 54  0.0183801  0.3  
 55  0.0327685  0.3  
 56  0.0168556  0.3  
 57  0.0311114  0.3  
 58  0.0153963  0.3  
 59  0.0295496  0.3  
 60  0.0139718  0.3  
 61  0.0280717  0.3  
 62  0.0126149  0.3  
 63  0.0266938  0.3  
 64  0.0114  0.3  
 65  0.0253788  0.3  
 66  0.0102083  0.3  
 67  0.0241918  0.3  
 68  0.00903293  0.3  
 69  0.0232678  0.3  
 70  0.00789014  0.3  
 71  0.0225463  0.3  
 72  0.00678925  0.3  
 73  0.0220738  0.3  
 74  0.00574654  0.3  
 75  0.0218224  0.3  
 76  0.00475969  0.3  
 77  0.0217782  0.3  
 78  0.00359362  0.3  
 79  0.0224438  0.3  

 0  1  0.4  
 1  0.57821  0.4  
 2  0.259791  0.4  
 3  0.21243  0.4  
 4  0.189294  0.4  
 5  0.147865  0.4  
 6  0.155268  0.4  
 7  0.123448  0.4  
 8  0.133962  0.4  
 9  0.111126  0.4  
 10  0.120808  0.4  
 11  0.105582  0.4  
 12  0.111593  0.4  
 13  0.103309  0.4  
 14  0.104943  0.4  
 15  0.10236  0.4  
 16  0.099826  0.4  
 17  0.101863  0.4  
 18  0.0959199  0.4  
 19  0.101356  0.4  
 20  0.0928504  0.4  
 21  0.100731  0.4  
 22  0.0901332  0.4  
 23  0.0999273  0.4  
 24  0.0874425  0.4  
 25  0.0989519  0.4  
 26  0.0847738  0.4  
 27  0.0978069  0.4  
 28  0.0821689  0.4  
 29  0.0964659  0.4  
 30  0.0795596  0.4  
 31  0.0949334  0.4  
 32  0.0768843  0.4  
 33  0.0931124  0.4  
 34  0.0739712  0.4  
 35  0.0910382  0.4  
 36  0.071036  0.4  
 37  0.0887945  0.4  
 38  0.0680502  0.4  
 39  0.0865529  0.4  
 40  0.0650204  0.4  
 41  0.084318  0.4  
 42  0.0620698  0.4  
 43  0.081799  0.4  
 44  0.0591699  0.4  
 45  0.0789343  0.4  
 46  0.0559529  0.4  
 47  0.0760564  0.4  
 48  0.0525641  0.4  
 49  0.0732049  0.4  
 50  0.0491446  0.4  
 51  0.0704371  0.4  
 52  0.0457118  0.4  
 53  0.0678036  0.4  
 54  0.0424816  0.4  
 55  0.0650996  0.4  
 56  0.0392844  0.4  
 57  0.0624794  0.4  
 58  0.0361599  0.4  
 59  0.0599339  0.4  
 60  0.033086  0.4  
 61  0.0575317  0.4  
 62  0.0303028  0.4  
 63  0.0550853  0.4  
 64  0.0277507  0.4  
 65  0.0525333  0.4  
 66  0.0253463  0.4  
 67  0.0502741  0.4  
 68  0.0229572  0.4  
 69  0.0482065  0.4  
 70  0.020425  0.4  
 71  0.0468722  0.4  
 72  0.0177849  0.4  
 73  0.045529  0.4  
 74  0.0153782  0.4  
 75  0.0447627  0.4  
 76  0.0128438  0.4  
 77  0.0444281  0.4  
 78  0.00966641  0.4  
 79  0.0458615  0.4  

 0  1  0.5  
 1  0.563791  0.5  
 2  0.327172  0.5  
 3  0.25007  0.5  
 4  0.247252  0.5  
 5  0.189949  0.5  
 6  0.208426  0.5  
 7  0.165872  0.5  
 8  0.183636  0.5  
 9  0.153356  0.5  
 10  0.168588  0.5  
 11  0.147206  0.5  
 12  0.158047  0.5  
 13  0.144898  0.5  
 14  0.150324  0.5  
 15  0.14412  0.5  
 16  0.144101  0.5  
 17  0.143868  0.5  
 18  0.138997  0.5  
 19  0.143637  0.5  
 20  0.134564  0.5  
 21  0.143148  0.5  
 22  0.130347  0.5  
 23  0.142328  0.5  
 24  0.126376  0.5  
 25  0.141142  0.5  
 26  0.122414  0.5  
 27  0.139526  0.5  
 28  0.118533  0.5  
 29  0.137586  0.5  
 30  0.114562  0.5  
 31  0.135336  0.5  
 32  0.110664  0.5  
 33  0.132626  0.5  
 34  0.106891  0.5  
 35  0.129575  0.5  
 36  0.102841  0.5  
 37  0.126054  0.5  
 38  0.0987486  0.5  
 39  0.122331  0.5  
 40  0.0946538  0.5  
 41  0.118401  0.5  
 42  0.0903939  0.5  
 43  0.114337  0.5  
 44  0.0860225  0.5  
 45  0.110162  0.5  
 46  0.0816139  0.5  
 47  0.105896  0.5  
 48  0.0772054  0.5  
 49  0.101657  0.5  
 50  0.072836  0.5  
 51  0.0974546  0.5  
 52  0.0684708  0.5  
 53  0.0933453  0.5  
 54  0.0640065  0.5  
 55  0.0893351  0.5  
 56  0.0596475  0.5  
 57  0.0852155  0.5  
 58  0.0555155  0.5  
 59  0.0812424  0.5  
 60  0.051365  0.5  
 61  0.0773705  0.5  
 62  0.0472392  0.5  
 63  0.0735274  0.5  
 64  0.0432414  0.5  
 65  0.0698475  0.5  
 66  0.0394169  0.5  
 67  0.0664791  0.5  
 68  0.0356317  0.5  
 69  0.0634699  0.5  
 70  0.031832  0.5  
 71  0.0610077  0.5  
 72  0.0279724  0.5  
 73  0.0587497  0.5  
 74  0.0243832  0.5  
 75  0.0570532  0.5  
 76  0.0202017  0.5  
 77  0.056046  0.5  
 78  0.0150275  0.5  
 79  0.0577116  0.5  



 0  1  0.6  
 1  0.524137  0.6  
 2  0.453974  0.6  
 3  0.310826  0.6  
 4  0.367912  0.6  
 5  0.265743  0.6  
 6  0.325414  0.6  
 7  0.247424  0.6  
 8  0.298419  0.6  
 9  0.238061  0.6  
 10  0.281684  0.6  
 11  0.234877  0.6  
 12  0.269953  0.6  
 13  0.235249  0.6  
 14  0.261892  0.6  
 15  0.237439  0.6  
 16  0.255841  0.6  
 17  0.239895  0.6  
 18  0.251159  0.6  
 19  0.241947  0.6  
 20  0.247293  0.6  
 21  0.243353  0.6  
 22  0.243443  0.6  
 23  0.244189  0.6  
 24  0.23943  0.6  
 25  0.244438  0.6  
 26  0.235136  0.6  
 27  0.243993  0.6  
 28  0.230621  0.6  
 29  0.242892  0.6  
 30  0.225833  0.6  
 31  0.241366  0.6  
 32  0.220553  0.6  
 33  0.239297  0.6  
 34  0.214864  0.6  
 35  0.236467  0.6  
 36  0.208817  0.6  
 37  0.23295  0.6  
 38  0.202529  0.6  
 39  0.228974  0.6  
 40  0.19602  0.6  
 41  0.224518  0.6  
 42  0.189209  0.6  
 43  0.21959  0.6  
 44  0.182183  0.6  
 45  0.214266  0.6  
 46  0.174974  0.6  
 47  0.208511  0.6  
 48  0.167572  0.6  
 49  0.202502  0.6  
 50  0.160093  0.6  
 51  0.196338  0.6  
 52  0.152355  0.6  
 53  0.190018  0.6  
 54  0.144436  0.6  
 55  0.183383  0.6  
 56  0.136585  0.6  
 57  0.17666  0.6  
 58  0.128571  0.6  
 59  0.169888  0.6  
 60  0.120512  0.6  
 61  0.163233  0.6  
 62  0.112402  0.6  
 63  0.156739  0.6  
 64  0.104125  0.6  
 65  0.150499  0.6  
 66  0.0957571  0.6  
 67  0.144537  0.6  
 68  0.087838  0.6  
 69  0.139002  0.6  
 70  0.0798434  0.6  
 71  0.13423  0.6  
 72  0.0714877  0.6  
 73  0.129695  0.6  
 74  0.0625877  0.6  
 75  0.126074  0.6  
 76  0.0523169  0.6  
 77  0.123627  0.6  
 78  0.0390854  0.6  
 79  0.127205  0.6  

 0  1  0.7  
 1  0.444093  0.7  
 2  0.689525  0.7  
 3  0.416658  0.7  
 4  0.610818  0.7  
 5  0.410946  0.7  
 6  0.570719  0.7  
 7  0.412557  0.7  
 8  0.547765  0.7  
 9  0.42063  0.7  
 10  0.531164  0.7  
 11  0.427224  0.7  
 12  0.521322  0.7  
 13  0.435187  0.7  
 14  0.516359  0.7  
 15  0.444921  0.7  
 16  0.51371  0.7  
 17  0.455163  0.7  
 18  0.512187  0.7  
 19  0.465118  0.7  
 20  0.511115  0.7  
 21  0.474075  0.7  
 22  0.510005  0.7  
 23  0.481567  0.7  
 24  0.50851  0.7  
 25  0.487487  0.7  
 26  0.506167  0.7  
 27  0.49187  0.7  
 28  0.50282  0.7  
 29  0.494978  0.7  
 30  0.498357  0.7  
 31  0.497127  0.7  
 32  0.492542  0.7  
 33  0.498299  0.7  
 34  0.485624  0.7  
 35  0.498111  0.7  
 36  0.477957  0.7  
 37  0.4969  0.7  
 38  0.4697  0.7  
 39  0.494652  0.7  
 40  0.460654  0.7  
 41  0.491583  0.7  
 42  0.450843  0.7  
 43  0.487735  0.7  
 44  0.440289  0.7  
 45  0.483128  0.7  
 46  0.428835  0.7  
 47  0.477427  0.7  
 48  0.416543  0.7  
 49  0.470463  0.7  
 50  0.403562  0.7  
 51  0.462467  0.7  
 52  0.389704  0.7  
 53  0.453484  0.7  
 54  0.375183  0.7  
 55  0.443788  0.7  
 56  0.359915  0.7  
 57  0.433601  0.7  
 58  0.344104  0.7  
 59  0.422987  0.7  
 60  0.32751  0.7  
 61  0.411448  0.7  
 62  0.310701  0.7  
 63  0.399669  0.7  
 64  0.292956  0.7  
 65  0.38789  0.7  
 66  0.273906  0.7  
 67  0.37631  0.7  
 68  0.254146  0.7  
 69  0.365016  0.7  
 70  0.233289  0.7  
 71  0.354036  0.7  
 72  0.211104  0.7  
 73  0.343805  0.7  
 74  0.186708  0.7  
 75  0.33476  0.7  
 76  0.157822  0.7  
 77  0.328198  0.7  
 78  0.11841  0.7  
 79  0.337199  0.7  

 0  1  0.8  
 1  0.35619  0.8  
 2  0.975465  0.8  
 3  0.559427  0.8  
 4  0.914168  0.8  
 5  0.607139  0.8  
 6  0.878813  0.8  
 7  0.635316  0.8  
 8  0.854219  0.8  
 9  0.658226  0.8  
 10  0.835738  0.8  
 11  0.676807  0.8  
 12  0.822209  0.8  
 13  0.693188  0.8  
 14  0.812086  0.8  
 15  0.707263  0.8  
 16  0.803881  0.8  
 17  0.719646  0.8  
 18  0.797319  0.8  
 19  0.730557  0.8  
 20  0.792167  0.8  
 21  0.739644  0.8  
 22  0.787493  0.8  
 23  0.747173  0.8  
 24  0.782503  0.8  
 25  0.753151  0.8  
 26  0.77706  0.8  
 27  0.757921  0.8  
 28  0.771253  0.8  
 29  0.761511  0.8  
 30  0.765122  0.8  
 31  0.763961  0.8  
 32  0.758419  0.8  
 33  0.765374  0.8  
 34  0.751216  0.8  
 35  0.765945  0.8  
 36  0.743696  0.8  
 37  0.765827  0.8  
 38  0.735792  0.8  
 39  0.764825  0.8  
 40  0.727503  0.8  
 41  0.763056  0.8  
 42  0.718678  0.8  
 43  0.760819  0.8  
 44  0.709003  0.8  
 45  0.757624  0.8  
 46  0.698217  0.8  
 47  0.753818  0.8  
 48  0.686298  0.8  
 49  0.748899  0.8  
 50  0.673587  0.8  
 51  0.743289  0.8  
 52  0.659705  0.8  
 53  0.73641  0.8  
 54  0.644565  0.8  
 55  0.728353  0.8  
 56  0.627631  0.8  
 57  0.719169  0.8  
 58  0.609059  0.8  
 59  0.70916  0.8  
 60  0.588703  0.8  
 61  0.698345  0.8  
 62  0.566132  0.8  
 63  0.686758  0.8  
 64  0.541602  0.8  
 65  0.675176  0.8  
 66  0.515094  0.8  
 67  0.663066  0.8  
 68  0.486634  0.8  
 69  0.65041  0.8  
 70  0.454945  0.8  
 71  0.636919  0.8  
 72  0.418045  0.8  
 73  0.622951  0.8  
 74  0.374155  0.8  
 75  0.609128  0.8  
 76  0.319191  0.8  
 77  0.597608  0.8  
 78  0.240744  0.8  
 79  0.613503  0.8  

 0  1  0.9  
 1  0.342321  0.9  
 2  1.12617  0.9  
 3  0.655294  0.9  
 4  1.08935  0.9  
 5  0.739201  0.9  
 6  1.06145  0.9  
 7  0.783434  0.9  
 8  1.03617  0.9  
 9  0.811125  0.9  
 10  1.01154  0.9  
 11  0.829263  0.9  
 12  0.98798  0.9  
 13  0.841107  0.9  
 14  0.965497  0.9  
 15  0.848035  0.9  
 16  0.944141  0.9  
 17  0.851175  0.9  
 18  0.923317  0.9  
 19  0.851451  0.9  
 20  0.903547  0.9  
 21  0.849956  0.9  
 22  0.884872  0.9  
 23  0.847167  0.9  
 24  0.867547  0.9  
 25  0.843596  0.9  
 26  0.851787  0.9  
 27  0.839489  0.9  
 28  0.837817  0.9  
 29  0.835496  0.9  
 30  0.826055  0.9  
 31  0.831908  0.9  
 32  0.816778  0.9  
 33  0.829008  0.9  
 34  0.809791  0.9  
 35  0.827172  0.9  
 36  0.804469  0.9  
 37  0.826416  0.9  
 38  0.79931  0.9  
 39  0.825944  0.9  
 40  0.793934  0.9  
 41  0.825634  0.9  
 42  0.787378  0.9  
 43  0.825258  0.9  
 44  0.781763  0.9  
 45  0.825174  0.9  
 46  0.776081  0.9  
 47  0.825434  0.9  
 48  0.770745  0.9  
 49  0.826115  0.9  
 50  0.765168  0.9  
 51  0.827193  0.9  
 52  0.759638  0.9  
 53  0.828105  0.9  
 54  0.753224  0.9  
 55  0.829395  0.9  
 56  0.745455  0.9  
 57  0.830564  0.9  
 58  0.736751  0.9  
 59  0.83239  0.9  
 60  0.7266  0.9  
 61  0.834767  0.9  
 62  0.714451  0.9  
 63  0.837003  0.9  
 64  0.699643  0.9  
 65  0.837654  0.9  
 66  0.681  0.9  
 67  0.836855  0.9  
 68  0.657282  0.9  
 69  0.834718  0.9  
 70  0.627313  0.9  
 71  0.831207  0.9  
 72  0.588164  0.9  
 73  0.824951  0.9  
 74  0.53661  0.9  
 75  0.815767  0.9  
 76  0.465861  0.9  
 77  0.805854  0.9  
 78  0.355939  0.9  
 79  0.829573  0.9  

 0  1  1  
 1  0.380889  1  
 2  1.13687  1  
 3  0.691426  1  
 4  1.10917  1  
 5  0.778033  1  
 6  1.08013  1  
 7  0.817982  1  
 8  1.04904  1  
 9  0.83629  1  
 10  1.01628  1  
 11  0.842215  1  
 12  0.982803  1  
 13  0.84051  1  
 14  0.949625  1  
 15  0.834084  1  
 16  0.917562  1  
 17  0.82483  1  
 18  0.887393  1  
 19  0.814244  1  
 20  0.859698  1  
 21  0.803144  1  
 22  0.834768  1  
 23  0.792351  1  
 24  0.812773  1  
 25  0.782275  1  
 26  0.793889  1  
 27  0.773366  1  
 28  0.778157  1  
 29  0.765798  1  
 30  0.765451  1  
 31  0.759908  1  
 32  0.754643  1  
 33  0.755151  1  
 34  0.745173  1  
 35  0.75133  1  
 36  0.736342  1  
 37  0.748318  1  
 38  0.728876  1  
 39  0.746503  1  
 40  0.723707  1  
 41  0.746262  1  
 42  0.7204  1  
 43  0.747722  1  
 44  0.718774  1  
 45  0.750719  1  
 46  0.71875  1  
 47  0.755687  1  
 48  0.720363  1  
 49  0.762875  1  
 50  0.723215  1  
 51  0.772245  1  
 52  0.727309  1  
 53  0.784126  1  
 54  0.732376  1  
 55  0.798223  1  
 56  0.737649  1  
 57  0.814152  1  
 58  0.742959  1  
 59  0.831396  1  
 60  0.747642  1  
 61  0.848954  1  
 62  0.750462  1  
 63  0.866433  1  
 64  0.750248  1  
 65  0.883034  1  
 66  0.745948  1  
 67  0.898299  1  
 68  0.735482  1  
 69  0.911677  1  
 70  0.716868  1  
 71  0.921875  1  
 72  0.68643  1  
 73  0.927277  1  
 74  0.639257  1  
 75  0.92663  1  
 76  0.565002  1  
 77  0.922318  1  
 78  0.438797  1  
 79  0.951719  1  

 0  1  1.1  
 1  0.430373  1.1  
 2  1.08925  1.1  
 3  0.695758  1.1  
 4  1.05391  1.1  
 5  0.763205  1.1  
 6  1.01383  1.1  
 7  0.78526  1.1  
 8  0.971072  1.1  
 9  0.786663  1.1  
 10  0.927797  1.1  
 11  0.776959  1.1  
 12  0.885158  1.1  
 13  0.76126  1.1  
 14  0.844118  1.1  
 15  0.742312  1.1  
 16  0.805413  1.1  
 17  0.722142  1.1  
 18  0.769602  1.1  
 19  0.702083  1.1  
 20  0.73705  1.1  
 21  0.68294  1.1  
 22  0.707975  1.1  
 23  0.665172  1.1  
 24  0.682275  1.1  
 25  0.649054  1.1  
 26  0.659869  1.1  
 27  0.634859  1.1  
 28  0.640611  1.1  
 29  0.622512  1.1  
 30  0.624281  1.1  
 31  0.612033  1.1  
 32  0.610739  1.1  
 33  0.603373  1.1  
 34  0.599682  1.1  
 35  0.596854  1.1  
 36  0.591242  1.1  
 37  0.592722  1.1  
 38  0.585561  1.1  
 39  0.591256  1.1  
 40  0.582728  1.1  
 41  0.592628  1.1  
 42  0.5826  1.1  
 43  0.597135  1.1  
 44  0.585006  1.1  
 45  0.604808  1.1  
 46  0.589904  1.1  
 47  0.615385  1.1  
 48  0.597449  1.1  
 49  0.628972  1.1  
 50  0.607244  1.1  
 51  0.645523  1.1  
 52  0.619217  1.1  
 53  0.664797  1.1  
 54  0.632958  1.1  
 55  0.686648  1.1  
 56  0.648248  1.1  
 57  0.71106  1.1  
 58  0.664467  1.1  
 59  0.737807  1.1  
 60  0.68105  1.1  
 61  0.766612  1.1  
 62  0.697175  1.1  
 63  0.797034  1.1  
 64  0.711628  1.1  
 65  0.828314  1.1  
 66  0.723013  1.1  
 67  0.859645  1.1  
 68  0.729065  1.1  
 69  0.889531  1.1  
 70  0.726837  1.1  
 71  0.916489  1.1  
 72  0.712749  1.1  
 73  0.938708  1.1  
 74  0.679343  1.1  
 75  0.953178  1.1  
 76  0.614015  1.1  
 77  0.959506  1.1  
 78  0.485843  1.1  
 79  0.9948  1.1  

 0  1  1.2  
 1  0.483606  1.2  
 2  1.01706  1.2  
 3  0.67357  1.2  
 4  0.97822  1.2  
 5  0.720786  1.2  
 6  0.931928  1.2  
 7  0.728313  1.2  
 8  0.882202  1.2  
 9  0.717157  1.2  
 10  0.83192  1.2  
 11  0.696534  1.2  
 12  0.783093  1.2  
 13  0.671194  1.2  
 14  0.736622  1.2  
 15  0.644003  1.2  
 16  0.693335  1.2  
 17  0.616554  1.2  
 18  0.653576  1.2  
 19  0.590098  1.2  
 20  0.617513  1.2  
 21  0.565306  1.2  
 22  0.585113  1.2  
 23  0.54265  1.2  
 24  0.556422  1.2  
 25  0.522259  1.2  
 26  0.531472  1.2  
 27  0.504452  1.2  
 28  0.51006  1.2  
 29  0.489268  1.2  
 30  0.492099  1.2  
 31  0.476801  1.2  
 32  0.477473  1.2  
 33  0.467101  1.2  
 34  0.466126  1.2  
 35  0.460233  1.2  
 36  0.457924  1.2  
 37  0.456168  1.2  
 38  0.452848  1.2  
 39  0.45512  1.2  
 40  0.450848  1.2  
 41  0.457117  1.2  
 42  0.451861  1.2  
 43  0.462299  1.2  
 44  0.455935  1.2  
 45  0.470736  1.2  
 46  0.463125  1.2  
 47  0.482505  1.2  
 48  0.47342  1.2  
 49  0.497709  1.2  
 50  0.486656  1.2  
 51  0.516416  1.2  
 52  0.50279  1.2  
 53  0.53865  1.2  
 54  0.521647  1.2  
 55  0.564509  1.2  
 56  0.543108  1.2  
 57  0.594016  1.2  
 58  0.566665  1.2  
 59  0.626999  1.2  
 60  0.591698  1.2  
 61  0.66311  1.2  
 62  0.61758  1.2  
 63  0.702206  1.2  
 64  0.643524  1.2  
 65  0.743826  1.2  
 66  0.667833  1.2  
 67  0.787299  1.2  
 68  0.688452  1.2  
 69  0.8312  1.2  
 70  0.702191  1.2  
 71  0.873578  1.2  
 72  0.704531  1.2  
 73  0.911665  1.2  
 74  0.687281  1.2  
 75  0.941852  1.2  
 76  0.635875  1.2  
 77  0.962088  1.2  
 78  0.513862  1.2  
 79  1.00446  1.2  

 0  1  1.3  
 1  0.517982  1.3  
 2  0.977079  1.3  
 3  0.662313  1.3  
 4  0.931144  1.3  
 5  0.693917  1.3  
 6  0.875179  1.3  
 7  0.687849  1.3  
 8  0.815222  1.3  
 9  0.664473  1.3  
 10  0.755724  1.3  
 11  0.633088  1.3  
 12  0.698924  1.3  
 13  0.598407  1.3  
 14  0.645843  1.3  
 15  0.563191  1.3  
 16  0.596987  1.3  
 17  0.529045  1.3  
 18  0.552563  1.3  
 19  0.4968  1.3  
 20  0.512678  1.3  
 21  0.46712  1.3  
 22  0.47727  1.3  
 23  0.440349  1.3  
 24  0.44617  1.3  
 25  0.416693  1.3  
 26  0.419355  1.3  
 27  0.396201  1.3  
 28  0.39657  1.3  
 29  0.378766  1.3  
 30  0.377565  1.3  
 31  0.36445  1.3  
 32  0.36223  1.3  
 33  0.353296  1.3  
 34  0.350416  1.3  
 35  0.345166  1.3  
 36  0.341976  1.3  
 37  0.340213  1.3  
 38  0.336959  1.3  
 39  0.338442  1.3  
 40  0.335082  1.3  
 41  0.339821  1.3  
 42  0.33639  1.3  
 43  0.344351  1.3  
 44  0.340909  1.3  
 45  0.352214  1.3  
 46  0.348707  1.3  
 47  0.363538  1.3  
 48  0.359952  1.3  
 49  0.378749  1.3  
 50  0.374576  1.3  
 51  0.397649  1.3  
 52  0.39259  1.3  
 53  0.42049  1.3  
 54  0.413967  1.3  
 55  0.447585  1.3  
 56  0.438585  1.3  
 57  0.479178  1.3  
 58  0.466357  1.3  
 59  0.515269  1.3  
 60  0.496909  1.3  
 61  0.555762  1.3  
 62  0.529626  1.3  
 63  0.6007  1.3  
 64  0.564008  1.3  
 65  0.649948  1.3  
 66  0.59875  1.3  
 67  0.702735  1.3  
 68  0.631872  1.3  
 69  0.758239  1.3  
 70  0.660344  1.3  
 71  0.814608  1.3  
 72  0.679151  1.3  
 73  0.868818  1.3  
 74  0.679527  1.3  
 75  0.916286  1.3  
 76  0.644382  1.3  
 77  0.951953  1.3  
 78  0.532649  1.3  
 79  1.0031  1.3  

 0  1  1.4  
 1  0.541221  1.4  
 2  0.95189  1.4  
 3  0.655884  1.4  
 4  0.895776  1.4  
 5  0.673117  1.4  
 6  0.828629  1.4  
 7  0.654254  1.4  
 8  0.758291  1.4  
 9  0.61943  1.4  
 10  0.689599  1.4  
 11  0.578121  1.4  
 12  0.625222  1.4  
 13  0.535205  1.4  
 14  0.566216  1.4  
 15  0.493309  1.4  
 16  0.51292  1.4  
 17  0.453868  1.4  
 18  0.465452  1.4  
 19  0.417628  1.4  
 20  0.423584  1.4  
 21  0.384975  1.4  
 22  0.387062  1.4  
 23  0.356047  1.4  
 24  0.355502  1.4  
 25  0.330802  1.4  
 26  0.328573  1.4  
 27  0.309179  1.4  
 28  0.305902  1.4  
 29  0.291077  1.4  
 30  0.287227  1.4  
 31  0.276374  1.4  
 32  0.272314  1.4  
 33  0.264887  1.4  
 34  0.260938  1.4  
 35  0.256565  1.4  
 36  0.252921  1.4  
 37  0.251387  1.4  
 38  0.248167  1.4  
 39  0.249303  1.4  
 40  0.246624  1.4  
 41  0.250265  1.4  
 42  0.248319  1.4  
 43  0.254376  1.4  
 44  0.25318  1.4  
 45  0.261727  1.4  
 46  0.261338  1.4  
 47  0.27253  1.4  
 48  0.272906  1.4  
 49  0.287  1.4  
 50  0.287884  1.4  
 51  0.305408  1.4  
 52  0.306366  1.4  
 53  0.328032  1.4  
 54  0.328442  1.4  
 55  0.355112  1.4  
 56  0.354092  1.4  
 57  0.386936  1.4  
 58  0.383414  1.4  
 59  0.423785  1.4  
 60  0.416309  1.4  
 61  0.4659  1.4  
 62  0.452712  1.4  
 63  0.513523  1.4  
 64  0.492173  1.4  
 65  0.566713  1.4  
 66  0.533803  1.4  
 67  0.625313  1.4  
 68  0.575891  1.4  
 69  0.68865  1.4  
 70  0.615625  1.4  
 71  0.755421  1.4  
 72  0.64797  1.4  
 73  0.822952  1.4  
 74  0.664071  1.4  
 75  0.886085  1.4  
 76  0.64548  1.4  
 77  0.937514  1.4  
 78  0.546237  1.4  
 79  0.998605  1.4  

 0  1  1.5  
 1  0.558932  1.5  
 2  0.930635  1.5  
 3  0.648957  1.5  
 4  0.86266  1.5  
 5  0.651731  1.5  
 6  0.783995  1.5  
 7  0.62068  1.5  
 8  0.704169  1.5  
 9  0.576022  1.5  
 10  0.628482  1.5  
 11  0.527164  1.5  
 12  0.559311  1.5  
 13  0.478766  1.5  
 14  0.497389  1.5  
 15  0.433074  1.5  
 16  0.442677  1.5  
 17  0.391192  1.5  
 18  0.394776  1.5  
 19  0.35354  1.5  
 20  0.353194  1.5  
 21  0.320162  1.5  
 22  0.31739  1.5  
 23  0.290998  1.5  
 24  0.286818  1.5  
 25  0.265862  1.5  
 26  0.260987  1.5  
 27  0.244542  1.5  
 28  0.23947  1.5  
 29  0.226808  1.5  
 30  0.22192  1.5  
 31  0.21249  1.5  
 32  0.208006  1.5  
 33  0.201389  1.5  
 34  0.197507  1.5  
 35  0.19336  1.5  
 36  0.190219  1.5  
 37  0.188347  1.5  
 38  0.186016  1.5  
 39  0.186278  1.5  
 40  0.18484  1.5  
 41  0.187154  1.5  
 42  0.186652  1.5  
 43  0.191001  1.5  
 44  0.191456  1.5  
 45  0.1979  1.5  
 46  0.199334  1.5  
 47  0.208058  1.5  
 48  0.210414  1.5  
 49  0.221695  1.5  
 50  0.224867  1.5  
 51  0.239136  1.5  
 52  0.242861  1.5  
 53  0.26067  1.5  
 54  0.264514  1.5  
 55  0.286552  1.5  
 56  0.289893  1.5  
 57  0.317363  1.5  
 58  0.319316  1.5  
 59  0.353382  1.5  
 60  0.3529  1.5  
 61  0.395147  1.5  
 62  0.3908  1.5  
 63  0.443216  1.5  
 64  0.432938  1.5  
 65  0.49806  1.5  
 66  0.478803  1.5  
 67  0.560045  1.5  
 68  0.527211  1.5  
 69  0.629083  1.5  
 70  0.575806  1.5  
 71  0.704327  1.5  
 72  0.619782  1.5  
 73  0.783274  1.5  
 74  0.650119  1.5  
 75  0.861  1.5  
 76  0.647079  1.5  
 77  0.928067  1.5  
 78  0.560269  1.5  
 79  1.0003  1.5  

 0  1  1.6  
 1  0.571531  1.6  
 2  0.914825  1.6  
 3  0.643594  1.6  
 4  0.834159  1.6  
 5  0.632974  1.6  
 6  0.744844  1.6  
 7  0.591283  1.6  
 8  0.657438  1.6  
 9  0.538836  1.6  
 10  0.576968  1.6  
 11  0.484614  1.6  
 12  0.505164  1.6  
 13  0.432743  1.6  
 14  0.442148  1.6  
 15  0.385041  1.6  
 16  0.387419  1.6  
 17  0.342191  1.6  
 18  0.340258  1.6  
 19  0.304297  1.6  
 20  0.299856  1.6  
 21  0.271198  1.6  
 22  0.26544  1.6  
 23  0.242611  1.6  
 24  0.236345  1.6  
 25  0.218225  1.6  
 26  0.211975  1.6  
 27  0.197711  1.6  
 28  0.191826  1.6  
 29  0.18078  1.6  
 30  0.175477  1.6  
 31  0.16716  1.6  
 32  0.162585  1.6  
 33  0.156635  1.6  
 34  0.152897  1.6  
 35  0.149051  1.6  
 36  0.146205  1.6  
 37  0.144294  1.6  
 38  0.142377  1.6  
 39  0.14228  1.6  
 40  0.141336  1.6  
 41  0.143  1.6  
 42  0.143073  1.6  
 43  0.146471  1.6  
 44  0.147592  1.6  
 45  0.152782  1.6  
 46  0.154996  1.6  
 47  0.162136  1.6  
 48  0.165418  1.6  
 49  0.174768  1.6  
 50  0.179025  1.6  
 51  0.190992  1.6  
 52  0.196046  1.6  
 53  0.211104  1.6  
 54  0.216731  1.6  
 55  0.235517  1.6  
 56  0.241341  1.6  
 57  0.264752  1.6  
 58  0.270129  1.6  
 59  0.299383  1.6  
 60  0.303379  1.6  
 61  0.339971  1.6  
 62  0.341498  1.6  
 63  0.387359  1.6  
 64  0.384669  1.6  
 65  0.442279  1.6  
 66  0.432712  1.6  
 67  0.505503  1.6  
 68  0.484908  1.6  
 69  0.577501  1.6  
 70  0.539361  1.6  
 71  0.658059  1.6  
 72  0.591994  1.6  
 73  0.745482  1.6  
 74  0.633861  1.6  
 75  0.834937  1.6  
 76  0.64466  1.6  
 77  0.916161  1.6  
 78  0.570592  1.6  
 79  0.999696  1.6  

 0  1  1.7  
 1  0.58077  1.7  
 2  0.902055  1.7  
 3  0.638836  1.7  
 4  0.808993  1.7  
 5  0.616189  1.7  
 6  0.710406  1.7  
 7  0.565478  1.7  
 8  0.61714  1.7  
 9  0.506866  1.7  
 10  0.533473  1.7  
 11  0.448763  1.7  
 12  0.460299  1.7  
 13  0.394674  1.7  
 14  0.397164  1.7  
 15  0.34594  1.7  
 16  0.343137  1.7  
 17  0.30289  1.7  
 18  0.297158  1.7  
 19  0.265359  1.7  
 20  0.258204  1.7  
 21  0.23298  1.7  
 22  0.22536  1.7  
 23  0.205334  1.7  
 24  0.197854  1.7  
 25  0.181982  1.7  
 26  0.17501  1.7  
 27  0.162504  1.7  
 28  0.156265  1.7  
 29  0.146542  1.7  
 30  0.141165  1.7  
 31  0.133791  1.7  
 32  0.129336  1.7  
 33  0.123991  1.7  
 34  0.120493  1.7  
 35  0.116954  1.7  
 36  0.114425  1.7  
 37  0.112539  1.7  
 38  0.110983  1.7  
 39  0.110654  1.7  
 40  0.110084  1.7  
 41  0.11127  1.7  
 42  0.111712  1.7  
 43  0.114426  1.7  
 44  0.115908  1.7  
 45  0.120215  1.7  
 46  0.122775  1.7  
 47  0.128796  1.7  
 48  0.13245  1.7  
 49  0.14042  1.7  
 50  0.145127  1.7  
 51  0.155378  1.7  
 52  0.161078  1.7  
 53  0.174015  1.7  
 54  0.180606  1.7  
 55  0.196849  1.7  
 56  0.204041  1.7  
 57  0.224403  1.7  
 58  0.231764  1.7  
 59  0.257287  1.7  
 60  0.264177  1.7  
 61  0.29628  1.7  
 62  0.301741  1.7  
 63  0.342278  1.7  
 64  0.344877  1.7  
 65  0.39634  1.7  
 66  0.393767  1.7  
 67  0.459539  1.7  
 68  0.448097  1.7  
 69  0.532831  1.7  
 70  0.506503  1.7  
 71  0.616651  1.7  
 72  0.565448  1.7  
 73  0.710085  1.7  
 74  0.616559  1.7  
 75  0.809012  1.7  
 76  0.639553  1.7  
 77  0.902864  1.7  
 78  0.57799  1.7  
 79  0.997552  1.7  

 0  1  1.8  
 1  0.587711  1.8  
 2  0.891055  1.8  
 3  0.634199  1.8  
 4  0.786471  1.8  
 5  0.600907  1.8  
 6  0.680023  1.8  
 7  0.542616  1.8  
 8  0.582256  1.8  
 9  0.479155  1.8  
 10  0.496471  1.8  
 11  0.418238  1.8  
 12  0.422768  1.8  
 13  0.362796  1.8  
 14  0.360122  1.8  
 15  0.31372  1.8  
 16  0.307192  1.8  
 17  0.270989  1.8  
 18  0.262659  1.8  
 19  0.234209  1.8  
 20  0.225317  1.8  
 21  0.202844  1.8  
 22  0.194131  1.8  
 23  0.176335  1.8  
 24  0.168237  1.8  
 25  0.154153  1.8  
 26  0.146893  1.8  
 27  0.135806  1.8  
 28  0.1295  1.8  
 29  0.120877  1.8  
 30  0.115573  1.8  
 31  0.109018  1.8  
 32  0.104723  1.8  
 33  0.0999448  1.8  
 34  0.096657  1.8  
 35  0.0934456  1.8  
 36  0.0911489  1.8  
 37  0.0893656  1.8  
 38  0.0880498  1.8  
 39  0.0876136  1.8  
 40  0.087275  1.8  
 41  0.0881508  1.8  
 42  0.0888038  1.8  
 43  0.0910141  1.8  
 44  0.0926834  1.8  
 45  0.0962994  1.8  
 46  0.0990137  1.8  
 47  0.104169  1.8  
 48  0.107955  1.8  
 49  0.114861  1.8  
 50  0.11974  1.8  
 51  0.128684  1.8  
 52  0.13466  1.8  
 53  0.146016  1.8  
 54  0.153038  1.8  
 55  0.167335  1.8  
 56  0.175268  1.8  
 57  0.193238  1.8  
 58  0.201771  1.8  
 59  0.224441  1.8  
 60  0.233112  1.8  
 61  0.2618  1.8  
 62  0.269851  1.8  
 63  0.306336  1.8  
 64  0.312639  1.8  
 65  0.359263  1.8  
 66  0.361798  1.8  
 67  0.421948  1.8  
 68  0.417393  1.8  
 69  0.49572  1.8  
 70  0.478547  1.8  
 71  0.581619  1.8  
 72  0.542306  1.8  
 73  0.679554  1.8  
 74  0.600988  1.8  
 75  0.786308  1.8  
 76  0.634623  1.8  
 77  0.891563  1.8  
 78  0.584815  1.8  
 79  0.997305  1.8  

 0  1  1.9  
 1  0.59316  1.9  
 2  0.880736  1.9  
 3  0.629167  1.9  
 4  0.765793  1.9  
 5  0.586474  1.9  
 6  0.652837  1.9  
 7  0.521889  1.9  
 8  0.551688  1.9  
 9  0.454649  1.9  
 10  0.4646  1.9  
 11  0.391755  1.9  
 12  0.390916  1.9  
 13  0.335582  1.9  
 14  0.329095  1.9  
 15  0.286603  1.9  
 16  0.277461  1.9  
 17  0.244511  1.9  
 18  0.234466  1.9  
 19  0.2087  1.9  
 20  0.198751  1.9  
 21  0.178481  1.9  
 22  0.169189  1.9  
 23  0.153181  1.9  
 24  0.144834  1.9  
 25  0.132193  1.9  
 26  0.124911  1.9  
 27  0.114975  1.9  
 28  0.108787  1.9  
 29  0.101069  1.9  
 30  0.0959607  1.9  
 31  0.0900927  1.9  
 32  0.0860316  1.9  
 33  0.0817451  1.9  
 34  0.0786884  1.9  
 35  0.07579  1.9  
 36  0.0737047  1.9  
 37  0.0720669  1.9  
 38  0.0709268  1.9  
 39  0.0704716  1.9  
 40  0.0702695  1.9  
 41  0.0709693  1.9  
 42  0.0717123  1.9  
 43  0.0735827  1.9  
 44  0.0752955  1.9  
 45  0.0784108  1.9  
 46  0.081123  1.9  
 47  0.0856232  1.9  
 48  0.089373  1.9  
 49  0.0954414  1.9  
 50  0.100281  1.9  
 51  0.108188  1.9  
 52  0.114155  1.9  
 53  0.124246  1.9  
 54  0.131362  1.9  
 55  0.144124  1.9  
 56  0.152343  1.9  
 57  0.168464  1.9  
 58  0.177621  1.9  
 59  0.198039  1.9  
 60  0.207783  1.9  
 61  0.233744  1.9  
 62  0.243539  1.9  
 63  0.276717  1.9  
 64  0.285619  1.9  
 65  0.32833  1.9  
 66  0.334631  1.9  
 67  0.390155  1.9  
 68  0.390884  1.9  
 69  0.463868  1.9  
 70  0.453929  1.9  
 71  0.55103  1.9  
 72  0.521404  1.9  
 73  0.652312  1.9  
 74  0.586312  1.9  
 75  0.7655  1.9  
 76  0.629247  1.9  
 77  0.88093  1.9  
 78  0.590467  1.9  
 79  0.997391  1.9  

 0  1  2  
 1  0.597498  2  
 2  0.870882  2  
 3  0.623681  2  
 4  0.746779  2  
 5  0.572883  2  
 6  0.628459  2  
 7  0.503081  2  
 8  0.524785  2  
 9  0.432906  2  
 10  0.436963  2  
 11  0.368681  2  
 12  0.363699  2  
 13  0.312205  2  
 14  0.302921  2  
 15  0.263631  2  
 16  0.252678  2  
 17  0.222376  2  
 18  0.211231  2  
 19  0.187658  2  
 20  0.177111  2  
 21  0.158643  2  
 22  0.149096  2  
 23  0.134572  2  
 24  0.126198  2  
 25  0.114765  2  
 26  0.107601  2  
 27  0.0986357  2  
 28  0.0926522  2  
 29  0.0856949  2  
 30  0.0808283  2  
 31  0.0755412  2  
 32  0.071722  2  
 33  0.0678557  2  
 34  0.0650195  2  
 35  0.0623962  2  
 36  0.0604911  2  
 37  0.0589912  2  
 38  0.0579819  2  
 39  0.057535  2  
 40  0.0574039  2  
 41  0.0579877  2  
 42  0.0587386  2  
 43  0.0603706  2  
 44  0.0620328  2  
 45  0.0647771  2  
 46  0.0673902  2  
 47  0.0713828  2  
 48  0.0749943  2  
 49  0.0803994  2  
 50  0.0850924  2  
 51  0.0921575  2  
 52  0.0979997  2  
 53  0.107066  2  
 54  0.114114  2  
 55  0.125637  2  
 56  0.133904  2  
 57  0.148519  2  
 58  0.157933  2  
 59  0.176521  2  
 60  0.18689  2  
 61  0.210636  2  
 62  0.221555  2  
 63  0.252045  2  
 64  0.262771  2  
 65  0.302252  2  
 66  0.311329  2  
 67  0.363018  2  
 68  0.367822  2  
 69  0.436319  2  
 70  0.432148  2  
 71  0.524158  2  
 72  0.502489  2  
 73  0.627919  2  
 74  0.572542  2  
 75  0.746401  2  
 76  0.623595  2  
 77  0.870859  2  
 78  0.59507  2  
 79  0.997585  2  

 0  1  2.1  
 1  0.600964  2.1  
 2  0.861425  2.1  
 3  0.618077  2.1  
 4  0.729305  2.1  
 5  0.560154  2.1  
 6  0.606515  2.1  
 7  0.486013  2.1  
 8  0.50106  2.1  
 9  0.413626  2.1  
 10  0.412967  2.1  
 11  0.34847  2.1  
 12  0.340315  2.1  
 13  0.292039  2.1  
 14  0.280692  2.1  
 15  0.244075  2.1  
 16  0.231866  2.1  
 17  0.20377  2.1  
 18  0.191942  2.1  
 19  0.170178  2.1  
 20  0.15934  2.1  
 21  0.142358  2.1  
 22  0.132778  2.1  
 23  0.119474  2.1  
 24  0.111224  2.1  
 25  0.100785  2.1  
 26  0.0938346  2.1  
 27  0.0856735  2.1  
 28  0.0799463  2.1  
 29  0.0736269  2.1  
 30  0.0690244  2.1  
 31  0.064228  2.1  
 32  0.0606538  2.1  
 33  0.0571481  2.1  
 34  0.0545208  2.1  
 35  0.0521383  2.1  
 36  0.0503934  2.1  
 37  0.0490223  2.1  
 38  0.0481164  2.1  
 39  0.0476919  2.1  
 40  0.0476039  2.1  
 41  0.0481023  2.1  
 42  0.0488308  2.1  
 43  0.0502751  2.1  
 44  0.0518491  2.1  
 45  0.0543065  2.1  
 46  0.0567784  2.1  
 47  0.0603572  2.1  
 48  0.0637905  2.1  
 49  0.0686594  2.1  
 50  0.073135  2.1  
 51  0.0795266  2.1  
 52  0.0851429  2.1  
 53  0.0933757  2.1  
 54  0.10023  2.1  
 55  0.110732  2.1  
 56  0.118897  2.1  
 57  0.132269  2.1  
 58  0.141742  2.1  
 59  0.158809  2.1  
 60  0.169497  2.1  
 61  0.191401  2.1  
 62  0.203037  2.1  
 63  0.231304  2.1  
 64  0.243296  2.1  
 65  0.280097  2.1  
 66  0.291235  2.1  
 67  0.339699  2.1  
 68  0.347659  2.1  
 69  0.41235  2.1  
 70  0.412815  2.1  
 71  0.500458  2.1  
 72  0.485367  2.1  
 73  0.606037  2.1  
 74  0.559686  2.1  
 75  0.728878  2.1  
 76  0.617827  2.1  
 77  0.861331  2.1  
 78  0.598781  2.1  
 79  0.997804  2.1  

 0  1  2.2  
 1  0.603718  2.2  
 2  0.852532  2.2  
 3  0.612389  2.2  
 4  0.713194  2.2  
 5  0.548244  2.2  
 6  0.586836  2.2  
 7  0.470525  2.2  
 8  0.479986  2.2  
 9  0.396344  2.2  
 10  0.39193  2.2  
 11  0.330702  2.2  
 12  0.320077  2.2  
 13  0.274529  2.2  
 14  0.261661  2.2  
 15  0.227291  2.2  
 16  0.214234  2.2  
 17  0.187979  2.2  
 18  0.175757  2.2  
 19  0.155502  2.2  
 20  0.144576  2.2  
 21  0.128838  2.2  
 22  0.119359  2.2  
 23  0.107072  2.2  
 24  0.0990305  2.2  
 25  0.0894259  2.2  
 26  0.0827335  2.2  
 27  0.0752512  2.2  
 28  0.0697914  2.2  
 29  0.064016  2.2  
 30  0.0596683  2.2  
 31  0.0552921  2.2  
 32  0.0519428  2.2  
 33  0.0487485  2.2  
 34  0.0463022  2.2  
 35  0.0441308  2.2  
 36  0.0425181  2.2  
 37  0.0412624  2.2  
 38  0.0404334  2.2  
 39  0.0400337  2.2  
 40  0.0399657  2.2  
 41  0.0404037  2.2  
 42  0.0410982  2.2  
 43  0.0423945  2.2  
 44  0.0438832  2.2  
 45  0.0461035  2.2  
 46  0.0484348  2.2  
 47  0.0516774  2.2  
 48  0.0549212  2.2  
 49  0.0593483  2.2  
 50  0.0635904  2.2  
 51  0.0694222  2.2  
 52  0.0747778  2.2  
 53  0.0823203  2.2  
 54  0.0889223  2.2  
 55  0.098582  2.2  
 56  0.106542  2.2  
 57  0.118887  2.2  
 58  0.128274  2.2  
 59  0.144087  2.2  
 60  0.15489  2.2  
 61  0.17524  2.2  
 62  0.187301  2.2  
 63  0.213691  2.2  
 64  0.226554  2.2  
 65  0.261096  2.2  
 66  0.273754  2.2  
 67  0.319492  2.2  
 68  0.329901  2.2  
 69  0.391334  2.2  
 70  0.395541  2.2  
 71  0.479394  2.2  
 72  0.469779  2.2  
 73  0.586265  2.2  
 74  0.547633  2.2  
 75  0.712677  2.2  
 76  0.611954  2.2  
 77  0.852169  2.2  
 78  0.60163  2.2  
 79  0.997812  2.2  

 0  1  2.3  
 1  0.605908  2.3  
 2  0.844091  2.3  
 3  0.606822  2.3  
 4  0.698462  2.3  
 5  0.537235  2.3  
 6  0.569115  2.3  
 7  0.45652  2.3  
 8  0.461331  2.3  
 9  0.381008  2.3  
 10  0.373516  2.3  
 11  0.315105  2.3  
 12  0.302536  2.3  
 13  0.259324  2.3  
 14  0.245317  2.3  
 15  0.212862  2.3  
 16  0.199226  2.3  
 17  0.174537  2.3  
 18  0.162108  2.3  
 19  0.143135  2.3  
 20  0.132239  2.3  
 21  0.117547  2.3  
 22  0.108241  2.3  
 23  0.0968088  2.3  
 24  0.0890176  2.3  
 25  0.0801115  2.3  
 26  0.0737012  2.3  
 27  0.0667838  2.3  
 28  0.0616047  2.3  
 29  0.0562801  2.3  
 30  0.0521906  2.3  
 31  0.0481684  2.3  
 32  0.045043  2.3  
 33  0.042109  2.3  
 34  0.0398444  2.3  
 35  0.0378468  2.3  
 36  0.0363658  2.3  
 37  0.0352066  2.3  
 38  0.0344591  2.3  
 39  0.0340788  2.3  
 40  0.0340361  2.3  
 41  0.034415  2.3  
 42  0.0350797  2.3  
 43  0.036248  2.3  
 44  0.0376405  2.3  
 45  0.0396506  2.3  
 46  0.0418311  2.3  
 47  0.044783  2.3  
 48  0.0478328  2.3  
 49  0.0518769  2.3  
 50  0.0558938  2.3  
 51  0.0612509  2.3  
 52  0.0663521  2.3  
 53  0.0733115  2.3  
 54  0.0796429  2.3  
 55  0.0885923  2.3  
 56  0.0963064  2.3  
 57  0.107777  2.3  
 58  0.117003  2.3  
 59  0.131745  2.3  
 60  0.142535  2.3  
 61  0.161593  2.3  
 62  0.173868  2.3  
 63  0.198673  2.3  
 64  0.212119  2.3  
 65  0.244726  2.3  
 66  0.258508  2.3  
 67  0.3019  2.3  
 68  0.314228  2.3  
 69  0.372843  2.3  
 70  0.38009  2.3  
 71  0.46063  2.3  
 72  0.455605  2.3  
 73  0.568388  2.3  
 74  0.53639  2.3  
 75  0.697722  2.3  
 76  0.606102  2.3  
 77  0.843403  2.3  
 78  0.603768  2.3  
 79  0.99763  2.3  

 0  1  2.4  
 1  0.607638  2.4  
 2  0.836158  2.4  
 3  0.601428  2.4  
 4  0.684985  2.4  
 5  0.527077  2.4  
 6  0.553177  2.4  
 7  0.443857  2.4  
 8  0.444765  2.4  
 9  0.367333  2.4  
 10  0.357326  2.4  
 11  0.301347  2.4  
 12  0.287252  2.4  
 13  0.246042  2.4  
 14  0.231199  2.4  
 15  0.200381  2.4  
 16  0.186367  2.4  
 17  0.163017  2.4  
 18  0.150509  2.4  
 19  0.132633  2.4  
 20  0.121842  2.4  
 21  0.108049  2.4  
 22  0.0989544  2.4  
 23  0.0882578  2.4  
 24  0.0807276  2.4  
 25  0.0724222  2.4  
 26  0.0662854  2.4  
 27  0.0598568  2.4  
 28  0.0549394  2.4  
 29  0.0500076  2.4  
 30  0.0461502  2.4  
 31  0.0424353  2.4  
 32  0.0395034  2.4  
 33  0.0368013  2.4  
 34  0.0346873  2.4  
 35  0.0328523  2.4  
 36  0.0314744  2.4  
 37  0.0304093  2.4  
 38  0.0297148  2.4  
 39  0.0293646  2.4  
 40  0.0293258  2.4  
 41  0.0296721  2.4  
 42  0.0302935  2.4  
 43  0.0313579  2.4  
 44  0.0326622  2.4  
 45  0.0344974  2.4  
 46  0.0365428  2.4  
 47  0.0392465  2.4  
 48  0.0421151  2.4  
 49  0.045835  2.4  
 50  0.0496327  2.4  
 51  0.0545772  2.4  
 52  0.0594301  2.4  
 53  0.0658863  2.4  
 54  0.0719535  2.4  
 55  0.0802882  2.4  
 56  0.0877482  2.4  
 57  0.0984715  2.4  
 58  0.107488  2.4  
 59  0.121331  2.4  
 60  0.132007  2.4  
 61  0.149955  2.4  
 62  0.162307  2.4  
 63  0.185755  2.4  
 64  0.19958  2.4  
 65  0.23053  2.4  
 66  0.245146  2.4  
 67  0.286521  2.4  
 68  0.300356  2.4  
 69  0.356527  2.4  
 70  0.366265  2.4  
 71  0.443907  2.4  
 72  0.442747  2.4  
 73  0.552258  2.4  
 74  0.525985  2.4  
 75  0.684  2.4  
 76  0.600416  2.4  
 77  0.835137  2.4  
 78  0.605385  2.4  
 79  0.997386  2.4  

 0  1  2.5  
 1  0.608982  2.5  
 2  0.828745  2.5  
 3  0.596261  2.5  
 4  0.672667  2.5  
 5  0.517718  2.5  
 6  0.538815  2.5  
 7  0.432387  2.5  
 8  0.429991  2.5  
 9  0.355086  2.5  
 10  0.343011  2.5  
 11  0.28914  2.5  
 12  0.273846  2.5  
 13  0.234363  2.5  
 14  0.218907  2.5  
 15  0.189496  2.5  
 16  0.175255  2.5  
 17  0.153054  2.5  
 18  0.140561  2.5  
 19  0.123624  2.5  
 20  0.112992  2.5  
 21  0.0999688  2.5  
 22  0.0911092  2.5  
 23  0.0810457  2.5  
 24  0.0737807  2.5  
 25  0.0659936  2.5  
 26  0.0601227  2.5  
 27  0.0541141  2.5  
 28  0.0494435  2.5  
 29  0.044849  2.5  
 30  0.041208  2.5  
 31  0.0377577  2.5  
 32  0.0350041  2.5  
 33  0.0325004  2.5  
 34  0.030523  2.5  
 35  0.0288269  2.5  
 36  0.0275428  2.5  
 37  0.0265601  2.5  
 38  0.0259157  2.5  
 39  0.0255913  2.5  
 40  0.0255597  2.5  
 41  0.0258773  2.5  
 42  0.0264592  2.5  
 43  0.0274402  2.5  
 44  0.0286637  2.5  
 45  0.0303588  2.5  
 46  0.0322752  2.5  
 47  0.0347777  2.5  
 48  0.0374761  2.5  
 49  0.0409269  2.5  
 50  0.0445182  2.5  
 51  0.0491171  2.5  
 52  0.0537366  2.5  
 53  0.0597554  2.5  
 54  0.0655648  2.5  
 55  0.0733705  2.5  
 56  0.0805657  2.5  
 57  0.0906503  2.5  
 58  0.0994283  2.5  
 59  0.112481  2.5  
 60  0.123013  2.5  
 61  0.139996  2.5  
 62  0.152347  2.5  
 63  0.174622  2.5  
 64  0.188683  2.5  
 65  0.2182  2.5  
 66  0.233435  2.5  
 67  0.273061  2.5  
 68  0.288094  2.5  
 69  0.342142  2.5  
 70  0.353932  2.5  
 71  0.429039  2.5  
 72  0.431155  2.5  
 73  0.537775  2.5  
 74  0.516461  2.5  
 75  0.671523  2.5  
 76  0.595046  2.5  
 77  0.8275  2.5  
 78  0.606683  2.5  
 79  0.997256  2.5  

 0  1  2.6  
 1  0.610188  2.6  
 2  0.821541  2.6  
 3  0.59123  2.6  
 4  0.661199  2.6  
 5  0.509057  2.6  
 6  0.525714  2.6  
 7  0.421992  2.6  
 8  0.416697  2.6  
 9  0.344132  2.6  
 10  0.330274  2.6  
 11  0.278338  2.6  
 12  0.262032  2.6  
 13  0.22412  2.6  
 14  0.208168  2.6  
 15  0.180028  2.6  
 16  0.165626  2.6  
 17  0.144456  2.6  
 18  0.132006  2.6  
 19  0.11591  2.6  
 20  0.105438  2.6  
 21  0.0931029  2.6  
 22  0.0844597  2.6  
 23  0.0749607  2.6  
 24  0.0679344  2.6  
 25  0.0606075  2.6  
 26  0.0549738  2.6  
 27  0.0493366  2.6  
 28  0.0448857  2.6  
 29  0.040586  2.6  
 30  0.0371368  2.6  
 31  0.0339144  2.6  
 32  0.0313204  2.6  
 33  0.0289855  2.6  
 34  0.027131  2.6  
 35  0.0255482  2.6  
 36  0.0243484  2.6  
 37  0.0234301  2.6  
 38  0.0228291  2.6  
 39  0.0225238  2.6  
 40  0.0224945  2.6  
 41  0.0227845  2.6  
 42  0.0233278  2.6  
 43  0.0242315  2.6  
 44  0.0253741  2.6  
 45  0.0269431  2.6  
 46  0.0287459  2.6  
 47  0.0310673  2.6  
 48  0.0336133  2.6  
 49  0.0368226  2.6  
 50  0.0402198  2.6  
 51  0.0445148  2.6  
 52  0.0488989  2.6  
 53  0.054548  2.6  
 54  0.0600989  2.6  
 55  0.0674449  2.6  
 56  0.074379  2.6  
 57  0.083901  2.6  
 58  0.0924412  2.6  
 59  0.104804  2.6  
 60  0.115143  2.6  
 61  0.131282  2.6  
 62  0.143557  2.6  
 63  0.164798  2.6  
 64  0.178975  2.6  
 65  0.207224  2.6  
 66  0.222901  2.6  
 67  0.260966  2.6  
 68  0.276941  2.6  
 69  0.329081  2.6  
 70  0.342568  2.6  
 71  0.415373  2.6  
 72  0.420284  2.6  
 73  0.524243  2.6  
 74  0.507273  2.6  
 75  0.659554  2.6  
 76  0.589454  2.6  
 77  0.819697  2.6  
 78  0.607171  2.6  
 79  0.996314  2.6  

 0  1  2.7  
 1  0.610981  2.7  
 2  0.815086  2.7  
 3  0.586583  2.7  
 4  0.650885  2.7  
 5  0.50114  2.7  
 6  0.513979  2.7  
 7  0.412554  2.7  
 8  0.404843  2.7  
 9  0.334251  2.7  
 10  0.318962  2.7  
 11  0.268651  2.7  
 12  0.251583  2.7  
 13  0.21499  2.7  
 14  0.198712  2.7  
 15  0.171642  2.7  
 16  0.157187  2.7  
 17  0.136886  2.7  
 18  0.124548  2.7  
 19  0.10916  2.7  
 20  0.098888  2.7  
 21  0.0871333  2.7  
 22  0.0787305  2.7  
 23  0.0697091  2.7  
 24  0.062929  2.7  
 25  0.0559947  2.7  
 26  0.0505923  2.7  
 27  0.0452767  2.7  
 28  0.0410321  2.7  
 29  0.0369909  2.7  
 30  0.033719  2.7  
 31  0.0306989  2.7  
 32  0.0282499  2.7  
 33  0.0260663  2.7  
 34  0.0243234  2.7  
 35  0.0228456  2.7  
 36  0.0217243  2.7  
 37  0.0208656  2.7  
 38  0.0203097  2.7  
 39  0.0200207  2.7  
 40  0.020001  2.7  
 41  0.0202682  2.7  
 42  0.0207838  2.7  
 43  0.021623  2.7  
 44  0.0227026  2.7  
 45  0.0241614  2.7  
 46  0.025861  2.7  
 47  0.0280286  2.7  
 48  0.0304325  2.7  
 49  0.0334395  2.7  
 50  0.0366607  2.7  
 51  0.0406936  2.7  
 52  0.044876  2.7  
 53  0.0501927  2.7  
 54  0.0555182  2.7  
 55  0.0624607  2.7  
 56  0.069154  2.7  
 57  0.0781924  2.7  
 58  0.0864927  2.7  
 59  0.0982657  2.7  
 60  0.108408  2.7  
 61  0.123828  2.7  
 62  0.135996  2.7  
 63  0.156355  2.7  
 64  0.17059  2.7  
 65  0.197754  2.7  
 66  0.213758  2.7  
 67  0.250489  2.7  
 68  0.267228  2.7  
 69  0.317729  2.7  
 70  0.332636  2.7  
 71  0.403462  2.7  
 72  0.410767  2.7  
 73  0.512433  2.7  
 74  0.499241  2.7  
 75  0.649139  2.7  
 76  0.584659  2.7  
 77  0.813094  2.7  
 78  0.607933  2.7  
 79  0.996237  2.7  

 0  1  2.8  
 1  0.611716  2.8  
 2  0.808991  2.8  
 3  0.582135  2.8  
 4  0.64139  2.8  
 5  0.493845  2.8  
 6  0.503248  2.8  
 7  0.403999  2.8  
 8  0.394134  2.8  
 9  0.325393  2.8  
 10  0.308843  2.8  
 11  0.260042  2.8  
 12  0.242314  2.8  
 13  0.206935  2.8  
 14  0.190388  2.8  
 15  0.164295  2.8  
 16  0.149811  2.8  
 17  0.130298  2.8  
 18  0.118072  2.8  
 19  0.103325  2.8  
 20  0.0932394  2.8  
 21  0.0820085  2.8  
 22  0.0738226  2.8  
 23  0.0652293  2.8  
 24  0.0586696  2.8  
 25  0.0520843  2.8  
 26  0.0468904  2.8  
 27  0.0418567  2.8  
 28  0.0377984  2.8  
 29  0.0339814  2.8  
 30  0.030868  2.8  
 31  0.0280235  2.8  
 32  0.025701  2.8  
 33  0.0236493  2.8  
 34  0.0219994  2.8  
 35  0.0206149  2.8  
 36  0.0195534  2.8  
 37  0.0187525  2.8  
 38  0.0182243  2.8  
 39  0.017957  2.8  
 40  0.0179347  2.8  
 41  0.018185  2.8  
 42  0.0186654  2.8  
 43  0.0194483  2.8  
 44  0.0204603  2.8  
 45  0.0218272  2.8  
 46  0.0234301  2.8  
 47  0.0254627  2.8  
 48  0.0277369  2.8  
 49  0.0305629  2.8  
 50  0.0336228  2.8  
 51  0.0374247  2.8  
 52  0.0414144  2.8  
 53  0.0464434  2.8  
 54  0.0515497  2.8  
 55  0.058139  2.8  
 56  0.0646021  2.8  
 57  0.0732007  2.8  
 58  0.0812712  2.8  
 59  0.0925165  2.8  
 60  0.102449  2.8  
 61  0.117224  2.8  
 62  0.129257  2.8  
 63  0.148823  2.8  
 64  0.163053  2.8  
 65  0.18924  2.8  
 66  0.20547  2.8  
 67  0.240996  2.8  
 68  0.258331  2.8  
 69  0.307345  2.8  
 70  0.323433  2.8  
 71  0.392446  2.8  
 72  0.401809  2.8  
 73  0.501346  2.8  
 74  0.491488  2.8  
 75  0.639121  2.8  
 76  0.579714  2.8  
 77  0.806352  2.8  
 78  0.608049  2.8  
 79  0.995439  2.8  

 0  1  2.9  
 1  0.611841  2.9  
 2  0.803648  2.9  
 3  0.578063  2.9  
 4  0.632868  2.9  
 5  0.487073  2.9  
 6  0.4937  2.9  
 7  0.396031  2.9  
 8  0.384531  2.9  
 9  0.317146  2.9  
 10  0.299724  2.9  
 11  0.252047  2.9  
 12  0.233938  2.9  
 13  0.199484  2.9  
 14  0.182858  2.9  
 15  0.157524  2.9  
 16  0.143143  2.9  
 17  0.124256  2.9  
 18  0.11223  2.9  
 19  0.0980017  2.9  
 20  0.0881581  2.9  
 21  0.0773592  2.9  
 22  0.0694234  2.9  
 23  0.0611902  2.9  
 24  0.0548698  2.9  
 25  0.0485839  2.9  
 26  0.0436072  2.9  
 27  0.0388183  2.9  
 28  0.0349506  2.9  
 29  0.0313317  2.9  
 30  0.0283793  2.9  
 31  0.0256886  2.9  
 32  0.0234984  2.9  
 33  0.0215622  2.9  
 34  0.0200151  2.9  
 35  0.0187104  2.9  
 36  0.0177208  2.9  
 37  0.0169656  2.9  
 38  0.0164783  2.9  
 39  0.0162252  2.9  
 40  0.0162122  2.9  
 41  0.0164475  2.9  
 42  0.0169129  2.9  
 43  0.0176495  2.9  
 44  0.0186178  2.9  
 45  0.0199046  2.9  
 46  0.0214307  2.9  
 47  0.0233493  2.9  
 48  0.0255173  2.9  
 49  0.0281917  2.9  
 50  0.0311154  2.9  
 51  0.0347213  2.9  
 52  0.0385504  2.9  
 53  0.0433321  2.9  
 54  0.0482573  2.9  
 55  0.054543  2.9  
 56  0.060803  2.9  
 57  0.069037  2.9  
 58  0.0769018  2.9  
 59  0.0876992  2.9  
 60  0.0974549  2.9  
 61  0.11169  2.9  
 62  0.123599  2.9  
 63  0.142512  2.9  
 64  0.156739  2.9  
 65  0.182126  2.9  
 66  0.198552  2.9  
 67  0.233093  2.9  
 68  0.250953  2.9  
 69  0.298759  2.9  
 70  0.315883  2.9  
 71  0.383441  2.9  
 72  0.394611  2.9  
 73  0.49247  2.9  
 74  0.48553  2.9  
 75  0.631463  2.9  
 76  0.576466  2.9  
 77  0.802014  2.9  
 78  0.609503  2.9  
 79  0.997094  2.9  

 0  1  3  
 1  0.611099  3  
 2  0.799494  3  
 3  0.573956  3  
 4  0.6256  3  
 5  0.48039  3  
 6  0.485221  3  
 7  0.388245  3  
 8  0.375852  3  
 9  0.309146  3  
 10  0.291387  3  
 11  0.244342  3  
 12  0.226224  3  
 13  0.192348  3  
 14  0.175899  3  
 15  0.151086  3  
 16  0.136973  3  
 17  0.118552  3  
 18  0.106829  3  
 19  0.0930108  3  
 20  0.0834734  3  
 21  0.0730313  3  
 22  0.0653844  3  
 23  0.0574579  3  
 24  0.051399  3  
 25  0.0453737  3  
 26  0.0406265  3  
 27  0.0360576  3  
 28  0.032386  3  
 29  0.0289483  3  
 30  0.0261583  3  
 31  0.0236145  3  
 32  0.0215529  3  
 33  0.0197309  3  
 34  0.0182811  3  
 35  0.0170596  3  
 36  0.0161388  3  
 37  0.0154379  3  
 38  0.0149931  3  
 39  0.0147675  3  
 40  0.0147726  3  
 41  0.0150073  3  
 42  0.0154629  3  
 43  0.0161731  3  
 44  0.0171055  3  
 45  0.0183374  3  
 46  0.0198011  3  
 47  0.0216349  3  
 48  0.0237139  3  
 49  0.0262715  3  
 50  0.0290831  3  
 51  0.0325354  3  
 52  0.036233  3  
 53  0.0408171  3  
 54  0.0455965  3  
 55  0.0516334  3  
 56  0.0577344  3  
 57  0.0656724  3  
 58  0.0733774  3  
 59  0.0838291  3  
 60  0.0934433  3  
 61  0.107264  3  
 62  0.119091  3  
 63  0.137502  3  
 64  0.151756  3  
 65  0.176537  3  
 66  0.193174  3  
 67  0.226985  3  
 68  0.245353  3  
 69  0.292286  3  
 70  0.310374  3  
 71  0.376913  3  
 72  0.38972  3  
 73  0.486485  3  
 74  0.482125  3  
 75  0.627139  3  
 76  0.575901  3  
 77  0.801447  3  
 78  0.613432  3  
 79  1.00301  3  

 0  1  3.1  
 1  0.612029  3.1  
 2  0.793837  3.1  
 3  0.570464  3.1  
 4  0.617706  3.1  
 5  0.474988  3.1  
 6  0.476856  3.1  
 7  0.382096  3.1  
 8  0.367826  3.1  
 9  0.302915  3.1  
 10  0.284045  3.1  
 11  0.2384  3.1  
 12  0.219682  3.1  
 13  0.186884  3.1  
 14  0.170163  3.1  
 15  0.14618  3.1  
 16  0.131998  3.1  
 17  0.11422  3.1  
 18  0.102546  3.1  
 19  0.0892313  3.1  
 20  0.0798055  3.1  
 21  0.0697605  3.1  
 22  0.0622527  3.1  
 23  0.0546412  3.1  
 24  0.0487262  3.1  
 25  0.0429506  3.1  
 26  0.0383387  3.1  
 27  0.0339666  3.1  
 28  0.0304141  3.1  
 29  0.0271298  3.1  
 30  0.024439  3.1  
 31  0.0220117  3.1  
 32  0.0200281  3.1  
 33  0.0182907  3.1  
 34  0.0168974  3.1  
 35  0.0157324  3.1  
 36  0.0148461  3.1  
 37  0.0141754  3.1  
 38  0.0137428  3.1  
 39  0.0135218  3.1  
 40  0.013517  3.1  
 41  0.0137313  3.1  
 42  0.0141542  3.1  
 43  0.0148185  3.1  
 44  0.0156951  3.1  
 45  0.016854  3.1  
 46  0.0182377  3.1  
 47  0.0199694  3.1  
 48  0.0219428  3.1  
 49  0.0243649  3.1  
 50  0.0270442  3.1  
 51  0.030323  3.1  
 52  0.0338612  3.1  
 53  0.0382274  3.1  
 54  0.0428205  3.1  
 55  0.0485907  3.1  
 56  0.0544831  3.1  
 57  0.0620892  3.1  
 58  0.0695688  3.1  
 59  0.079609  3.1  
 60  0.0889991  3.1  
 61  0.102312  3.1  
 62  0.113938  3.1  
 63  0.131722  3.1  
 64  0.14584  3.1  
 65  0.169841  3.1  
 66  0.186479  3.1  
 67  0.21931  3.1  
 68  0.237923  3.1  
 69  0.283619  3.1  
 70  0.302362  3.1  
 71  0.367345  3.1  
 72  0.381469  3.1  
 73  0.476313  3.1  
 74  0.4743  3.1  
 75  0.617086  3.1  
 76  0.569744  3.1  
 77  0.793112  3.1  
 78  0.611034  3.1  
 79  0.998767  3.1  

 0  1  3.2  
 1  0.61444  3.2  
 2  0.786716  3.2  
 3  0.567091  3.2  
 4  0.609434  3.2  
 5  0.470556  3.2  
 6  0.468903  3.2  
 7  0.37743  3.2  
 8  0.360718  3.2  
 9  0.298382  3.2  
 10  0.277898  3.2  
 11  0.234184  3.2  
 12  0.214455  3.2  
 13  0.183069  3.2  
 14  0.165747  3.2  
 15  0.14279  3.2  
 16  0.128278  3.2  
 17  0.111246  3.2  
 18  0.0994128  3.2  
 19  0.0866436  3.2  
 20  0.0771632  3.2  
 21  0.0675218  3.2  
 22  0.0600173  3.2  
 23  0.0527011  3.2  
 24  0.0468204  3.2  
 25  0.0412641  3.2  
 26  0.0366974  3.2  
 27  0.0324889  3.2  
 28  0.0289848  3.2  
 29  0.0258244  3.2  
 30  0.0231789  3.2  
 31  0.0208468  3.2  
 32  0.0188964  3.2  
 33  0.0172197  3.2  
 34  0.0158452  3.2  
 35  0.0147106  3.2  
 36  0.0138228  3.2  
 37  0.0131569  3.2  
 38  0.0126998  3.2  
 39  0.0124642  3.2  
 40  0.0124229  3.2  
 41  0.0125995  3.2  
 42  0.0129666  3.2  
 43  0.0135695  3.2  
 44  0.0143718  3.2  
 45  0.0154435  3.2  
 46  0.0167336  3.2  
 47  0.0183504  3.2  
 48  0.0202084  3.2  
 49  0.0224848  3.2  
 50  0.0250216  3.2  
 51  0.028123  3.2  
 52  0.0314842  3.2  
 53  0.0356374  3.2  
 54  0.0400146  3.2  
 55  0.045518  3.2  
 56  0.0511705  3.2  
 57  0.0584272  3.2  
 58  0.0656462  3.2  
 59  0.07524  3.2  
 60  0.0843474  3.2  
 61  0.0971008  3.2  
 62  0.108437  3.2  
 63  0.125519  3.2  
 64  0.13938  3.2  
 65  0.162489  3.2  
 66  0.178969  3.2  
 67  0.210651  3.2  
 68  0.229302  3.2  
 69  0.273511  3.2  
 70  0.292655  3.2  
 71  0.355706  3.2  
 72  0.370863  3.2  
 73  0.4632  3.2  
 74  0.463284  3.2  
 75  0.602886  3.2  
 76  0.559423  3.2  
 77  0.779001  3.2  
 78  0.603793  3.2  
 79  0.986754  3.2  

 0  1  3.3  
 1  0.612277  3.3  
 2  0.784834  3.3  
 3  0.563712  3.3  
 4  0.604522  3.3  
 5  0.464729  3.3  
 6  0.462586  3.3  
 7  0.37052  3.3  
 8  0.353931  3.3  
 9  0.291266  3.3  
 10  0.271192  3.3  
 11  0.227359  3.3  
 12  0.208144  3.3  
 13  0.176796  3.3  
 14  0.160003  3.3  
 15  0.137185  3.3  
 16  0.123172  3.3  
 17  0.106336  3.3  
 18  0.0949539  3.3  
 19  0.0824054  3.3  
 20  0.0733201  3.3  
 21  0.0639006  3.3  
 22  0.0567375  3.3  
 23  0.0496368  3.3  
 24  0.0440452  3.3  
 25  0.0386857  3.3  
 26  0.0343624  3.3  
 27  0.0303265  3.3  
 28  0.0270212  3.3  
 29  0.0240043  3.3  
 30  0.0215176  3.3  
 31  0.0192984  3.3  
 32  0.0174752  3.3  
 33  0.0158933  3.3  
 34  0.0146183  3.3  
 35  0.0135605  3.3  
 36  0.012752  3.3  
 37  0.0121439  3.3  
 38  0.0117496  3.3  
 39  0.0115489  3.3  
 40  0.0115433  3.3  
 41  0.0117362  3.3  
 42  0.0121197  3.3  
 43  0.0127201  3.3  
 44  0.0135173  3.3  
 45  0.0145678  3.3  
 46  0.0158309  3.3  
 47  0.017406  3.3  
 48  0.0192165  3.3  
 49  0.0214288  3.3  
 50  0.0239017  3.3  
 51  0.0269108  3.3  
 52  0.0301992  3.3  
 53  0.0342274  3.3  
 54  0.0385289  3.3  
 55  0.0438805  3.3  
 56  0.0494447  3.3  
 57  0.056536  3.3  
 58  0.0636641  3.3  
 59  0.0730751  3.3  
 60  0.0821137  3.3  
 61  0.0946584  3.3  
 62  0.105979  3.3  
 63  0.122818  3.3  
 64  0.136751  3.3  
 65  0.159584  3.3  
 66  0.176271  3.3  
 67  0.207656  3.3  
 68  0.226734  3.3  
 69  0.270629  3.3  
 70  0.290533  3.3  
 71  0.35329  3.3  
 72  0.36968  3.3  
 73  0.461858  3.3  
 74  0.463798  3.3  
 75  0.603689  3.3  
 76  0.562729  3.3  
 77  0.783854  3.3  
 78  0.610931  3.3  
 79  0.998338  3.3  

 0  1  3.4  
 1  0.61133  3.4  
 2  0.781552  3.4  
 3  0.560136  3.4  
 4  0.599182  3.4  
 5  0.459541  3.4  
 6  0.456513  3.4  
 7  0.364755  3.4  
 8  0.347819  3.4  
 9  0.285517  3.4  
 10  0.265408  3.4  
 11  0.221952  3.4  
 12  0.202871  3.4  
 13  0.171889  3.4  
 14  0.155313  3.4  
 15  0.132838  3.4  
 16  0.119075  3.4  
 17  0.102552  3.4  
 18  0.0914223  3.4  
 19  0.0791534  3.4  
 20  0.0703061  3.4  
 21  0.0611318  3.4  
 22  0.0541835  3.4  
 23  0.0472939  3.4  
 24  0.0418901  3.4  
 25  0.0367094  3.4  
 26  0.0325461  3.4  
 27  0.0286591  3.4  
 28  0.0254873  3.4  
 29  0.0225922  3.4  
 30  0.0202141  3.4  
 31  0.0180917  3.4  
 32  0.0163547  3.4  
 33  0.0148472  3.4  
 34  0.0136375  3.4  
 35  0.0126339  3.4  
 36  0.0118715  3.4  
 37  0.0112989  3.4  
 38  0.0109327  3.4  
 39  0.0107495  3.4  
 40  0.0107549  3.4  
 41  0.0109479  3.4  
 42  0.0113255  3.4  
 43  0.0119082  3.4  
 44  0.0126831  3.4  
 45  0.0136973  3.4  
 46  0.014922  3.4  
 47  0.0164425  3.4  
 48  0.018196  3.4  
 49  0.0203315  3.4  
 50  0.0227295  3.4  
 51  0.0256391  3.4  
 52  0.0288365  3.4  
 53  0.0327401  3.4  
 54  0.0369372  3.4  
 55  0.0421369  3.4  
 56  0.0475853  3.4  
 57  0.0544943  3.4  
 58  0.0615008  3.4  
 59  0.0706926  3.4  
 60  0.0796185  3.4  
 61  0.0918997  3.4  
 62  0.103134  3.4  
 63  0.119658  3.4  
 64  0.133564  3.4  
 65  0.156021  3.4  
 66  0.172794  3.4  
 67  0.203724  3.4  
 68  0.223078  3.4  
 69  0.266431  3.4  
 70  0.286912  3.4  
 71  0.349041  3.4  
 72  0.366468  3.4  
 73  0.457981  3.4  
 74  0.461622  3.4  
 75  0.600997  3.4  
 76  0.562594  3.4  
 77  0.78393  3.4  
 78  0.614134  3.4  
 79  1.00359  3.4  

 0  1  3.5  
 1  0.612139  3.5  
 2  0.777164  3.5  
 3  0.557804  3.5  
 4  0.593334  3.5  
 5  0.45588  3.5  
 6  0.45054  3.5  
 7  0.360613  3.5  
 8  0.342258  3.5  
 9  0.281368  3.5  
 10  0.260445  3.5  
 11  0.218045  3.5  
 12  0.198543  3.5  
 13  0.168348  3.5  
 14  0.151595  3.5  
 15  0.129708  3.5  
 16  0.115911  3.5  
 17  0.0998325  3.5  
 18  0.0887477  3.5  
 19  0.076818  3.5  
 20  0.0680543  3.5  
 21  0.0591422  3.5  
 22  0.0522919  3.5  
 23  0.0456069  3.5  
 24  0.0403015  3.5  
 25  0.0352806  3.5  
 26  0.031208  3.5  
 27  0.0274456  3.5  
 28  0.0243526  3.5  
 29  0.0215543  3.5  
 30  0.0192409  3.5  
 31  0.0171907  3.5  
 32  0.0155023  3.5  
 33  0.0140457  3.5  
 34  0.0128706  3.5  
 35  0.0119001  3.5  
 36  0.0111614  3.5  
 37  0.010605  3.5  
 38  0.0102431  3.5  
 39  0.0100596  3.5  
 40  0.0100532  3.5  
 41  0.010228  3.5  
 42  0.0105807  3.5  
 43  0.0111304  3.5  
 44  0.0118684  3.5  
 45  0.0128378  3.5  
 46  0.014012  3.5  
 47  0.0154656  3.5  
 48  0.0171469  3.5  
 49  0.0191912  3.5  
 50  0.0214961  3.5  
 51  0.0242884  3.5  
 52  0.0273703  3.5  
 53  0.0311251  3.5  
 54  0.0351833  3.5  
 55  0.0401957  3.5  
 56  0.0454823  3.5  
 57  0.0521588  3.5  
 58  0.0589842  3.5  
 59  0.0678882  3.5  
 60  0.0766191  3.5  
 61  0.0885426  3.5  
 62  0.0995835  3.5  
 63  0.115661  3.5  
 64  0.1294  3.5  
 65  0.151293  3.5  
 66  0.167967  3.5  
 67  0.198185  3.5  
 68  0.217581  3.5  
 69  0.260022  3.5  
 70  0.280807  3.5  
 71  0.341763  3.5  
 72  0.359946  3.5  
 73  0.449965  3.5  
 74  0.45511  3.5  
 75  0.592656  3.5  
 76  0.556961  3.5  
 77  0.776336  3.5  
 78  0.611074  3.5  
 79  0.998672  3.5  

 0  1  3.6  
 1  0.612058  3.6  
 2  0.773658  3.6  
 3  0.555131  3.6  
 4  0.588317  3.6  
 5  0.451936  3.6  
 6  0.445197  3.6  
 7  0.356237  3.6  
 8  0.337121  3.6  
 9  0.277029  3.6  
 10  0.255749  3.6  
 11  0.213989  3.6  
 12  0.194375  3.6  
 13  0.16469  3.6  
 14  0.147966  3.6  
 15  0.12649  3.6  
 16  0.112794  3.6  
 17  0.097048  3.6  
 18  0.0860981  3.6  
 19  0.0744395  3.6  
 20  0.0658191  3.6  
 21  0.0571282  3.6  
 22  0.050416  3.6  
 23  0.0439114  3.6  
 24  0.038731  3.6  
 25  0.0338568  3.6  
 26  0.0298929  3.6  
 27  0.0262485  3.6  
 28  0.0232467  3.6  
 29  0.0205411  3.6  
 30  0.0183021  3.6  
 31  0.0163243  3.6  
 32  0.0146954  3.6  
 33  0.0132936  3.6  
 34  0.0121621  3.6  
 35  0.0112296  3.6  
 36  0.0105163  3.6  
 37  0.00998257  3.6  
 38  0.0096369  3.6  
 39  0.00946217  3.6  
 40  0.00945979  3.6  
 41  0.00963087  3.6  
 42  0.0099722  3.6  
 43  0.010502  3.6  
 44  0.0112108  3.6  
 45  0.0121394  3.6  
 46  0.0132658  3.6  
 47  0.0146635  3.6  
 48  0.0162866  3.6  
 49  0.0182602  3.6  
 50  0.020492  3.6  
 51  0.0231923  3.6  
 52  0.0261844  3.6  
 53  0.0298213  3.6  
 54  0.0337715  3.6  
 55  0.0386388  3.6  
 56  0.0438033  3.6  
 57  0.0502994  3.6  
 58  0.0569877  3.6  
 59  0.0656694  3.6  
 60  0.0742579  3.6  
 61  0.0859093  3.6  
 62  0.0968163  3.6  
 63  0.112559  3.6  
 64  0.126196  3.6  
 65  0.147676  3.6  
 66  0.164322  3.6  
 67  0.194025  3.6  
 68  0.213533  3.6  
 69  0.255332  3.6  
 70  0.276469  3.6  
 71  0.336627  3.6  
 72  0.35556  3.6  
 73  0.444613  3.6  
 74  0.451135  3.6  
 75  0.587616  3.6  
 76  0.554231  3.6  
 77  0.772785  3.6  
 78  0.61096  3.6  
 79  0.998625  3.6  

 0  1  3.7  
 1  0.611952  3.7  
 2  0.770373  3.7  
 3  0.55262  3.7  
 4  0.583656  3.7  
 5  0.448266  3.7  
 6  0.440257  3.7  
 7  0.352191  3.7  
 8  0.332387  3.7  
 9  0.273028  3.7  
 10  0.251438  3.7  
 11  0.210262  3.7  
 12  0.190561  3.7  
 13  0.161341  3.7  
 14  0.144652  3.7  
 15  0.12355  3.7  
 16  0.109955  3.7  
 17  0.0945126  3.7  
 18  0.0836918  3.7  
 19  0.0722806  3.7  
 20  0.0637954  3.7  
 21  0.0553066  3.7  
 22  0.0487224  3.7  
 23  0.0423825  3.7  
 24  0.0373178  3.7  
 25  0.0325765  3.7  
 26  0.0287122  3.7  
 27  0.0251747  3.7  
 28  0.0222565  3.7  
 29  0.0196357  3.7  
 30  0.0174644  3.7  
 31  0.0155521  3.7  
 32  0.0139759  3.7  
 33  0.0126225  3.7  
 34  0.0115294  3.7  
 35  0.010631  3.7  
 36  0.00994269  3.7  
 37  0.00942876  3.7  
 38  0.00909583  3.7  
 39  0.00892725  3.7  
 40  0.00892585  3.7  
 41  0.00909043  3.7  
 42  0.00941945  3.7  
 43  0.00992984  3.7  
 44  0.0106142  3.7  
 45  0.0115109  3.7  
 46  0.0125997  3.7  
 47  0.0139495  3.7  
 48  0.0155198  3.7  
 49  0.0174282  3.7  
 50  0.0195912  3.7  
 51  0.0222071  3.7  
 52  0.0251153  3.7  
 53  0.028645  3.7  
 54  0.0324967  3.7  
 55  0.0372339  3.7  
 56  0.0422807  3.7  
 57  0.0486108  3.7  
 58  0.0551716  3.7  
 59  0.0636515  3.7  
 60  0.0721058  3.7  
 61  0.0835082  3.7  
 62  0.094286  3.7  
 63  0.109725  3.7  
 64  0.123262  3.7  
 65  0.144364  3.7  
 66  0.160975  3.7  
 67  0.190208  3.7  
 68  0.209806  3.7  
 69  0.251018  3.7  
 70  0.272465  3.7  
 71  0.33189  3.7  
 72  0.351497  3.7  
 73  0.43966  3.7  
 74  0.447434  3.7  
 75  0.582931  3.7  
 76  0.551666  3.7  
 77  0.769455  3.7  
 78  0.610817  3.7  
 79  0.998576  3.7  

 0  1  3.8  
 1  0.611825  3.8  
 2  0.767292  3.8  
 3  0.55027  3.8  
 4  0.579318  3.8  
 5  0.444853  3.8  
 6  0.43568  3.8  
 7  0.348428  3.8  
 8  0.328061  3.8  
 9  0.269369  3.8  
 10  0.247458  3.8  
 11  0.206833  3.8  
 12  0.18701  3.8  
 13  0.158234  3.8  
 14  0.141575  3.8  
 15  0.120842  3.8  
 16  0.107349  3.8  
 17  0.0922068  3.8  
 18  0.0815117  3.8  
 19  0.0703417  3.8  
 20  0.0619881  3.8  
 21  0.0537139  3.8  
 22  0.0472455  3.8  
 23  0.0410524  3.8  
 24  0.0360851  3.8  
 25  0.0314665  3.8  
 26  0.0276933  3.8  
 27  0.0242523  3.8  
 28  0.0214033  3.8  
 29  0.0188549  3.8  
 30  0.0167405  3.8  
 31  0.0148886  3.8  
 32  0.0133548  3.8  
 33  0.0120445  3.8  
 34  0.0109821  3.8  
 35  0.0101162  3.8  
 36  0.0094446  3.8  
 37  0.00894697  3.8  
 38  0.00862046  3.8  
 39  0.00845685  3.8  
 40  0.00845397  3.8  
 41  0.00861271  3.8  
 42  0.00893038  3.8  
 43  0.00942307  3.8  
 44  0.0100851  3.8  
 45  0.0109508  3.8  
 46  0.0120044  3.8  
 47  0.0133087  3.8  
 48  0.0148319  3.8  
 49  0.016681  3.8  
 50  0.0187833  3.8  
 51  0.0213215  3.8  
 52  0.0241531  3.8  
 53  0.027586  3.8  
 54  0.0313464  3.8  
 55  0.0359587  3.8  
 56  0.0408992  3.8  
 57  0.0470799  3.8  
 58  0.0535222  3.8  
 59  0.0618174  3.8  
 60  0.0701468  3.8  
 61  0.0813224  3.8  
 62  0.0919791  3.8  
 63  0.107136  3.8  
 64  0.120575  3.8  
 65  0.141332  3.8  
 66  0.157902  3.8  
 67  0.186704  3.8  
 68  0.206372  3.8  
 69  0.247043  3.8  
 70  0.268761  3.8  
 71  0.327512  3.8  
 72  0.347727  3.8  
 73  0.435067  3.8  
 74  0.443983  3.8  
 75  0.578567  3.8  
 76  0.549253  3.8  
 77  0.766329  3.8  
 78  0.61065  3.8  
 79  0.998521  3.8  

 0  1  3.9  
 1  0.61169  3.9  
 2  0.764396  3.9  
 3  0.548037  3.9  
 4  0.575277  3.9  
 5  0.441659  3.9  
 6  0.431437  3.9  
 7  0.344954  3.9  
 8  0.323988  3.9  
 9  0.265924  3.9  
 10  0.243814  3.9  
 11  0.203674  3.9  
 12  0.183837  3.9  
 13  0.155445  3.9  
 14  0.138839  3.9  
 15  0.118402  3.9  
 16  0.105  3.9  
 17  0.0900938  3.9  
 18  0.0795098  3.9  
 19  0.0685336  3.9  
 20  0.0602918  3.9  
 21  0.0521566  3.9  
 22  0.0458021  3.9  
 23  0.0397495  3.9  
 24  0.0348898  3.9  
 25  0.0303815  3.9  
 26  0.026694  3.9  
 27  0.0233432  3.9  
 28  0.0205721  3.9  
 29  0.0180987  3.9  
 30  0.016046  3.9  
 31  0.0142474  3.9  
 32  0.0127629  3.9  
 33  0.0114941  3.9  
 34  0.0104677  3.9  
 35  0.00962653  3.9  
 36  0.00898208  3.9  
 37  0.00850189  3.9  
 38  0.00819111  3.9  
 39  0.00803355  3.9  
 40  0.00803144  3.9  
 41  0.00818538  3.9  
 42  0.00849339  3.9  
 43  0.00896972  3.9  
 44  0.00961037  3.9  
 45  0.0104483  3.9  
 46  0.01147  3.9  
 47  0.0127352  3.9  
 48  0.0142145  3.9  
 49  0.01601  3.9  
 50  0.0180551  3.9  
 51  0.0205233  3.9  
 52  0.0232844  3.9  
 53  0.0266288  3.9  
 54  0.0303041  3.9  
 55  0.0348043  3.9  
 56  0.0396471  3.9  
 57  0.0456899  3.9  
 58  0.0520212  3.9  
 59  0.0601458  3.9  
 60  0.0683577  3.9  
 61  0.0793236  3.9  
 62  0.0898655  3.9  
 63  0.104765  3.9  
 64  0.118108  3.9  
 65  0.138548  3.9  
 66  0.155072  3.9  
 67  0.183478  3.9  
 68  0.203203  3.9  
 69  0.243377  3.9  
 70  0.265334  3.9  
 71  0.323462  3.9  
 72  0.344224  3.9  
 73  0.430806  3.9  
 74  0.440766  3.9  
 75  0.574501  3.9  
 76  0.546986  3.9  
 77  0.763397  3.9  
 78  0.610473  3.9  
 79  0.998475  3.9  

 0  1  4  
 1  0.611548  4  
 2  0.761664  4  
 3  0.545928  4  
 4  0.571505  4  
 5  0.438681  4  
 6  0.4275  4  
 7  0.341724  4  
 8  0.320259  4  
 9  0.262772  4  
 10  0.240446  4  
 11  0.200765  4  
 12  0.180885  4  
 13  0.152856  4  
 14  0.136296  4  
 15  0.116149  4  
 16  0.102837  4  
 17  0.0881639  4  
 18  0.0776884  4  
 19  0.0669031  4  
 20  0.0587722  4  
 21  0.0507931  4  
 22  0.0445423  4  
 23  0.0386171  4  
 24  0.0338484  4  
 25  0.0294447  4  
 26  0.0258341  4  
 27  0.0225678  4  
 28  0.0198669  4  
 29  0.0174597  4  
 30  0.0154542  4  
 31  0.0137076  4  
 32  0.0122578  4  
 33  0.0110246  4  
 34  0.0100318  4  
 35  0.00921196  4  
 36  0.00858189  4  
 37  0.00811451  4  
 38  0.00780461  4  
 39  0.00765276  4  
 40  0.00765001  4  
 41  0.0077938  4  
 42  0.00809161  4  
 43  0.00855337  4  
 44  0.0091692  4  
 45  0.00998248  4  
 46  0.0109701  4  
 47  0.0121985  4  
 48  0.0136321  4  
 49  0.0153739  4  
 50  0.0173572  4  
 51  0.0197583  4  
 52  0.0224537  4  
 53  0.0257182  4  
 54  0.0293217  4  
 55  0.0337246  4  
 56  0.0384815  4  
 57  0.0443987  4  
 58  0.0506311  4  
 59  0.0586025  4  
 60  0.0667056  4  
 61  0.0774814  4  
 62  0.0879146  4  
 63  0.102579  4  
 64  0.115831  4  
 65  0.135977  4  
 66  0.152456  4  
 67  0.180495  4  
 68  0.200265  4  
 69  0.239981  4  
 70  0.262149  4  
 71  0.319703  4  
 72  0.340959  4  
 73  0.426838  4  
 74  0.437754  4  
 75  0.570701  4  
 76  0.544845  4  
 77  0.760636  4  
 78  0.610275  4  
 79  0.998417  4  

