# generlized Kondo-Heisenberg model
# U/W=1.2 Jh/U=0.25 n=1/3 L=48
# chirality correlation kappa(d)=<kappa_d_(L/2-l) ; kappa_d_(L/2+l)>
# l, kappa(d=1), kappa(d=2), kappa(d=3)
           0  0.68633212999999993       0.85207294999999983       0.92808565000000010     
           2   2.6065009999999996E-002  0.20042959999999999       0.21398574999999997     
           4   1.9285557999999994E-002  0.12367194000000001       0.23428765000000004     
           6   6.9791969999999981E-002  0.14775547200000003       0.19300149999999999     
           8   1.6666599999999997E-002   8.8242949999999987E-002  0.14880654999999998     
          10   1.3222024000000009E-002   6.8882979999999996E-002  0.12708024999999998     
          12   3.7535499999999992E-002   7.8108006500000007E-002   9.6789650000000019E-002
          14   9.9366199999999967E-003   5.1088885000000001E-002   8.5432310000000011E-002
          16   7.4100769999999993E-003   4.2815939999999997E-002   7.9612130000000003E-002
          18   2.6258275999999997E-002   5.0465200000000009E-002   6.0815969999999983E-002
          20   6.0235800999999959E-003   3.0290118000000005E-002   4.6134824999999990E-002
          22   4.1399709999999888E-003   2.3834144500000001E-002   4.3911119999999998E-002
          24   1.8625471289999994E-002   3.0191969000000003E-002   3.1695115000000003E-002
          26   3.2846439999999989E-003   1.7666983800000001E-002   2.2980719999999993E-002
          28   2.2492249999999988E-003   1.3680366999999999E-002   2.4941522000000001E-002
          30   1.4297936999999998E-002   1.8143517999999997E-002   1.6437129999999998E-002
          32   1.4525410000000071E-003   8.1195909999999989E-003   5.0381410000000012E-003
          34   6.2420300000000373E-004   3.5161993999999978E-003   7.6086785000000021E-003
          36   3.8155783000000032E-003   3.7525723000000023E-003   2.3970056999999992E-003
          38   1.9229560000000073E-004   1.4747999599999989E-003  -3.9846730999999692E-004
          40   1.1484627399999868E-004   2.2819149999999414E-004   5.9624639999999551E-004
          42   5.2507512000001433E-004   2.6062060000001135E-004  -5.5650540000010579E-005
          44   2.5178899999978060E-006   7.1924699999999884E-005   0.0000000000000000     
          46   2.0890530000162476E-006   0.0000000000000000        0.0000000000000000     
          48   0.0000000000000000        0.0000000000000000        0.0000000000000000     
