# generlized Kondo-Heisenberg model
# U/W=2.0 Jh/U=0.25 n=1/2 L=48
# chirality correlation kappa(d)=<kappa_d_(L/2-l) ; kappa_d_(L/2+l)>
# l, kappa(d=1), kappa(d=2), kappa(d=3)
           0   1.0910008499999999        1.3905739000000006        1.4598114499999997     
           2  0.16146242999999999       0.53142078000000004       0.20392585000000002     
           4  0.17795924999999999       0.34418690000000002       0.13495178000000008     
           6   9.0126139999999993E-002  0.23681850000000004        4.1819618999999988E-002
           8  0.11286522000000000       0.20132454999999999        1.0916835999999992E-002
          10   6.3415184999999985E-002  0.17307218499999999        4.9777069999999993E-002
          12   8.0628820000000004E-002  0.14897959000000000        2.0033980000000000E-002
          14   4.5977130000000019E-002  0.13176834999999998        4.1349559999999980E-002
          16   6.5810799999999989E-002  0.11806443500000000        1.1275331000000006E-002
          18   3.5647080000000005E-002  0.10274397999999998        3.0863947999999999E-002
          20   5.0551340000000000E-002   8.8363319999999995E-002   6.7728539999999983E-003
          22   2.7453764899999990E-002   7.8481200000000001E-002   2.0634196000000014E-002
          24   4.0933935000000005E-002   6.9403630000000008E-002   3.7257890000000123E-003
          26   1.9872472600000000E-002   5.9483749999999995E-002   1.8797710000000006E-002
          28   3.2789620000000005E-002   5.3886219999999999E-002   2.4598010000000175E-003
          30   1.5433114500000001E-002   4.7686429999999995E-002   1.3198619999999994E-002
          32   2.7062474999999996E-002   4.1594110000000004E-002   1.0131830000000594E-004
          34   1.0920249000000000E-002   3.5196320000000010E-002   9.7343999999999868E-003
          36   2.2013348500000002E-002   2.9268379999999993E-002  -5.1031889999999245E-004
          38   5.4770680000000007E-003   1.7988350000000007E-002   4.5833250000000027E-003
          40   1.0462593499999999E-002   1.0873279999999989E-002   4.7061619999999981E-003
          42   2.0734560600000011E-003   4.5270359999999999E-003   7.1295825000001773E-004
          44   7.0299521000000177E-003   3.2455750999999980E-003   0.0000000000000000     
          46   2.7972100000000577E-004   0.0000000000000000        0.0000000000000000     
          48   0.0000000000000000        0.0000000000000000        0.0000000000000000     
