# 3-orbital orbitally-degenerate Hubbard-Kanamori model
# DMFT, semicircular DOS
# U/D=3.8 Jh/D=0.20 n=4
# density of states DOS(omega) on one orbital
# omega-Ef, DOS(omega)

 20	 4.13988e-07
 19.802	 4.76891e-07
 19.6059	 5.48752e-07
 19.4118	 6.30688e-07
 19.2196	 7.23995e-07
 19.0293	 8.30117e-07
 18.8409	 9.50661e-07
 18.6544	 1.08741e-06
 18.4697	 1.24236e-06
 18.2868	 1.4177e-06
 18.1057	 1.61585e-06
 17.9265	 1.83951e-06
 17.749	 2.09164e-06
 17.5733	 2.37551e-06
 17.3993	 2.69468e-06
 17.227	 3.05311e-06
 17.0564	 3.4551e-06
 16.8875	 3.90536e-06
 16.7203	 4.40906e-06
 16.5548	 4.97182e-06
 16.3909	 5.59973e-06
 16.2286	 6.29946e-06
 16.0679	 7.0782e-06
 15.9088	 7.94377e-06
 15.7513	 8.90461e-06
 15.5954	 9.96981e-06
 15.441	 1.11492e-05
 15.2881	 1.24533e-05
 15.1367	 1.38935e-05
 14.9868	 1.54818e-05
 14.8385	 1.72313e-05
 14.6915	 1.91557e-05
 14.5461	 2.12699e-05
 14.4021	 2.35895e-05
 14.2595	 2.6131e-05
 14.1183	 2.89122e-05
 13.9785	 3.19516e-05
 13.8401	 3.52689e-05
 13.7031	 3.88846e-05
 13.5674	 4.28204e-05
 13.4331	 4.70991e-05
 13.3001	 5.17443e-05
 13.1684	 5.67808e-05
 13.038	 6.22343e-05
 12.9089	 6.81314e-05
 12.7811	 7.44999e-05
 12.6546	 8.13681e-05
 12.5293	 8.87656e-05
 12.4052	 9.67223e-05
 12.2824	 0.000105269
 12.1608	 0.000114437
 12.0404	 0.000124259
 11.9212	 0.000134767
 11.8031	 0.000145994
 11.6863	 0.000157972
 11.5706	 0.000170735
 11.456	 0.000184316
 11.3426	 0.000198747
 11.2303	 0.000214061
 11.1191	 0.000230289
 11.009	 0.000247463
 10.9	 0.000265612
 10.7921	 0.000284766
 10.6852	 0.000304952
 10.5794	 0.000326197
 10.4747	 0.000348526
 10.371	 0.000371959
 10.2683	 0.000396519
 10.1666	 0.000422223
 10.066	 0.000449087
 9.9663	 0.000477124
 9.86762	 0.000506343
 9.76992	 0.000536752
 9.67319	 0.000568355
 9.57742	 0.00060115
 9.48259	 0.000635137
 9.3887	 0.000670307
 9.29575	 0.00070665
 9.20371	 0.000744152
 9.11258	 0.000782796
 9.02236	 0.000822559
 8.93303	 0.000863415
 8.84458	 0.000905337
 8.75701	 0.000948291
 8.67031	 0.000992243
 8.58446	 0.00103715
 8.49947	 0.00108298
 8.41532	 0.00112967
 8.332	 0.00117719
 8.2495	 0.00122549
 8.16782	 0.00127452
 8.08695	 0.00132422
 8.00689	 0.00137455
 7.92761	 0.00142545
 7.84912	 0.00147688
 7.7714	 0.00152878
 7.69446	 0.00158113
 7.61828	 0.00163386
 7.54285	 0.00168695
 7.46817	 0.00174036
 7.39422	 0.00179407
 7.32101	 0.00184805
 7.24853	 0.00190231
 7.17676	 0.00195683
 7.1057	 0.00201163
 7.03535	 0.00206673
 6.96569	 0.00212216
 6.89673	 0.00217797
 6.82844	 0.00223423
 6.76083	 0.00229102
 6.69389	 0.00234843
 6.62762	 0.00240659
 6.562	 0.00246563
 6.49703	 0.00252571
 6.4327	 0.00258702
 6.36901	 0.00264977
 6.30595	 0.00271419
 6.24352	 0.00278055
 6.1817	 0.00284913
 6.12049	 0.00292026
 6.0599	 0.0029943
 5.9999	 0.00307162
 5.94049	 0.00315266
 5.88167	 0.00323785
 5.82344	 0.00332771
 5.76578	 0.00342276
 5.7087	 0.00352358
 5.65217	 0.00363077
 5.59621	 0.00374499
 5.5408	 0.00386696
 5.48594	 0.0039974
 5.43163	 0.00413712
 5.37785	 0.00428697
 5.3246	 0.00444782
 5.27188	 0.00462064
 5.21969	 0.00480643
 5.16801	 0.00500623
 5.11684	 0.00522116
 5.06618	 0.00545241
 5.01602	 0.00570121
 4.96635	 0.00596885
 4.91718	 0.00625672
 4.8685	 0.00656622
 4.82029	 0.00689893
 4.77257	 0.00725637
 4.72532	 0.00764023
 4.67853	 0.00805227
 4.63221	 0.0084943
 4.58634	 0.00896825
 4.54094	 0.00947614
 4.49598	 0.0100201
 4.45146	 0.0106023
 4.40739	 0.0112251
 4.36375	 0.0118909
 4.32054	 0.0126023
 4.27777	 0.0133619
 4.23541	 0.0141726
 4.19348	 0.0150373
 4.15196	 0.0159591
 4.11085	 0.0169412
 4.07015	 0.017987
 4.02985	 0.0191001
 3.98995	 0.0202842
 3.95045	 0.0215432
 3.91133	 0.0228813
 3.87261	 0.0243025
 3.83426	 0.0258116
 3.7963	 0.027413
 3.75871	 0.0291118
 3.7215	 0.030913
 3.68465	 0.032822
 3.64817	 0.0348441
 3.61205	 0.0369853
 3.57629	 0.0392514
 3.54088	 0.0416485
 3.50582	 0.044183
 3.47111	 0.0468612
 3.43674	 0.0496899
 3.40271	 0.0526756
 3.36902	 0.0558252
 3.33567	 0.0591454
 3.30264	 0.0626429
 3.26994	 0.0663242
 3.23757	 0.0701958
 3.20551	 0.0742637
 3.17377	 0.0785335
 3.14235	 0.0830102
 3.11124	 0.0876981
 3.08043	 0.0926006
 3.04993	 0.0977201
 3.01974	 0.103057
 2.98984	 0.108612
 2.96024	 0.114382
 2.93093	 0.120364
 2.90191	 0.12655
 2.87318	 0.132931
 2.84473	 0.139498
 2.81656	 0.146236
 2.78868	 0.153127
 2.76106	 0.160153
 2.73373	 0.167289
 2.70666	 0.174512
 2.67986	 0.181793
 2.65333	 0.189101
 2.62706	 0.196403
 2.60105	 0.203666
 2.5753	 0.210853
 2.5498	 0.217928
 2.52455	 0.224854
 2.49956	 0.231594
 2.47481	 0.238113
 2.4503	 0.244375
 2.42604	 0.250349
 2.40202	 0.256004
 2.37824	 0.261311
 2.35469	 0.266244
 2.33138	 0.270783
 2.3083	 0.274906
 2.28544	 0.2786
 2.26282	 0.28185
 2.24041	 0.284647
 2.21823	 0.286985
 2.19627	 0.288862
 2.17452	 0.290277
 2.15299	 0.291232
 2.13167	 0.291734
 2.11057	 0.291789
 2.08967	 0.291409
 2.06898	 0.290605
 2.0485	 0.289391
 2.02822	 0.287784
 2.00813	 0.285801
 1.98825	 0.283459
 1.96857	 0.280779
 1.94907	 0.277782
 1.92978	 0.274488
 1.91067	 0.270918
 1.89175	 0.267097
 1.87302	 0.263044
 1.85448	 0.258783
 1.83612	 0.254336
 1.81794	 0.249723
 1.79994	 0.244968
 1.78212	 0.240089
 1.76447	 0.235109
 1.747	 0.230044
 1.72971	 0.224915
 1.71258	 0.219739
 1.69562	 0.214532
 1.67883	 0.20931
 1.66221	 0.204087
 1.64575	 0.198878
 1.62946	 0.193694
 1.61333	 0.188548
 1.59735	 0.183448
 1.58154	 0.178407
 1.56588	 0.173431
 1.55038	 0.168528
 1.53503	 0.163705
 1.51983	 0.158969
 1.50478	 0.154325
 1.48988	 0.149776
 1.47513	 0.145328
 1.46052	 0.140982
 1.44606	 0.136743
 1.43175	 0.132612
 1.41757	 0.12859
 1.40353	 0.12468
 1.38964	 0.120883
 1.37588	 0.117198
 1.36226	 0.113626
 1.34877	 0.110168
 1.33542	 0.106823
 1.32219	 0.103591
 1.3091	 0.100471
 1.29614	 0.0974632
 1.28331	 0.0945659
 1.2706	 0.0917786
 1.25802	 0.0891003
 1.24557	 0.0865297
 1.23323	 0.0840658
 1.22102	 0.0817074
 1.20893	 0.079453
 1.19696	 0.0773015
 1.18511	 0.0752514
 1.17338	 0.0733013
 1.16176	 0.0714498
 1.15026	 0.0696955
 1.13887	 0.0680369
 1.12759	 0.0664725
 1.11643	 0.0650008
 1.10538	 0.0636203
 1.09443	 0.0623293
 1.0836	 0.0611264
 1.07287	 0.06001
 1.06225	 0.0589784
 1.05173	 0.0580301
 1.04131	 0.0571635
 1.031	 0.0563768
 1.0208	 0.0556684
 1.01069	 0.0550366
 1.00068	 0.0544796
 0.990775	 0.0539959
 0.980966	 0.0535835
 0.971253	 0.0532408
 0.961637	 0.0529658
 0.952115	 0.0527568
 0.942689	 0.052612
 0.933355	 0.0525294
 0.924114	 0.0525072
 0.914964	 0.0525434
 0.905905	 0.052636
 0.896936	 0.0527833
 0.888055	 0.052983
 0.879263	 0.0532333
 0.870557	 0.0535321
 0.861938	 0.0538774
 0.853404	 0.0542671
 0.844954	 0.0546991
 0.836588	 0.0551714
 0.828305	 0.0556819
 0.820104	 0.0562284
 0.811984	 0.0568088
 0.803945	 0.0574211
 0.795985	 0.0580631
 0.788104	 0.0587327
 0.780301	 0.0594278
 0.772575	 0.0601462
 0.764926	 0.060886
 0.757352	 0.0616451
 0.749854	 0.0624213
 0.74243	 0.0632127
 0.735079	 0.0640172
 0.727801	 0.0648329
 0.720595	 0.0656579
 0.71346	 0.0664902
 0.706396	 0.0673281
 0.699402	 0.0681697
 0.692477	 0.0690132
 0.685621	 0.0698571
 0.678833	 0.0706996
 0.672112	 0.0715392
 0.665457	 0.0723745
 0.658869	 0.0732041
 0.652345	 0.0740265
 0.645886	 0.0748407
 0.639491	 0.0756454
 0.63316	 0.0764396
 0.626891	 0.0772223
 0.620684	 0.0779927
 0.614539	 0.0787501
 0.608454	 0.0794937
 0.60243	 0.0802232
 0.596465	 0.0809379
 0.59056	 0.0816376
 0.584712	 0.0823222
 0.578923	 0.0829915
 0.573191	 0.0836456
 0.567516	 0.0842845
 0.561897	 0.0849086
 0.556334	 0.0855182
 0.550826	 0.0861138
 0.545372	 0.086696
 0.539972	 0.0872655
 0.534626	 0.0878231
 0.529333	 0.0883697
 0.524092	 0.0889063
 0.518903	 0.0894341
 0.513765	 0.0899543
 0.508678	 0.0904681
 0.503642	 0.090977
 0.498655	 0.0914824
 0.493718	 0.0919859
 0.48883	 0.0924891
 0.48399	 0.0929938
 0.479198	 0.0935016
 0.474453	 0.0940145
 0.469756	 0.0945343
 0.465105	 0.095063
 0.4605	 0.0956025
 0.45594	 0.096155
 0.451426	 0.0967224
 0.446956	 0.0973069
 0.442531	 0.0979106
 0.43815	 0.0985357
 0.433812	 0.0991843
 0.429516	 0.0998587
 0.425264	 0.100561
 0.421053	 0.101294
 0.416884	 0.102059
 0.412757	 0.102858
 0.40867	 0.103695
 0.404624	 0.10457
 0.400618	 0.105487
 0.396651	 0.106447
 0.392724	 0.107453
 0.388836	 0.108507
 0.384986	 0.109611
 0.381174	 0.110766
 0.3774	 0.111976
 0.373663	 0.113242
 0.369964	 0.114566
 0.366301	 0.115951
 0.362674	 0.117398
 0.359083	 0.118909
 0.355528	 0.120486
 0.352008	 0.122131
 0.348523	 0.123847
 0.345072	 0.125633
 0.341655	 0.127494
 0.338273	 0.129429
 0.334923	 0.131442
 0.331607	 0.133534
 0.328324	 0.135705
 0.325073	 0.137959
 0.321855	 0.140297
 0.318668	 0.142719
 0.315513	 0.145228
 0.312389	 0.147826
 0.309296	 0.150513
 0.306234	 0.153291
 0.303202	 0.156162
 0.3002	 0.159126
 0.297227	 0.162186
 0.294285	 0.165342
 0.291371	 0.168595
 0.288486	 0.171947
 0.28563	 0.175399
 0.282802	 0.178952
 0.280002	 0.182606
 0.277229	 0.186362
 0.274485	 0.190222
 0.271767	 0.194186
 0.269076	 0.198254
 0.266412	 0.202427
 0.263774	 0.206704
 0.261163	 0.211088
 0.258577	 0.215576
 0.256017	 0.220169
 0.253482	 0.224867
 0.250972	 0.229669
 0.248487	 0.234575
 0.246027	 0.239582
 0.243591	 0.244691
 0.241179	 0.249899
 0.238791	 0.255205
 0.236427	 0.260607
 0.234086	 0.266102
 0.231769	 0.271689
 0.229474	 0.277364
 0.227202	 0.283125
 0.224952	 0.288967
 0.222725	 0.294888
 0.22052	 0.300884
 0.218336	 0.30695
 0.216175	 0.313083
 0.214034	 0.319278
 0.211915	 0.32553
 0.209817	 0.331835
 0.20774	 0.338188
 0.205683	 0.344584
 0.203646	 0.351017
 0.20163	 0.357482
 0.199634	 0.363975
 0.197657	 0.37049
 0.1957	 0.377023
 0.193763	 0.383567
 0.191844	 0.390118
 0.189945	 0.396671
 0.188064	 0.403222
 0.186202	 0.409765
 0.184358	 0.416297
 0.182533	 0.422812
 0.180726	 0.429307
 0.178936	 0.435778
 0.177165	 0.44222
 0.175411	 0.448631
 0.173674	 0.455006
 0.171954	 0.461344
 0.170252	 0.46764
 0.168566	 0.473892
 0.166897	 0.480097
 0.165245	 0.486253
 0.163609	 0.492357
 0.161989	 0.498408
 0.160385	 0.504403
 0.158797	 0.510342
 0.157225	 0.516221
 0.155668	 0.52204
 0.154127	 0.527798
 0.152601	 0.533493
 0.15109	 0.539124
 0.149594	 0.54469
 0.148113	 0.550191
 0.146646	 0.555625
 0.145194	 0.560992
 0.143757	 0.566292
 0.142334	 0.571523
 0.140924	 0.576686
 0.139529	 0.581781
 0.138148	 0.586806
 0.13678	 0.591763
 0.135425	 0.59665
 0.134085	 0.601468
 0.132757	 0.606217
 0.131443	 0.610896
 0.130141	 0.615507
 0.128853	 0.620048
 0.127577	 0.624521
 0.126314	 0.628926
 0.125063	 0.633263
 0.123825	 0.637533
 0.122599	 0.641735
 0.121385	 0.645871
 0.120183	 0.649941
 0.118993	 0.653946
 0.117815	 0.657886
 0.116649	 0.661762
 0.115494	 0.665575
 0.11435	 0.669326
 0.113218	 0.673015
 0.112097	 0.676644
 0.110987	 0.680214
 0.109888	 0.683725
 0.1088	 0.687179
 0.107723	 0.690577
 0.106657	 0.69392
 0.105601	 0.697209
 0.104555	 0.700445
 0.10352	 0.70363
 0.102495	 0.706765
 0.10148	 0.709852
 0.100475	 0.712883
 0.0994805	 0.715888
 0.0984955	 0.718849
 0.0975203	 0.721762
 0.0965548	 0.724634
 0.0955988	 0.727468
 0.0946522	 0.730263
 0.0937151	 0.733024
 0.0927872	 0.73575
 0.0918685	 0.738444
 0.0909589	 0.741107
 0.0900584	 0.743742
 0.0891667	 0.746348
 0.0882839	 0.74893
 0.0874098	 0.751487
 0.0865443	 0.754021
 0.0856874	 0.756535
 0.084839	 0.75903
 0.0839991	 0.761507
 0.0831674	 0.763968
 0.0823439	 0.766414
 0.0815287	 0.768848
 0.0807214	 0.77127
 0.0799222	 0.773681
 0.0791309	 0.776084
 0.0783474	 0.77848
 0.0775717	 0.780869
 0.0768037	 0.783254
 0.0760433	 0.785636
 0.0752903	 0.788015
 0.0745449	 0.790393
 0.0738068	 0.792771
 0.0730761	 0.79515
 0.0723525	 0.797532
 0.0716362	 0.799916
 0.0709269	 0.802305
 0.0702247	 0.804698
 0.0695294	 0.807098
 0.068841	 0.809503
 0.0681594	 0.811917
 0.0674845	 0.814338
 0.0668164	 0.816768
 0.0661548	 0.819207
 0.0654998	 0.821656
 0.0648513	 0.824115
 0.0642092	 0.826584
 0.0635735	 0.829065
 0.062944	 0.831557
 0.0623208	 0.834061
 0.0617038	 0.836576
 0.0610929	 0.839104
 0.060488	 0.841644
 0.0598891	 0.844196
 0.0592961	 0.84676
 0.058709	 0.849337
 0.0581278	 0.851927
 0.0575522	 0.854528
 0.0569824	 0.857142
 0.0564182	 0.859769
 0.0558596	 0.862407
 0.0553066	 0.865057
 0.054759	 0.867718
 0.0542168	 0.870391
 0.05368	 0.873075
 0.0531485	 0.87577
 0.0526223	 0.878476
 0.0521013	 0.881191
 0.0515854	 0.883917
 0.0510747	 0.886652
 0.050569	 0.889397
 0.0500683	 0.89215
 0.0495726	 0.894912
 0.0490818	 0.897682
 0.0485958	 0.90046
 0.0481147	 0.903245
 0.0476383	 0.906037
 0.0471666	 0.908835
 0.0466996	 0.91164
 0.0462372	 0.91445
 0.0457795	 0.917265
 0.0453262	 0.920086
 0.0448774	 0.922911
 0.0444331	 0.92574
 0.0439932	 0.928572
 0.0435576	 0.931408
 0.0431263	 0.934246
 0.0426993	 0.937087
 0.0422766	 0.93993
 0.041858	 0.942774
 0.0414435	 0.945619
 0.0410332	 0.948464
 0.0406269	 0.95131
 0.0402247	 0.954155
 0.0398264	 0.956999
 0.0394321	 0.959841
 0.0390417	 0.962682
 0.0386551	 0.96552
 0.0382724	 0.968355
 0.0378935	 0.971186
 0.0375183	 0.974014
 0.0371468	 0.976837
 0.036779	 0.979654
 0.0364149	 0.982466
 0.0360543	 0.985271
 0.0356974	 0.98807
 0.0353439	 0.99086
 0.034994	 0.993643
 0.0346475	 0.996417
 0.0343045	 0.999182
 0.0339648	 1.00194
 0.0336285	 1.00468
 0.0332956	 1.00741
 0.0329659	 1.01014
 0.0326395	 1.01284
 0.0323164	 1.01554
 0.0319964	 1.01822
 0.0316796	 1.02089
 0.0313659	 1.02355
 0.0310554	 1.02619
 0.0307479	 1.02881
 0.0304435	 1.03142
 0.0301421	 1.03401
 0.0298436	 1.03659
 0.0295481	 1.03915
 0.0292556	 1.04169
 0.0289659	 1.04422
 0.0286791	 1.04672
 0.0283952	 1.04921
 0.028114	 1.05168
 0.0278357	 1.05413
 0.0275601	 1.05657
 0.0272872	 1.05898
 0.027017	 1.06138
 0.0267495	 1.06375
 0.0264847	 1.06611
 0.0262225	 1.06844
 0.0259628	 1.07076
 0.0257058	 1.07306
 0.0254513	 1.07534
 0.0251993	 1.0776
 0.0249498	 1.07984
 0.0247028	 1.08206
 0.0244582	 1.08426
 0.024216	 1.08644
 0.0239763	 1.0886
 0.0237389	 1.09074
 0.0235038	 1.09286
 0.0232711	 1.09497
 0.0230407	 1.09705
 0.0228126	 1.09912
 0.0225867	 1.10116
 0.0223631	 1.10319
 0.0221417	 1.1052
 0.0219224	 1.10718
 0.0217054	 1.10915
 0.0214905	 1.1111
 0.0212777	 1.11304
 0.021067	 1.11495
 0.0208585	 1.11684
 0.0206519	 1.11872
 0.0204475	 1.12058
 0.020245	 1.12241
 0.0200446	 1.12423
 0.0198461	 1.12603
 0.0196496	 1.12781
 0.0194551	 1.12958
 0.0192624	 1.13132
 0.0190717	 1.13305
 0.0188829	 1.13475
 0.0186959	 1.13644
 0.0185108	 1.13811
 0.0183275	 1.13976
 0.0181461	 1.1414
 0.0179664	 1.14301
 0.0177885	 1.1446
 0.0176124	 1.14618
 0.017438	 1.14774
 0.0172654	 1.14928
 0.0170944	 1.1508
 0.0169252	 1.1523
 0.0167576	 1.15379
 0.0165917	 1.15526
 0.0164274	 1.1567
 0.0162648	 1.15813
 0.0161037	 1.15954
 0.0159443	 1.16094
 0.0157864	 1.16231
 0.0156301	 1.16367
 0.0154754	 1.16501
 0.0153221	 1.16633
 0.0151704	 1.16763
 0.0150202	 1.16892
 0.0148715	 1.17019
 0.0147243	 1.17144
 0.0145785	 1.17267
 0.0144342	 1.17389
 0.0142912	 1.17509
 0.0141497	 1.17627
 0.0140096	 1.17743
 0.0138709	 1.17858
 0.0137336	 1.17971
 0.0135976	 1.18083
 0.013463	 1.18193
 0.0133297	 1.18301
 0.0131977	 1.18407
 0.013067	 1.18512
 0.0129377	 1.18615
 0.0128096	 1.18717
 0.0126827	 1.18817
 0.0125572	 1.18916
 0.0124328	 1.19013
 0.0123098	 1.19108
 0.0121879	 1.19202
 0.0120672	 1.19295
 0.0119477	 1.19386
 0.0118294	 1.19476
 0.0117123	 1.19564
 0.0115963	 1.1965
 0.0114815	 1.19712
 0.0113678	 1.19759
 0.0112553	 1.19806
 0.0111439	 1.19852
 0.0110335	 1.19898
 0.0109243	 1.19943
 0.0108161	 1.19987
 0.010709	 1.20031
 0.010603	 1.20075
 0.010498	 1.20117
 0.0103941	 1.2016
 0.0102912	 1.20201
 0.0101893	 1.20243
 0.0100884	 1.20283
 0.0099885	 1.20323
 0.00988961	 1.20363
 0.00979169	 1.20402
 0.00969474	 1.20441
 0.00959876	 1.20479
 0.00950372	 1.20516
 0.00940962	 1.20553
 0.00931646	 1.2059
 0.00922422	 1.20626
 0.00913289	 1.20662
 0.00904246	 1.20697
 0.00895293	 1.20732
 0.00886429	 1.20766
 0.00877652	 1.208
 0.00868963	 1.20833
 0.00860359	 1.20866
 0.00851841	 1.20899
 0.00843407	 1.20931
 0.00835056	 1.20962
 0.00826788	 1.20994
 0.00818602	 1.21025
 0.00810497	 1.21055
 0.00802473	 1.21085
 0.00794527	 1.21115
 0.00786661	 1.21144
 0.00778872	 1.21173
 0.0077116	 1.21202
 0.00763525	 1.2123
 0.00755965	 1.21258
 0.00748481	 1.21286
 0.0074107	 1.21313
 0.00733733	 1.2134
 0.00726468	 1.21367
 0.00719275	 1.21393
 0.00712154	 1.21419
 0.00705103	 1.21445
 0.00698121	 1.2147
 0.00691209	 1.21496
 0.00684366	 1.2152
 0.0067759	 1.21545
 0.00670881	 1.21569
 0.00664239	 1.21593
 0.00657662	 1.21617
 0.0065115	 1.21641
 0.00644703	 1.21664
 0.0063832	 1.21687
 0.00632	 1.2171
 0.00625743	 1.21732
 0.00619547	 1.21755
 0.00613413	 1.21777
 0.0060734	 1.21798
 0.00601327	 1.2182
 0.00595373	 1.21841
 0.00589478	 1.21862
 0.00583642	 1.21883
 0.00577863	 1.21904
 0.00572142	 1.21924
 0.00566477	 1.21945
 0.00560868	 1.21965
 0.00555315	 1.21985
 0.00549817	 1.22004
 0.00544373	 1.22024
 0.00538983	 1.22043
 0.00533647	 1.22062
 0.00528363	 1.22081
 0.00523132	 1.22099
 0.00517952	 1.22118
 0.00512824	 1.22136
 0.00507747	 1.22154
 0.00502719	 1.22172
 0.00497742	 1.2219
 0.00492814	 1.22207
 0.00487934	 1.22225
 0.00483103	 1.22242
 0.0047832	 1.22259
 0.00473584	 1.22276
 0.00468895	 1.22293
 0.00464253	 1.22309
 0.00459656	 1.22325
 0.00455105	 1.22342
 0.00450599	 1.22358
 0.00446138	 1.22373
 0.00441721	 1.22389
 0.00437347	 1.22404
 0.00433017	 1.2242
 0.0042873	 1.22435
 0.00424485	 1.2245
 0.00420282	 1.22465
 0.00416121	 1.2248
 0.00412001	 1.22494
 0.00407922	 1.22508
 0.00403883	 1.22523
 0.00399884	 1.22537
 0.00395925	 1.22551
 0.00392005	 1.22564
 0.00388123	 1.22578
 0.00384281	 1.22592
 0.00380476	 1.22605
 0.00376709	 1.22618
 0.00372979	 1.22631
 0.00369286	 1.22644
 0.0036563	 1.22657
 0.0036201	 1.22669
 0.00358426	 1.22682
 0.00354877	 1.22694
 0.00351363	 1.22706
 0.00347884	 1.22718
 0.0034444	 1.2273
 0.0034103	 1.22742
 0.00337653	 1.22754
 0.0033431	 1.22765
 0.00331	 1.22777
 0.00327723	 1.22788
 0.00324478	 1.22799
 0.00321265	 1.2281
 0.00318084	 1.22821
 0.00314935	 1.22832
 0.00311817	 1.22842
 0.0030873	 1.22853
 0.00305673	 1.22863
 0.00302646	 1.22874
 0.0029965	 1.22884
 0.00296683	 1.22894
 0.00293746	 1.22904
 0.00290837	 1.22914
 0.00287958	 1.22923
 0.00285107	 1.22933
 0.00282284	 1.22943
 0.00279489	 1.22952
 0.00276722	 1.22961
 0.00273982	 1.2297
 0.00271269	 1.22979
 0.00268583	 1.22988
 0.00265924	 1.22997
 0.00263291	 1.23006
 0.00260684	 1.23015
 0.00258103	 1.23023
 0.00255548	 1.23032
 0.00253018	 1.2304
 0.00250513	 1.23048
 0.00248032	 1.23057
 0.00245576	 1.23065
 0.00243145	 1.23073
 0.00240738	 1.23081
 0.00238354	 1.23089
 0.00235994	 1.23096
 0.00233658	 1.23104
 0.00231344	 1.23111
 0.00229054	 1.23119
 0.00226786	 1.23126
 0.0022454	 1.23134
 0.00222317	 1.23141
 0.00220116	 1.23148
 0.00217937	 1.23155
 0.00215779	 1.23162
 0.00213642	 1.23169
 0.00211527	 1.23176
 0.00209433	 1.23183
 0.00207359	 1.23189
 0.00205306	 1.23196
 0.00203273	 1.23203
 0.00201261	 1.23209
 0.00199268	 1.23215
 0.00197295	 1.23222
 0.00195342	 1.23228
 0.00193408	 1.23234
 0.00191493	 1.2324
 0.00189597	 1.23246
 0.0018772	 1.23252
 0.00185861	 1.23258
 0.00184021	 1.23264
 0.00182199	 1.2327
 0.00180395	 1.23276
 0.00178609	 1.23281
 0.0017684	 1.23287
 0.00175089	 1.23293
 0.00173356	 1.23298
 0.0017164	 1.23304
 0.0016994	 1.23309
 0.00168258	 1.23314
 0.00166592	 1.2332
 0.00164942	 1.23325
 0.00163309	 1.2333
 0.00161692	 1.23335
 0.00160091	 1.2334
 0.00158506	 1.23345
 0.00156937	 1.2335
 0.00155383	 1.23355
 0.00153845	 1.2336
 0.00152321	 1.23365
 0.00150813	 1.23369
 0.0014932	 1.23374
 0.00147842	 1.23379
 0.00146378	 1.23383
 0.00144929	 1.23388
 0.00143494	 1.23392
 0.00142073	 1.23397
 0.00140666	 1.23401
 0.00139273	 1.23405
 0.00137895	 1.2341
 0.00136529	 1.23414
 0.00135177	 1.23418
 0.00133839	 1.23422
 0.00132514	 1.23426
 0.00131202	 1.23431
 0.00129903	 1.23435
 0.00128617	 1.23439
 0.00127343	 1.23443
 0.00126082	 1.23446
 0.00124834	 1.2345
 0.00123598	 1.23454
 0.00122374	 1.23458
 0.00121163	 1.23462
 0.00119963	 1.23465
 0.00118775	 1.23469
 0.00117599	 1.23473
 0.00116435	 1.23476
 0.00115282	 1.2348
 0.00114141	 1.23483
 0.00113011	 1.23487
 0.00111892	 1.2349
 0.00110784	 1.23494
 0.00109687	 1.23497
 0.00108601	 1.235
 0.00107526	 1.23504
 0.00106461	 1.23507
 0.00105407	 1.2351
 0.00104363	 1.23514
 0.0010333	 1.23517
 0.00102307	 1.2352
 0.00101294	 1.23523
 0.00100291	 1.23526
 0.000992983	 1.23529
 0.000983151	 1.23532
 0.000973417	 1.23535
 0.000963779	 1.23538
 0.000954237	 1.23541
 0.000944789	 1.23544
 0.000935435	 1.23547
 0.000926173	 1.2355
 0.000917003	 1.23552
 0.000907924	 1.23555
 0.000898934	 1.23558
 0.000890034	 1.23561
 0.000881222	 1.23563
 0.000872497	 1.23566
 0.000863858	 1.23569
 0.000855305	 1.23571
 0.000846837	 1.23574
 0.000838452	 1.23576
 0.000830151	 1.23579
 0.000821931	 1.23581
 0.000813794	 1.23584
 0.000805736	 1.23586
 0.000797759	 1.23589
 0.00078986	 1.23591
 0.00078204	 1.23594
 0.000774297	 1.23596
 0.00076663	 1.23598
 0.00075904	 1.23601
 0.000751525	 1.23603
 0.000744084	 1.23605
 0.000736717	 1.23607
 0.000729422	 1.2361
 0.0007222	 1.23612
 0.00071505	 1.23614
 0.00070797	 1.23616
 0.000700961	 1.23618
 0.00069402	 1.2362
 0.000687149	 1.23622
 0.000680345	 1.23624
 0.000673609	 1.23626
 0.00066694	 1.23629
 0.000660337	 1.23631
 0.000653799	 1.23632
 0.000647325	 1.23634
 0.000640916	 1.23636
 0.000634571	 1.23638
 0.000628288	 1.2364
 0.000622067	 1.23642
 0.000615908	 1.23644
 0.00060981	 1.23646
 0.000603772	 1.23648
 0.000597794	 1.23649
 0.000591875	 1.23651
 0.000586015	 1.23653
 0.000580213	 1.23655
 0.000574468	 1.23656
 0.000568781	 1.23658
 0.000563149	 1.2366
 0.000557573	 1.23662
 0.000552053	 1.23663
 0.000546587	 1.23665
 0.000541175	 1.23667
 0.000535817	 1.23668
 0.000530512	 1.2367
 0.000525259	 1.23671
 0.000520059	 1.23673
 0.00051491	 1.23674
 0.000509812	 1.23676
 0.000504764	 1.23677
 0.000499766	 1.23679
 0.000494818	 1.2368
 0.000489919	 1.23682
 0.000485068	 1.23683
 0.000480266	 1.23685
 0.00047551	 1.23686
 0.000470802	 1.23688
 0.000466141	 1.23689
 0.000461526	 1.2369
 0.000456956	 1.23692
 0.000452432	 1.23693
 0.000447952	 1.23695
 0.000443517	 1.23696
 0.000439126	 1.23697
 0.000434778	 1.23698
 0.000430473	 1.237
 0.000426211	 1.23701
 0.000421991	 1.23702
 0.000417813	 1.23704
 0.000413676	 1.23705
 0.000409581	 1.23706
 0.000405525	 1.23707
 0.00040151	 1.23708
 0.000397535	 1.2371
 0.000393599	 1.23711
 0.000389702	 1.23712
 0.000385844	 1.23713
 0.000382023	 1.23714
 0.000378241	 1.23715
 0.000374496	 1.23717
 0.000370788	 1.23718
 0.000367117	 1.23719
 0.000363482	 1.2372
 0.000359883	 1.23721
 0.00035632	 1.23722
 0.000352792	 1.23723
 0.000349299	 1.23724
 0.000345841	 1.23725
 0.000342417	 1.23726
 0.000339026	 1.23727
 0.00033567	 1.23728
 0.000332346	 1.23729
 0.000329056	 1.2373
 0.000325798	 1.23731
 0.000322572	 1.23732
 0.000319378	 1.23733
 0.000316216	 1.23734
 0.000313085	 1.23735
 0.000309985	 1.23736
 0.000306916	 1.23737
 0.000303877	 1.23738
 0.000300869	 1.23739
 0.00029789	 1.23739
 0.00029494	 1.2374
 0.00029202	 1.23741
 0.000289129	 1.23742
 0.000286266	 1.23743
 0.000283432	 1.23744
 0.000280626	 1.23745
 0.000277847	 1.23745
 0.000275096	 1.23746
 0.000272372	 1.23747
 0.000269676	 1.23748
 0.000267006	 1.23749
 0.000264362	 1.23749
 0.000261745	 1.2375
 0.000259153	 1.23751
 0.000256587	 1.23752
 0.000254047	 1.23753
 0.000251531	 1.23753
 0.000249041	 1.23754
 0.000246575	 1.23755
 0.000244134	 1.23755
 0.000241717	 1.23756
 0.000239323	 1.23757
 0.000236954	 1.23758
 0.000234608	 1.23758
 0.000232285	 1.23759
 0.000229985	 1.2376
 0.000227708	 1.2376
 0.000225454	 1.23761
 0.000223221	 1.23762
 0.000221011	 1.23762
 0.000218823	 1.23763
 0.000216656	 1.23764
 0.000214511	 1.23764
 0.000212387	 1.23765
 0.000210285	 1.23766
 0.000208203	 1.23766
 0.000206141	 1.23767
 0.0002041	 1.23767
 0.000202079	 1.23768
 0.000200079	 1.23769
 0.000198098	 1.23769
 0.000196136	 1.2377
 0.000194194	 1.2377
 0.000192272	 1.23771
 0.000190368	 1.23771
 0.000188483	 1.23772
 0.000186617	 1.23773
 0.000184769	 1.23773
 0.00018294	 1.23774
 0.000181129	 1.23774
 0.000179335	 1.23775
 0.00017756	 1.23775
 0.000175802	 1.23776
 0.000174061	 1.23776
 0.000172338	 1.23777
 0.000170631	 1.23777
 0.000168942	 1.23778
 0.000167269	 1.23778
 0.000165613	 1.23779
 0.000163973	 1.23779
 0.00016235	 1.2378
 0.000160742	 1.2378
 0.000159151	 1.23781
 0.000157575	 1.23781
 0.000156015	 1.23782
 0.00015447	 1.23782
 0.000152941	 1.23783
 0.000151427	 1.23783
 0.000149927	 1.23783
 0.000148443	 1.23784
 0.000146973	 1.23784
 0.000145518	 1.23785
 0.000144077	 1.23785
 0.000142651	 1.23786
 0.000141238	 1.23786
 0.00013984	 1.23786
 0.000138455	 1.23787
 0.000137084	 1.23787
 0.000135727	 1.23788
 0.000134383	 1.23788
 0.000133053	 1.23788
 0.000131736	 1.23789
 0.000130431	 1.23789
 0.00012914	 1.2379
 0.000127861	 1.2379
 0.000126595	 1.2379
 0.000125342	 1.23791
 0.000124101	 1.23791
 0.000122872	 1.23791
 0.000121656	 1.23792
 0.000120451	 1.23792
 0.000119258	 1.23793
 0.000118078	 1.23793
 0.000116909	 1.23793
 0.000115751	 1.23794
 0.000114605	 1.23794
 0.00011347	 1.23794
 0.000112347	 1.23795
 0.000111234	 1.23795
 0.000110133	 1.23795
 0.000109043	 1.23796
 0.000107963	 1.23796
 0.000106894	 1.23796
 0.000105836	 1.23796
 0.000104788	 1.23797
 0.00010375	 1.23797
 0.000102723	 1.23797
 0.000101706	 1.23798
 0.000100699	 1.23798
 9.97021e-05	 1.23798
 9.8715e-05	 1.23799
 9.77376e-05	 1.23799
 9.67699e-05	 1.23799
 9.58118e-05	 1.23799
 9.48631e-05	 1.238
 9.39239e-05	 1.238
 9.2994e-05	 1.238
 9.20732e-05	 1.23801
 9.11616e-05	 1.23801
 9.0259e-05	 1.23801
 8.93654e-05	 1.23801
 8.84806e-05	 1.23802
 8.76045e-05	 1.23802
 8.67371e-05	 1.23802
 8.58784e-05	 1.23802
 8.50281e-05	 1.23803
 8.41862e-05	 1.23803
 8.33527e-05	 1.23803
 8.25274e-05	 1.23803
 8.17103e-05	 1.23804
 8.09013e-05	 1.23804
 8.01003e-05	 1.23804
 7.93072e-05	 1.23804
 7.8522e-05	 1.23805
 7.77446e-05	 1.23805
 7.69748e-05	 1.23805
 7.62127e-05	 1.23805
 7.54581e-05	 1.23805
 7.4711e-05	 1.23806
 7.39713e-05	 1.23806
 7.32389e-05	 1.23806
 7.25138e-05	 1.23806
 7.17958e-05	 1.23807
 7.10849e-05	 1.23807
 7.03811e-05	 1.23807
 6.96843e-05	 1.23807
 6.89944e-05	 1.23807
 6.83112e-05	 1.23808
 6.76349e-05	 1.23808
 6.69652e-05	 1.23808
 6.63022e-05	 1.23808
 6.56458e-05	 1.23808
 6.49958e-05	 1.23809
 6.43523e-05	 1.23809
 6.37151e-05	 1.23809
 6.30843e-05	 1.23809
 6.24597e-05	 1.23809
 6.18413e-05	 1.23809
 6.1229e-05	 1.2381
 6.06228e-05	 1.2381
 6.00225e-05	 1.2381
 5.94282e-05	 1.2381
 5.88398e-05	 1.2381
 5.82573e-05	 1.23811
 5.76805e-05	 1.23811
 5.71094e-05	 1.23811
 5.65439e-05	 1.23811
 5.59841e-05	 1.23811
 5.54298e-05	 1.23811
 5.4881e-05	 1.23812
 5.43376e-05	 1.23812
 5.37996e-05	 1.23812
 5.32669e-05	 1.23812
 5.27396e-05	 1.23812
 5.22174e-05	 1.23812
 5.17004e-05	 1.23812
 5.11885e-05	 1.23813
 5.06817e-05	 1.23813
 5.01799e-05	 1.23813
 4.9683e-05	 1.23813
 4.91911e-05	 1.23813
 4.87041e-05	 1.23813
 4.82219e-05	 1.23813
 4.77444e-05	 1.23814
 4.72717e-05	 1.23814
 4.68037e-05	 1.23814
 4.63403e-05	 1.23814
 4.58815e-05	 1.23814
 4.54272e-05	 1.23814
 4.49774e-05	 1.23814
 4.45321e-05	 1.23815
 4.40912e-05	 1.23815
 4.36546e-05	 1.23815
 4.32224e-05	 1.23815
 4.27945e-05	 1.23815
 4.23708e-05	 1.23815
 4.19512e-05	 1.23815
 4.15359e-05	 1.23815
 4.11246e-05	 1.23816
 4.07175e-05	 1.23816
 4.03143e-05	 1.23816
 3.99152e-05	 1.23816
 3.952e-05	 1.23816
 3.91287e-05	 1.23816
 3.87413e-05	 1.23816
 3.83577e-05	 1.23816
 3.79779e-05	 1.23817
 3.76019e-05	 1.23817
 3.72296e-05	 1.23817
 3.6861e-05	 1.23817
 3.6496e-05	 1.23817
 3.61347e-05	 1.23817
 3.57769e-05	 1.23817
 3.54227e-05	 1.23817
 3.5072e-05	 1.23817
 3.47247e-05	 1.23817
 3.43809e-05	 1.23818
 3.40405e-05	 1.23818
 3.37035e-05	 1.23818
 3.33698e-05	 1.23818
 3.30394e-05	 1.23818
 3.27123e-05	 1.23818
 3.23884e-05	 1.23818
 3.20677e-05	 1.23818
 3.17502e-05	 1.23818
 3.14358e-05	 1.23818
 3.11246e-05	 1.23819
 3.08164e-05	 1.23819
 3.05113e-05	 1.23819
 3.02092e-05	 1.23819
 2.99101e-05	 1.23819
 2.9614e-05	 1.23819
 2.93208e-05	 1.23819
 2.90305e-05	 1.23819
 2.8743e-05	 1.23819
 2.84585e-05	 1.23819
 2.81767e-05	 1.23819
 2.78977e-05	 1.23819
 2.76215e-05	 1.2382
 2.7348e-05	 1.2382
 2.70772e-05	 1.2382
 2.68091e-05	 1.2382
 2.65437e-05	 1.2382
 2.62809e-05	 1.2382
 2.60207e-05	 1.2382
 2.57631e-05	 1.2382
 2.5508e-05	 1.2382
 2.52554e-05	 1.2382
 2.50054e-05	 1.2382
 2.47578e-05	 1.2382
 2.45127e-05	 1.2382
 2.427e-05	 1.23821
 2.40297e-05	 1.23821
 2.37918e-05	 1.23821
 2.35562e-05	 1.23821
 2.3323e-05	 1.23821
 2.3092e-05	 1.23821
 2.28634e-05	 1.23821
 2.2637e-05	 1.23821
 2.24129e-05	 1.23821
 2.2191e-05	 1.23821
 2.19713e-05	 1.23821
 2.17538e-05	 1.23821
 2.15384e-05	 1.23821
 2.13251e-05	 1.23821
 2.1114e-05	 1.23821
 2.09049e-05	 1.23822
 2.06979e-05	 1.23822
 2.0493e-05	 1.23822
 2.02901e-05	 1.23822
 2.00892e-05	 1.23822
 1.98903e-05	 1.23822
 1.96934e-05	 1.23822
 1.94984e-05	 1.23822
 1.93054e-05	 1.23822
 1.91142e-05	 1.23822
 1.8925e-05	 1.23822
 1.87376e-05	 1.23822
 1.85521e-05	 1.23822
 1.83684e-05	 1.23822
 1.81865e-05	 1.23822
 1.80064e-05	 1.23822
 1.78282e-05	 1.23822
 1.76517e-05	 1.23823
 1.74769e-05	 1.23823
 1.73038e-05	 1.23823
 1.71325e-05	 1.23823
 1.69629e-05	 1.23823
 1.67949e-05	 1.23823
 1.66287e-05	 1.23823
 1.6464e-05	 1.23823
 1.6301e-05	 1.23823
 1.61396e-05	 1.23823
 1.59798e-05	 1.23823
 1.58216e-05	 1.23823
 1.56649e-05	 1.23823
 1.55098e-05	 1.23823
 1.53563e-05	 1.23823
 1.52042e-05	 1.23823
 1.50537e-05	 1.23823
 1.49047e-05	 1.23823
 1.47571e-05	 1.23823
 1.4611e-05	 1.23823
 1.44663e-05	 1.23823
 1.43231e-05	 1.23823
 1.41813e-05	 1.23824
 1.40409e-05	 1.23824
 1.39018e-05	 1.23824
 1.37642e-05	 1.23824
 1.36279e-05	 1.23824
 1.3493e-05	 1.23824
 1.33594e-05	 1.23824
 1.32271e-05	 1.23824
 1.30962e-05	 1.23824
 1.29665e-05	 1.23824
 1.28381e-05	 1.23824
 1.2711e-05	 1.23824
 1.25852e-05	 1.23824
 1.24606e-05	 1.23824
 1.23372e-05	 1.23824
 1.2215e-05	 1.23824
 1.20941e-05	 1.23824
 1.19743e-05	 1.23824
 1.18558e-05	 1.23824
 1.17384e-05	 1.23824
 1.16222e-05	 1.23824
 1.15071e-05	 1.23824
 1.13932e-05	 1.23824
 1.12804e-05	 1.23824
 1.11687e-05	 1.23824
 1.10581e-05	 1.23824
 1.09486e-05	 1.23824
 1.08402e-05	 1.23825
 1.07329e-05	 1.23825
 1.06266e-05	 1.23825
 1.05214e-05	 1.23825
 1.04172e-05	 1.23825
 1.03141e-05	 1.23825
 1.0212e-05	 1.23825
 1.01109e-05	 1.23825
 1.00108e-05	 1.23825
 -1.00108e-05	 1.23831
 -1.01109e-05	 1.23831
 -1.0212e-05	 1.23831
 -1.03141e-05	 1.23831
 -1.04172e-05	 1.23831
 -1.05214e-05	 1.23831
 -1.06266e-05	 1.23831
 -1.07329e-05	 1.23831
 -1.08402e-05	 1.23831
 -1.09486e-05	 1.23831
 -1.10581e-05	 1.23831
 -1.11687e-05	 1.23831
 -1.12804e-05	 1.23831
 -1.13932e-05	 1.23831
 -1.15071e-05	 1.23831
 -1.16222e-05	 1.23831
 -1.17384e-05	 1.23831
 -1.18558e-05	 1.23831
 -1.19743e-05	 1.23831
 -1.20941e-05	 1.23831
 -1.2215e-05	 1.23831
 -1.23372e-05	 1.23831
 -1.24606e-05	 1.23831
 -1.25852e-05	 1.23831
 -1.2711e-05	 1.23831
 -1.28381e-05	 1.23831
 -1.29665e-05	 1.23832
 -1.30962e-05	 1.23832
 -1.32271e-05	 1.23832
 -1.33594e-05	 1.23832
 -1.3493e-05	 1.23832
 -1.36279e-05	 1.23832
 -1.37642e-05	 1.23832
 -1.39018e-05	 1.23832
 -1.40409e-05	 1.23832
 -1.41813e-05	 1.23832
 -1.43231e-05	 1.23832
 -1.44663e-05	 1.23832
 -1.4611e-05	 1.23832
 -1.47571e-05	 1.23832
 -1.49047e-05	 1.23832
 -1.50537e-05	 1.23832
 -1.52042e-05	 1.23832
 -1.53563e-05	 1.23832
 -1.55098e-05	 1.23832
 -1.56649e-05	 1.23832
 -1.58216e-05	 1.23832
 -1.59798e-05	 1.23832
 -1.61396e-05	 1.23832
 -1.6301e-05	 1.23832
 -1.6464e-05	 1.23833
 -1.66287e-05	 1.23833
 -1.67949e-05	 1.23833
 -1.69629e-05	 1.23833
 -1.71325e-05	 1.23833
 -1.73038e-05	 1.23833
 -1.74769e-05	 1.23833
 -1.76517e-05	 1.23833
 -1.78282e-05	 1.23833
 -1.80064e-05	 1.23833
 -1.81865e-05	 1.23833
 -1.83684e-05	 1.23833
 -1.85521e-05	 1.23833
 -1.87376e-05	 1.23833
 -1.8925e-05	 1.23833
 -1.91142e-05	 1.23833
 -1.93054e-05	 1.23833
 -1.94984e-05	 1.23833
 -1.96934e-05	 1.23833
 -1.98903e-05	 1.23834
 -2.00892e-05	 1.23834
 -2.02901e-05	 1.23834
 -2.0493e-05	 1.23834
 -2.06979e-05	 1.23834
 -2.09049e-05	 1.23834
 -2.1114e-05	 1.23834
 -2.13251e-05	 1.23834
 -2.15384e-05	 1.23834
 -2.17538e-05	 1.23834
 -2.19713e-05	 1.23834
 -2.2191e-05	 1.23834
 -2.24129e-05	 1.23834
 -2.2637e-05	 1.23834
 -2.28634e-05	 1.23834
 -2.3092e-05	 1.23834
 -2.3323e-05	 1.23835
 -2.35562e-05	 1.23835
 -2.37918e-05	 1.23835
 -2.40297e-05	 1.23835
 -2.427e-05	 1.23835
 -2.45127e-05	 1.23835
 -2.47578e-05	 1.23835
 -2.50054e-05	 1.23835
 -2.52554e-05	 1.23835
 -2.5508e-05	 1.23835
 -2.57631e-05	 1.23835
 -2.60207e-05	 1.23835
 -2.62809e-05	 1.23835
 -2.65437e-05	 1.23836
 -2.68091e-05	 1.23836
 -2.70772e-05	 1.23836
 -2.7348e-05	 1.23836
 -2.76215e-05	 1.23836
 -2.78977e-05	 1.23836
 -2.81767e-05	 1.23836
 -2.84585e-05	 1.23836
 -2.8743e-05	 1.23836
 -2.90305e-05	 1.23836
 -2.93208e-05	 1.23836
 -2.9614e-05	 1.23836
 -2.99101e-05	 1.23836
 -3.02092e-05	 1.23837
 -3.05113e-05	 1.23837
 -3.08164e-05	 1.23837
 -3.11246e-05	 1.23837
 -3.14358e-05	 1.23837
 -3.17502e-05	 1.23837
 -3.20677e-05	 1.23837
 -3.23884e-05	 1.23837
 -3.27123e-05	 1.23837
 -3.30394e-05	 1.23837
 -3.33698e-05	 1.23838
 -3.37035e-05	 1.23838
 -3.40405e-05	 1.23838
 -3.43809e-05	 1.23838
 -3.47247e-05	 1.23838
 -3.5072e-05	 1.23838
 -3.54227e-05	 1.23838
 -3.57769e-05	 1.23838
 -3.61347e-05	 1.23838
 -3.6496e-05	 1.23838
 -3.6861e-05	 1.23839
 -3.72296e-05	 1.23839
 -3.76019e-05	 1.23839
 -3.79779e-05	 1.23839
 -3.83577e-05	 1.23839
 -3.87413e-05	 1.23839
 -3.91287e-05	 1.23839
 -3.952e-05	 1.23839
 -3.99152e-05	 1.23839
 -4.03143e-05	 1.2384
 -4.07175e-05	 1.2384
 -4.11246e-05	 1.2384
 -4.15359e-05	 1.2384
 -4.19512e-05	 1.2384
 -4.23708e-05	 1.2384
 -4.27945e-05	 1.2384
 -4.32224e-05	 1.2384
 -4.36546e-05	 1.23841
 -4.40912e-05	 1.23841
 -4.45321e-05	 1.23841
 -4.49774e-05	 1.23841
 -4.54272e-05	 1.23841
 -4.58815e-05	 1.23841
 -4.63403e-05	 1.23841
 -4.68037e-05	 1.23841
 -4.72717e-05	 1.23842
 -4.77444e-05	 1.23842
 -4.82219e-05	 1.23842
 -4.87041e-05	 1.23842
 -4.91911e-05	 1.23842
 -4.9683e-05	 1.23842
 -5.01799e-05	 1.23842
 -5.06817e-05	 1.23843
 -5.11885e-05	 1.23843
 -5.17004e-05	 1.23843
 -5.22174e-05	 1.23843
 -5.27396e-05	 1.23843
 -5.32669e-05	 1.23843
 -5.37996e-05	 1.23844
 -5.43376e-05	 1.23844
 -5.4881e-05	 1.23844
 -5.54298e-05	 1.23844
 -5.59841e-05	 1.23844
 -5.65439e-05	 1.23844
 -5.71094e-05	 1.23844
 -5.76805e-05	 1.23845
 -5.82573e-05	 1.23845
 -5.88398e-05	 1.23845
 -5.94282e-05	 1.23845
 -6.00225e-05	 1.23845
 -6.06228e-05	 1.23846
 -6.1229e-05	 1.23846
 -6.18413e-05	 1.23846
 -6.24597e-05	 1.23846
 -6.30843e-05	 1.23846
 -6.37151e-05	 1.23846
 -6.43523e-05	 1.23847
 -6.49958e-05	 1.23847
 -6.56458e-05	 1.23847
 -6.63022e-05	 1.23847
 -6.69652e-05	 1.23847
 -6.76349e-05	 1.23848
 -6.83112e-05	 1.23848
 -6.89944e-05	 1.23848
 -6.96843e-05	 1.23848
 -7.03811e-05	 1.23848
 -7.10849e-05	 1.23849
 -7.17958e-05	 1.23849
 -7.25138e-05	 1.23849
 -7.32389e-05	 1.23849
 -7.39713e-05	 1.23849
 -7.4711e-05	 1.2385
 -7.54581e-05	 1.2385
 -7.62127e-05	 1.2385
 -7.69748e-05	 1.2385
 -7.77446e-05	 1.23851
 -7.8522e-05	 1.23851
 -7.93072e-05	 1.23851
 -8.01003e-05	 1.23851
 -8.09013e-05	 1.23851
 -8.17103e-05	 1.23852
 -8.25274e-05	 1.23852
 -8.33527e-05	 1.23852
 -8.41862e-05	 1.23852
 -8.50281e-05	 1.23853
 -8.58784e-05	 1.23853
 -8.67371e-05	 1.23853
 -8.76045e-05	 1.23853
 -8.84806e-05	 1.23854
 -8.93654e-05	 1.23854
 -9.0259e-05	 1.23854
 -9.11616e-05	 1.23854
 -9.20732e-05	 1.23855
 -9.2994e-05	 1.23855
 -9.39239e-05	 1.23855
 -9.48631e-05	 1.23856
 -9.58118e-05	 1.23856
 -9.67699e-05	 1.23856
 -9.77376e-05	 1.23856
 -9.8715e-05	 1.23857
 -9.97021e-05	 1.23857
 -0.000100699	 1.23857
 -0.000101706	 1.23858
 -0.000102723	 1.23858
 -0.00010375	 1.23858
 -0.000104788	 1.23858
 -0.000105836	 1.23859
 -0.000106894	 1.23859
 -0.000107963	 1.23859
 -0.000109043	 1.2386
 -0.000110133	 1.2386
 -0.000111234	 1.2386
 -0.000112347	 1.23861
 -0.00011347	 1.23861
 -0.000114605	 1.23861
 -0.000115751	 1.23862
 -0.000116909	 1.23862
 -0.000118078	 1.23862
 -0.000119258	 1.23863
 -0.000120451	 1.23863
 -0.000121656	 1.23863
 -0.000122872	 1.23864
 -0.000124101	 1.23864
 -0.000125342	 1.23864
 -0.000126595	 1.23865
 -0.000127861	 1.23865
 -0.00012914	 1.23866
 -0.000130431	 1.23866
 -0.000131736	 1.23866
 -0.000133053	 1.23867
 -0.000134383	 1.23867
 -0.000135727	 1.23868
 -0.000137084	 1.23868
 -0.000138455	 1.23868
 -0.00013984	 1.23869
 -0.000141238	 1.23869
 -0.000142651	 1.2387
 -0.000144077	 1.2387
 -0.000145518	 1.2387
 -0.000146973	 1.23871
 -0.000148443	 1.23871
 -0.000149927	 1.23872
 -0.000151427	 1.23872
 -0.000152941	 1.23873
 -0.00015447	 1.23873
 -0.000156015	 1.23873
 -0.000157575	 1.23874
 -0.000159151	 1.23874
 -0.000160742	 1.23875
 -0.00016235	 1.23875
 -0.000163973	 1.23876
 -0.000165613	 1.23876
 -0.000167269	 1.23877
 -0.000168942	 1.23877
 -0.000170631	 1.23878
 -0.000172338	 1.23878
 -0.000174061	 1.23879
 -0.000175802	 1.23879
 -0.00017756	 1.2388
 -0.000179335	 1.2388
 -0.000181129	 1.23881
 -0.00018294	 1.23881
 -0.000184769	 1.23882
 -0.000186617	 1.23882
 -0.000188483	 1.23883
 -0.000190368	 1.23883
 -0.000192272	 1.23884
 -0.000194194	 1.23885
 -0.000196136	 1.23885
 -0.000198098	 1.23886
 -0.000200079	 1.23886
 -0.000202079	 1.23887
 -0.0002041	 1.23887
 -0.000206141	 1.23888
 -0.000208203	 1.23889
 -0.000210285	 1.23889
 -0.000212387	 1.2389
 -0.000214511	 1.23891
 -0.000216656	 1.23891
 -0.000218823	 1.23892
 -0.000221011	 1.23892
 -0.000223221	 1.23893
 -0.000225454	 1.23894
 -0.000227708	 1.23894
 -0.000229985	 1.23895
 -0.000232285	 1.23896
 -0.000234608	 1.23896
 -0.000236954	 1.23897
 -0.000239323	 1.23898
 -0.000241717	 1.23898
 -0.000244134	 1.23899
 -0.000246575	 1.239
 -0.000249041	 1.23901
 -0.000251531	 1.23901
 -0.000254047	 1.23902
 -0.000256587	 1.23903
 -0.000259153	 1.23904
 -0.000261745	 1.23904
 -0.000264362	 1.23905
 -0.000267006	 1.23906
 -0.000269676	 1.23907
 -0.000272372	 1.23907
 -0.000275096	 1.23908
 -0.000277847	 1.23909
 -0.000280626	 1.2391
 -0.000283432	 1.23911
 -0.000286266	 1.23911
 -0.000289129	 1.23912
 -0.00029202	 1.23913
 -0.00029494	 1.23914
 -0.00029789	 1.23915
 -0.000300869	 1.23916
 -0.000303877	 1.23916
 -0.000306916	 1.23917
 -0.000309985	 1.23918
 -0.000313085	 1.23919
 -0.000316216	 1.2392
 -0.000319378	 1.23921
 -0.000322572	 1.23922
 -0.000325798	 1.23923
 -0.000329056	 1.23924
 -0.000332346	 1.23925
 -0.00033567	 1.23926
 -0.000339026	 1.23927
 -0.000342417	 1.23928
 -0.000345841	 1.23929
 -0.000349299	 1.2393
 -0.000352792	 1.23931
 -0.00035632	 1.23932
 -0.000359883	 1.23933
 -0.000363482	 1.23934
 -0.000367117	 1.23935
 -0.000370788	 1.23936
 -0.000374496	 1.23937
 -0.000378241	 1.23938
 -0.000382023	 1.23939
 -0.000385844	 1.2394
 -0.000389702	 1.23941
 -0.000393599	 1.23942
 -0.000397535	 1.23944
 -0.00040151	 1.23945
 -0.000405525	 1.23946
 -0.000409581	 1.23947
 -0.000413676	 1.23948
 -0.000417813	 1.23949
 -0.000421991	 1.23951
 -0.000426211	 1.23952
 -0.000430473	 1.23953
 -0.000434778	 1.23954
 -0.000439126	 1.23956
 -0.000443517	 1.23957
 -0.000447952	 1.23958
 -0.000452432	 1.23959
 -0.000456956	 1.23961
 -0.000461526	 1.23962
 -0.000466141	 1.23963
 -0.000470802	 1.23965
 -0.00047551	 1.23966
 -0.000480266	 1.23967
 -0.000485068	 1.23969
 -0.000489919	 1.2397
 -0.000494818	 1.23972
 -0.000499766	 1.23973
 -0.000504764	 1.23974
 -0.000509812	 1.23976
 -0.00051491	 1.23977
 -0.000520059	 1.23979
 -0.000525259	 1.2398
 -0.000530512	 1.23982
 -0.000535817	 1.23983
 -0.000541175	 1.23985
 -0.000546587	 1.23986
 -0.000552053	 1.23988
 -0.000557573	 1.2399
 -0.000563149	 1.23991
 -0.000568781	 1.23993
 -0.000574468	 1.23994
 -0.000580213	 1.23996
 -0.000586015	 1.23998
 -0.000591875	 1.23999
 -0.000597794	 1.24001
 -0.000603772	 1.24003
 -0.00060981	 1.24005
 -0.000615908	 1.24006
 -0.000622067	 1.24008
 -0.000628288	 1.2401
 -0.000634571	 1.24012
 -0.000640916	 1.24013
 -0.000647325	 1.24015
 -0.000653799	 1.24017
 -0.000660337	 1.24019
 -0.00066694	 1.24021
 -0.000673609	 1.24023
 -0.000680345	 1.24025
 -0.000687149	 1.24027
 -0.00069402	 1.24029
 -0.000700961	 1.24031
 -0.00070797	 1.24033
 -0.00071505	 1.24035
 -0.0007222	 1.24037
 -0.000729422	 1.24039
 -0.000736717	 1.24041
 -0.000744084	 1.24043
 -0.000751525	 1.24045
 -0.00075904	 1.24047
 -0.00076663	 1.24049
 -0.000774297	 1.24051
 -0.00078204	 1.24054
 -0.00078986	 1.24056
 -0.000797759	 1.24058
 -0.000805736	 1.2406
 -0.000813794	 1.24063
 -0.000821931	 1.24065
 -0.000830151	 1.24067
 -0.000838452	 1.2407
 -0.000846837	 1.24072
 -0.000855305	 1.24074
 -0.000863858	 1.24077
 -0.000872497	 1.24079
 -0.000881222	 1.24082
 -0.000890034	 1.24084
 -0.000898934	 1.24087
 -0.000907924	 1.24089
 -0.000917003	 1.24092
 -0.000926173	 1.24094
 -0.000935435	 1.24097
 -0.000944789	 1.241
 -0.000954237	 1.24102
 -0.000963779	 1.24105
 -0.000973417	 1.24108
 -0.000983151	 1.2411
 -0.000992983	 1.24113
 -0.00100291	 1.24116
 -0.00101294	 1.24119
 -0.00102307	 1.24121
 -0.0010333	 1.24124
 -0.00104363	 1.24127
 -0.00105407	 1.2413
 -0.00106461	 1.24133
 -0.00107526	 1.24136
 -0.00108601	 1.24139
 -0.00109687	 1.24142
 -0.00110784	 1.24145
 -0.00111892	 1.24148
 -0.00113011	 1.24151
 -0.00114141	 1.24155
 -0.00115282	 1.24158
 -0.00116435	 1.24161
 -0.00117599	 1.24164
 -0.00118775	 1.24167
 -0.00119963	 1.24171
 -0.00121163	 1.24174
 -0.00122374	 1.24177
 -0.00123598	 1.24181
 -0.00124834	 1.24184
 -0.00126082	 1.24188
 -0.00127343	 1.24191
 -0.00128617	 1.24195
 -0.00129903	 1.24198
 -0.00131202	 1.24202
 -0.00132514	 1.24205
 -0.00133839	 1.24209
 -0.00135177	 1.24213
 -0.00136529	 1.24216
 -0.00137895	 1.2422
 -0.00139273	 1.24224
 -0.00140666	 1.24228
 -0.00142073	 1.24232
 -0.00143494	 1.24236
 -0.00144929	 1.2424
 -0.00146378	 1.24244
 -0.00147842	 1.24248
 -0.0014932	 1.24252
 -0.00150813	 1.24256
 -0.00152321	 1.2426
 -0.00153845	 1.24264
 -0.00155383	 1.24268
 -0.00156937	 1.24272
 -0.00158506	 1.24277
 -0.00160091	 1.24281
 -0.00161692	 1.24285
 -0.00163309	 1.2429
 -0.00164942	 1.24294
 -0.00166592	 1.24299
 -0.00168258	 1.24303
 -0.0016994	 1.24308
 -0.0017164	 1.24312
 -0.00173356	 1.24317
 -0.00175089	 1.24322
 -0.0017684	 1.24326
 -0.00178609	 1.24331
 -0.00180395	 1.24336
 -0.00182199	 1.24341
 -0.00184021	 1.24346
 -0.00185861	 1.2435
 -0.0018772	 1.24355
 -0.00189597	 1.2436
 -0.00191493	 1.24366
 -0.00193408	 1.24371
 -0.00195342	 1.24376
 -0.00197295	 1.24381
 -0.00199268	 1.24386
 -0.00201261	 1.24392
 -0.00203273	 1.24397
 -0.00205306	 1.24402
 -0.00207359	 1.24408
 -0.00209433	 1.24413
 -0.00211527	 1.24419
 -0.00213642	 1.24424
 -0.00215779	 1.2443
 -0.00217937	 1.24436
 -0.00220116	 1.24441
 -0.00222317	 1.24447
 -0.0022454	 1.24453
 -0.00226786	 1.24459
 -0.00229054	 1.24465
 -0.00231344	 1.24471
 -0.00233658	 1.24477
 -0.00235994	 1.24483
 -0.00238354	 1.24489
 -0.00240738	 1.24495
 -0.00243145	 1.24501
 -0.00245576	 1.24508
 -0.00248032	 1.24514
 -0.00250513	 1.2452
 -0.00253018	 1.24527
 -0.00255548	 1.24533
 -0.00258103	 1.2454
 -0.00260684	 1.24547
 -0.00263291	 1.24553
 -0.00265924	 1.2456
 -0.00268583	 1.24567
 -0.00271269	 1.24573
 -0.00273982	 1.2458
 -0.00276722	 1.24587
 -0.00279489	 1.24594
 -0.00282284	 1.24601
 -0.00285107	 1.24608
 -0.00287958	 1.24616
 -0.00290837	 1.24623
 -0.00293746	 1.2463
 -0.00296683	 1.24637
 -0.0029965	 1.24645
 -0.00302646	 1.24652
 -0.00305673	 1.2466
 -0.0030873	 1.24667
 -0.00311817	 1.24675
 -0.00314935	 1.24682
 -0.00318084	 1.2469
 -0.00321265	 1.24698
 -0.00324478	 1.24706
 -0.00327723	 1.24714
 -0.00331	 1.24721
 -0.0033431	 1.24729
 -0.00337653	 1.24738
 -0.0034103	 1.24746
 -0.0034444	 1.24754
 -0.00347884	 1.24762
 -0.00351363	 1.2477
 -0.00354877	 1.24779
 -0.00358426	 1.24787
 -0.0036201	 1.24796
 -0.0036563	 1.24804
 -0.00369286	 1.24813
 -0.00372979	 1.24821
 -0.00376709	 1.2483
 -0.00380476	 1.24839
 -0.00384281	 1.24848
 -0.00388123	 1.24857
 -0.00392005	 1.24865
 -0.00395925	 1.24874
 -0.00399884	 1.24884
 -0.00403883	 1.24893
 -0.00407922	 1.24902
 -0.00412001	 1.24911
 -0.00416121	 1.24921
 -0.00420282	 1.2493
 -0.00424485	 1.24939
 -0.0042873	 1.24949
 -0.00433017	 1.24959
 -0.00437347	 1.24968
 -0.00441721	 1.24978
 -0.00446138	 1.24988
 -0.00450599	 1.24998
 -0.00455105	 1.25008
 -0.00459656	 1.25018
 -0.00464253	 1.25028
 -0.00468895	 1.25038
 -0.00473584	 1.25048
 -0.0047832	 1.25059
 -0.00483103	 1.25069
 -0.00487934	 1.25079
 -0.00492814	 1.2509
 -0.00497742	 1.25101
 -0.00502719	 1.25111
 -0.00507747	 1.25122
 -0.00512824	 1.25133
 -0.00517952	 1.25144
 -0.00523132	 1.25155
 -0.00528363	 1.25166
 -0.00533647	 1.25177
 -0.00538983	 1.25189
 -0.00544373	 1.252
 -0.00549817	 1.25211
 -0.00555315	 1.25223
 -0.00560868	 1.25235
 -0.00566477	 1.25246
 -0.00572142	 1.25258
 -0.00577863	 1.2527
 -0.00583642	 1.25282
 -0.00589478	 1.25294
 -0.00595373	 1.25306
 -0.00601327	 1.25319
 -0.0060734	 1.25331
 -0.00613413	 1.25344
 -0.00619547	 1.25356
 -0.00625743	 1.25369
 -0.00632	 1.25381
 -0.0063832	 1.25394
 -0.00644703	 1.25407
 -0.0065115	 1.2542
 -0.00657662	 1.25433
 -0.00664239	 1.25447
 -0.00670881	 1.2546
 -0.0067759	 1.25473
 -0.00684366	 1.25487
 -0.00691209	 1.255
 -0.00698121	 1.25514
 -0.00705103	 1.25528
 -0.00712154	 1.25541
 -0.00719275	 1.25555
 -0.00726468	 1.25569
 -0.00733733	 1.25583
 -0.0074107	 1.25598
 -0.00748481	 1.25612
 -0.00755965	 1.25626
 -0.00763525	 1.25641
 -0.0077116	 1.25655
 -0.00778872	 1.2567
 -0.00786661	 1.25684
 -0.00794527	 1.25699
 -0.00802473	 1.25714
 -0.00810497	 1.25728
 -0.00818602	 1.25743
 -0.00826788	 1.25758
 -0.00835056	 1.25773
 -0.00843407	 1.25788
 -0.00851841	 1.25803
 -0.00860359	 1.25819
 -0.00868963	 1.25834
 -0.00877652	 1.25849
 -0.00886429	 1.25865
 -0.00895293	 1.2588
 -0.00904246	 1.25895
 -0.00913289	 1.25911
 -0.00922422	 1.25926
 -0.00931646	 1.25942
 -0.00940962	 1.25958
 -0.00950372	 1.25973
 -0.00959876	 1.25989
 -0.00969474	 1.26005
 -0.00979169	 1.2602
 -0.00988961	 1.26036
 -0.0099885	 1.26052
 -0.0100884	 1.26068
 -0.0101893	 1.26084
 -0.0102912	 1.261
 -0.0103941	 1.26115
 -0.010498	 1.26131
 -0.010603	 1.26147
 -0.010709	 1.26163
 -0.0108161	 1.26179
 -0.0109243	 1.26195
 -0.0110335	 1.26211
 -0.0111439	 1.26227
 -0.0112553	 1.26243
 -0.0113678	 1.26259
 -0.0114815	 1.26275
 -0.0115963	 1.26291
 -0.0117123	 1.26307
 -0.0118294	 1.26323
 -0.0119477	 1.26339
 -0.0120672	 1.26355
 -0.0121879	 1.26371
 -0.0123098	 1.26387
 -0.0124328	 1.26403
 -0.0125572	 1.26419
 -0.0126827	 1.26435
 -0.0128096	 1.26451
 -0.0129377	 1.26467
 -0.013067	 1.26483
 -0.0131977	 1.26499
 -0.0133297	 1.26515
 -0.013463	 1.26531
 -0.0135976	 1.26546
 -0.0137336	 1.26547
 -0.0138709	 1.26525
 -0.0140096	 1.26502
 -0.0141497	 1.26479
 -0.0142912	 1.26455
 -0.0144342	 1.2643
 -0.0145785	 1.26405
 -0.0147243	 1.26379
 -0.0148715	 1.26352
 -0.0150202	 1.26325
 -0.0151704	 1.26297
 -0.0153221	 1.26269
 -0.0154754	 1.2624
 -0.0156301	 1.2621
 -0.0157864	 1.26179
 -0.0159443	 1.26148
 -0.0161037	 1.26116
 -0.0162648	 1.26083
 -0.0164274	 1.2605
 -0.0165917	 1.26016
 -0.0167576	 1.25981
 -0.0169252	 1.25945
 -0.0170944	 1.25909
 -0.0172654	 1.25872
 -0.017438	 1.25834
 -0.0176124	 1.25795
 -0.0177885	 1.25756
 -0.0179664	 1.25716
 -0.0181461	 1.25675
 -0.0183275	 1.25633
 -0.0185108	 1.25591
 -0.0186959	 1.25547
 -0.0188829	 1.25503
 -0.0190717	 1.25458
 -0.0192624	 1.25413
 -0.0194551	 1.25366
 -0.0196496	 1.25319
 -0.0198461	 1.2527
 -0.0200446	 1.25221
 -0.020245	 1.25171
 -0.0204475	 1.2512
 -0.0206519	 1.25068
 -0.0208585	 1.25016
 -0.021067	 1.24962
 -0.0212777	 1.24908
 -0.0214905	 1.24852
 -0.0217054	 1.24796
 -0.0219224	 1.24738
 -0.0221417	 1.2468
 -0.0223631	 1.2462
 -0.0225867	 1.2456
 -0.0228126	 1.24498
 -0.0230407	 1.24436
 -0.0232711	 1.24372
 -0.0235038	 1.24308
 -0.0237389	 1.24242
 -0.0239763	 1.24176
 -0.024216	 1.24108
 -0.0244582	 1.24039
 -0.0247028	 1.23969
 -0.0249498	 1.23898
 -0.0251993	 1.23826
 -0.0254513	 1.23752
 -0.0257058	 1.23678
 -0.0259628	 1.23602
 -0.0262225	 1.23525
 -0.0264847	 1.23447
 -0.0267495	 1.23368
 -0.027017	 1.23287
 -0.0272872	 1.23206
 -0.0275601	 1.23123
 -0.0278357	 1.23039
 -0.028114	 1.22953
 -0.0283952	 1.22867
 -0.0286791	 1.22779
 -0.0289659	 1.2269
 -0.0292556	 1.22599
 -0.0295481	 1.22507
 -0.0298436	 1.22414
 -0.0301421	 1.2232
 -0.0304435	 1.22224
 -0.0307479	 1.22127
 -0.0310554	 1.22029
 -0.0313659	 1.21929
 -0.0316796	 1.21827
 -0.0319964	 1.21725
 -0.0323164	 1.21621
 -0.0326395	 1.21515
 -0.0329659	 1.21408
 -0.0332956	 1.21299
 -0.0336285	 1.21189
 -0.0339648	 1.21078
 -0.0343045	 1.20964
 -0.0346475	 1.20849
 -0.034994	 1.20733
 -0.0353439	 1.20615
 -0.0356974	 1.20495
 -0.0360543	 1.20373
 -0.0364149	 1.2025
 -0.036779	 1.20124
 -0.0371468	 1.19997
 -0.0375183	 1.19868
 -0.0378935	 1.19737
 -0.0382724	 1.19604
 -0.0386551	 1.19469
 -0.0390417	 1.19333
 -0.0394321	 1.19194
 -0.0398264	 1.19052
 -0.0402247	 1.18909
 -0.0406269	 1.18764
 -0.0410332	 1.18616
 -0.0414435	 1.18466
 -0.041858	 1.18313
 -0.0422766	 1.18158
 -0.0426993	 1.18001
 -0.0431263	 1.17841
 -0.0435576	 1.17679
 -0.0439932	 1.17515
 -0.0444331	 1.17347
 -0.0448774	 1.17177
 -0.0453262	 1.17005
 -0.0457795	 1.16829
 -0.0462372	 1.16651
 -0.0466996	 1.1647
 -0.0471666	 1.16287
 -0.0476383	 1.161
 -0.0481147	 1.15911
 -0.0485958	 1.15719
 -0.0490818	 1.15523
 -0.0495726	 1.15325
 -0.0500683	 1.15124
 -0.050569	 1.1492
 -0.0510747	 1.14713
 -0.0515854	 1.14503
 -0.0521013	 1.1429
 -0.0526223	 1.14074
 -0.0531485	 1.13855
 -0.05368	 1.13633
 -0.0542168	 1.13407
 -0.054759	 1.13179
 -0.0553066	 1.12947
 -0.0558596	 1.12712
 -0.0564182	 1.12475
 -0.0569824	 1.12234
 -0.0575522	 1.11989
 -0.0581278	 1.11742
 -0.058709	 1.11491
 -0.0592961	 1.11238
 -0.0598891	 1.10981
 -0.060488	 1.1072
 -0.0610929	 1.10457
 -0.0617038	 1.1019
 -0.0623208	 1.0992
 -0.062944	 1.09646
 -0.0635735	 1.0937
 -0.0642092	 1.0909
 -0.0648513	 1.08806
 -0.0654998	 1.08519
 -0.0661548	 1.08229
 -0.0668164	 1.07935
 -0.0674845	 1.07637
 -0.0681594	 1.07336
 -0.068841	 1.07032
 -0.0695294	 1.06724
 -0.0702247	 1.06412
 -0.0709269	 1.06096
 -0.0716362	 1.05777
 -0.0723525	 1.05453
 -0.0730761	 1.05126
 -0.0738068	 1.04795
 -0.0745449	 1.0446
 -0.0752903	 1.04121
 -0.0760433	 1.03778
 -0.0768037	 1.0343
 -0.0775717	 1.03078
 -0.0783474	 1.02722
 -0.0791309	 1.02362
 -0.0799222	 1.01997
 -0.0807214	 1.01628
 -0.0815287	 1.01254
 -0.0823439	 1.00876
 -0.0831674	 1.00492
 -0.0839991	 1.00105
 -0.084839	 0.997117
 -0.0856874	 0.99314
 -0.0865443	 0.989113
 -0.0874098	 0.985036
 -0.0882839	 0.980907
 -0.0891667	 0.976727
 -0.0900584	 0.972495
 -0.0909589	 0.96821
 -0.0918685	 0.963872
 -0.0927872	 0.959479
 -0.0937151	 0.955032
 -0.0946522	 0.950531
 -0.0955988	 0.945975
 -0.0965548	 0.941363
 -0.0975203	 0.936697
 -0.0984955	 0.931977
 -0.0994805	 0.927228
 -0.100475	 0.922367
 -0.10148	 0.917409
 -0.102495	 0.912434
 -0.10352	 0.907401
 -0.104555	 0.902312
 -0.105601	 0.897165
 -0.106657	 0.89196
 -0.107723	 0.886696
 -0.1088	 0.881375
 -0.109888	 0.875994
 -0.110987	 0.870556
 -0.112097	 0.865058
 -0.113218	 0.859503
 -0.11435	 0.853889
 -0.115494	 0.848218
 -0.116649	 0.842489
 -0.117815	 0.836703
 -0.118993	 0.83086
 -0.120183	 0.82496
 -0.121385	 0.819005
 -0.122599	 0.812994
 -0.123825	 0.806928
 -0.125063	 0.800808
 -0.126314	 0.794634
 -0.127577	 0.788407
 -0.128853	 0.782128
 -0.130141	 0.775796
 -0.131443	 0.769413
 -0.132757	 0.76298
 -0.134085	 0.756497
 -0.135425	 0.749965
 -0.13678	 0.743384
 -0.138148	 0.736756
 -0.139529	 0.730081
 -0.140924	 0.723361
 -0.142334	 0.716595
 -0.143757	 0.709785
 -0.145194	 0.702931
 -0.146646	 0.696036
 -0.148113	 0.689098
 -0.149594	 0.682121
 -0.15109	 0.675104
 -0.152601	 0.668049
 -0.154127	 0.660956
 -0.155668	 0.653828
 -0.157225	 0.646665
 -0.158797	 0.639469
 -0.160385	 0.632241
 -0.161989	 0.624983
 -0.163609	 0.617697
 -0.165245	 0.610384
 -0.166897	 0.603046
 -0.168566	 0.595684
 -0.170252	 0.588302
 -0.171954	 0.580902
 -0.173674	 0.573485
 -0.175411	 0.566055
 -0.177165	 0.558613
 -0.178936	 0.551164
 -0.180726	 0.543709
 -0.182533	 0.536252
 -0.184358	 0.528797
 -0.186202	 0.521347
 -0.188064	 0.513904
 -0.189945	 0.506474
 -0.191844	 0.499061
 -0.193763	 0.491667
 -0.1957	 0.484297
 -0.197657	 0.476956
 -0.199634	 0.469649
 -0.20163	 0.462378
 -0.203646	 0.45515
 -0.205683	 0.447968
 -0.20774	 0.440837
 -0.209817	 0.433762
 -0.211915	 0.426748
 -0.214034	 0.4198
 -0.216175	 0.412921
 -0.218336	 0.406116
 -0.22052	 0.39939
 -0.222725	 0.392748
 -0.224952	 0.386194
 -0.227202	 0.379731
 -0.229474	 0.373364
 -0.231769	 0.367096
 -0.234086	 0.360932
 -0.236427	 0.354875
 -0.238791	 0.348928
 -0.241179	 0.343094
 -0.243591	 0.337376
 -0.246027	 0.331778
 -0.248487	 0.326301
 -0.250972	 0.320948
 -0.253482	 0.315721
 -0.256017	 0.310622
 -0.258577	 0.305652
 -0.261163	 0.300814
 -0.263774	 0.296108
 -0.266412	 0.291535
 -0.269076	 0.287097
 -0.271767	 0.282795
 -0.274485	 0.278628
 -0.277229	 0.274598
 -0.280002	 0.270705
 -0.282802	 0.266948
 -0.28563	 0.263329
 -0.288486	 0.259846
 -0.291371	 0.256499
 -0.294285	 0.253289
 -0.297227	 0.250214
 -0.3002	 0.247274
 -0.303202	 0.244468
 -0.306234	 0.241795
 -0.309296	 0.239255
 -0.312389	 0.236845
 -0.315513	 0.234565
 -0.318668	 0.232414
 -0.321855	 0.230389
 -0.325073	 0.22849
 -0.328324	 0.226714
 -0.331607	 0.22506
 -0.334923	 0.223525
 -0.338273	 0.222108
 -0.341655	 0.220807
 -0.345072	 0.219618
 -0.348523	 0.218539
 -0.352008	 0.217568
 -0.355528	 0.216702
 -0.359083	 0.215937
 -0.362674	 0.215271
 -0.366301	 0.2147
 -0.369964	 0.21422
 -0.373663	 0.213829
 -0.3774	 0.213522
 -0.381174	 0.213295
 -0.384986	 0.213145
 -0.388836	 0.213066
 -0.392724	 0.213054
 -0.396651	 0.213105
 -0.400618	 0.213214
 -0.404624	 0.213376
 -0.40867	 0.213586
 -0.412757	 0.213838
 -0.416884	 0.214128
 -0.421053	 0.21445
 -0.425264	 0.214798
 -0.429516	 0.215167
 -0.433812	 0.215551
 -0.43815	 0.215944
 -0.442531	 0.216341
 -0.446956	 0.216736
 -0.451426	 0.217123
 -0.45594	 0.217497
 -0.4605	 0.217851
 -0.465105	 0.21818
 -0.469756	 0.218478
 -0.474453	 0.218741
 -0.479198	 0.218962
 -0.48399	 0.219137
 -0.48883	 0.21926
 -0.493718	 0.219328
 -0.498655	 0.219334
 -0.503642	 0.219276
 -0.508678	 0.219149
 -0.513765	 0.218949
 -0.518903	 0.218672
 -0.524092	 0.218317
 -0.529333	 0.217879
 -0.534626	 0.217357
 -0.539972	 0.216748
 -0.545372	 0.216051
 -0.550826	 0.215263
 -0.556334	 0.214386
 -0.561897	 0.213417
 -0.567516	 0.212356
 -0.573191	 0.211204
 -0.578923	 0.209962
 -0.584712	 0.20863
 -0.59056	 0.20721
 -0.596465	 0.205704
 -0.60243	 0.204113
 -0.608454	 0.202441
 -0.614539	 0.200691
 -0.620684	 0.198864
 -0.626891	 0.196966
 -0.63316	 0.194999
 -0.639491	 0.192969
 -0.645886	 0.190879
 -0.652345	 0.188733
 -0.658869	 0.186538
 -0.665457	 0.184298
 -0.672112	 0.182017
 -0.678833	 0.179702
 -0.685621	 0.177357
 -0.692477	 0.174989
 -0.699402	 0.172602
 -0.706396	 0.170202
 -0.71346	 0.167796
 -0.720595	 0.165387
 -0.727801	 0.162983
 -0.735079	 0.160587
 -0.74243	 0.158206
 -0.749854	 0.155845
 -0.757352	 0.153508
 -0.764926	 0.151201
 -0.772575	 0.148928
 -0.780301	 0.146695
 -0.788104	 0.144504
 -0.795985	 0.142361
 -0.803945	 0.140269
 -0.811984	 0.138233
 -0.820104	 0.136255
 -0.828305	 0.13434
 -0.836588	 0.13249
 -0.844954	 0.130709
 -0.853404	 0.128998
 -0.861938	 0.127362
 -0.870557	 0.125802
 -0.879263	 0.124321
 -0.888055	 0.12292
 -0.896936	 0.121602
 -0.905905	 0.120368
 -0.914964	 0.119221
 -0.924114	 0.118161
 -0.933355	 0.117191
 -0.942689	 0.116311
 -0.952115	 0.115523
 -0.961637	 0.114828
 -0.971253	 0.114228
 -0.980966	 0.113723
 -0.990775	 0.113315
 -1.00068	 0.113005
 -1.01069	 0.112793
 -1.0208	 0.112681
 -1.031	 0.112671
 -1.04131	 0.112762
 -1.05173	 0.112957
 -1.06225	 0.113257
 -1.07287	 0.113663
 -1.0836	 0.114176
 -1.09443	 0.114798
 -1.10538	 0.115531
 -1.11643	 0.116375
 -1.12759	 0.117334
 -1.13887	 0.118408
 -1.15026	 0.1196
 -1.16176	 0.120911
 -1.17338	 0.122345
 -1.18511	 0.123904
 -1.19696	 0.125589
 -1.20893	 0.127404
 -1.22102	 0.129352
 -1.23323	 0.131435
 -1.24557	 0.133656
 -1.25802	 0.13602
 -1.2706	 0.138529
 -1.28331	 0.141186
 -1.29614	 0.143996
 -1.3091	 0.146962
 -1.32219	 0.150088
 -1.33542	 0.153378
 -1.34877	 0.156836
 -1.36226	 0.160466
 -1.37588	 0.164272
 -1.38964	 0.16826
 -1.40353	 0.172432
 -1.41757	 0.176793
 -1.43175	 0.181347
 -1.44606	 0.186098
 -1.46052	 0.19105
 -1.47513	 0.196206
 -1.48988	 0.20157
 -1.50478	 0.207145
 -1.51983	 0.212933
 -1.53503	 0.218937
 -1.55038	 0.225157
 -1.56588	 0.231594
 -1.58154	 0.238249
 -1.59735	 0.245121
 -1.61333	 0.252207
 -1.62946	 0.259505
 -1.64575	 0.267011
 -1.66221	 0.27472
 -1.67883	 0.282625
 -1.69562	 0.290718
 -1.71258	 0.298988
 -1.72971	 0.307426
 -1.747	 0.316018
 -1.76447	 0.324751
 -1.78212	 0.333608
 -1.79994	 0.342571
 -1.81794	 0.351623
 -1.83612	 0.360742
 -1.85448	 0.369906
 -1.87302	 0.379094
 -1.89175	 0.388279
 -1.91067	 0.397439
 -1.92978	 0.406546
 -1.94907	 0.415573
 -1.96857	 0.424495
 -1.98825	 0.433283
 -2.00813	 0.44191
 -2.02822	 0.450347
 -2.0485	 0.458568
 -2.06898	 0.466544
 -2.08967	 0.474248
 -2.11057	 0.481653
 -2.13167	 0.488734
 -2.15299	 0.495463
 -2.17452	 0.501814
 -2.19627	 0.507763
 -2.21823	 0.513284
 -2.24041	 0.518353
 -2.26282	 0.522946
 -2.28544	 0.52704
 -2.3083	 0.530611
 -2.33138	 0.533638
 -2.35469	 0.536097
 -2.37824	 0.537969
 -2.40202	 0.539228
 -2.42604	 0.539857
 -2.4503	 0.539834
 -2.47481	 0.539139
 -2.49956	 0.537754
 -2.52455	 0.535659
 -2.5498	 0.532837
 -2.5753	 0.529272
 -2.60105	 0.52495
 -2.62706	 0.519857
 -2.65333	 0.513982
 -2.67986	 0.507318
 -2.70666	 0.499861
 -2.73373	 0.491609
 -2.76106	 0.482566
 -2.78868	 0.472743
 -2.81656	 0.462155
 -2.84473	 0.450826
 -2.87318	 0.438786
 -2.90191	 0.426077
 -2.93093	 0.41275
 -2.96024	 0.398862
 -2.98984	 0.384486
 -3.01974	 0.369702
 -3.04993	 0.354597
 -3.08043	 0.339267
 -3.11124	 0.323815
 -3.14235	 0.308343
 -3.17377	 0.292954
 -3.20551	 0.27775
 -3.23757	 0.262819
 -3.26994	 0.248248
 -3.30264	 0.234111
 -3.33567	 0.220469
 -3.36902	 0.207368
 -3.40271	 0.194843
 -3.43674	 0.182917
 -3.47111	 0.171601
 -3.50582	 0.160897
 -3.54088	 0.150799
 -3.57629	 0.141293
 -3.61205	 0.132362
 -3.64817	 0.123984
 -3.68465	 0.116135
 -3.7215	 0.108788
 -3.75871	 0.101918
 -3.7963	 0.0954969
 -3.83426	 0.0894982
 -3.87261	 0.0838959
 -3.91133	 0.078665
 -3.95045	 0.0737814
 -3.98995	 0.0692224
 -4.02985	 0.0649664
 -4.07015	 0.0609931
 -4.11085	 0.0572835
 -4.15196	 0.0538197
 -4.19348	 0.0505853
 -4.23541	 0.0475646
 -4.27777	 0.0447434
 -4.32054	 0.0421081
 -4.36375	 0.0396463
 -4.40739	 0.0373465
 -4.45146	 0.0351979
 -4.49598	 0.0331905
 -4.54094	 0.0313151
 -4.58634	 0.029563
 -4.63221	 0.0279261
 -4.67853	 0.026397
 -4.72532	 0.0249688
 -4.77257	 0.0236349
 -4.82029	 0.0223893
 -4.8685	 0.0212263
 -4.91718	 0.0201408
 -4.96635	 0.0191276
 -5.01602	 0.0181823
 -5.06618	 0.0173004
 -5.11684	 0.0164779
 -5.16801	 0.015711
 -5.21969	 0.0149961
 -5.27188	 0.0143299
 -5.3246	 0.0137091
 -5.37785	 0.0131307
 -5.43163	 0.012592
 -5.48594	 0.0120903
 -5.5408	 0.0116229
 -5.59621	 0.0111877
 -5.65217	 0.0107823
 -5.7087	 0.0104045
 -5.76578	 0.0100524
 -5.82344	 0.00972403
 -5.88167	 0.00941761
 -5.94049	 0.00913142
 -5.9999	 0.00886384
 -6.0599	 0.00861333
 -6.12049	 0.00837844
 -6.1817	 0.00815782
 -6.24352	 0.00795015
 -6.30595	 0.00775423
 -6.36901	 0.00756891
 -6.4327	 0.00739311
 -6.49703	 0.00722583
 -6.562	 0.00706611
 -6.62762	 0.00691307
 -6.69389	 0.00676592
 -6.76083	 0.00662388
 -6.82844	 0.00648624
 -6.89673	 0.00635238
 -6.96569	 0.0062217
 -7.03535	 0.00609366
 -7.1057	 0.00596779
 -7.17676	 0.00584366
 -7.24853	 0.00572089
 -7.32101	 0.00559913
 -7.39422	 0.00547811
 -7.46817	 0.00535756
 -7.54285	 0.0052373
 -7.61828	 0.00511715
 -7.69446	 0.00499699
 -7.7714	 0.00487671
 -7.84912	 0.00475627
 -7.92761	 0.00463562
 -8.00689	 0.00451477
 -8.08695	 0.00439375
 -8.16782	 0.00427258
 -8.2495	 0.00415135
 -8.332	 0.00403014
 -8.41532	 0.00390904
 -8.49947	 0.00378818
 -8.58446	 0.00366769
 -8.67031	 0.00354768
 -8.75701	 0.00342832
 -8.84458	 0.00330975
 -8.93303	 0.00319212
 -9.02236	 0.00307558
 -9.11258	 0.00296028
 -9.20371	 0.00284639
 -9.29575	 0.00273404
 -9.3887	 0.00262338
 -9.48259	 0.00251454
 -9.57742	 0.00240767
 -9.67319	 0.00230287
 -9.76992	 0.00220028
 -9.86762	 0.00209998
 -9.9663	 0.00200209
 -10.066	 0.00190669
 -10.1666	 0.00181385
 -10.2683	 0.00172365
 -10.371	 0.00163613
 -10.4747	 0.00155135
 -10.5794	 0.00146935
 -10.6852	 0.00139014
 -10.7921	 0.00131375
 -10.9	 0.00124018
 -11.009	 0.00116944
 -11.1191	 0.0011015
 -11.2303	 0.00103636
 -11.3426	 0.000973994
 -11.456	 0.000914358
 -11.5706	 0.000857419
 -11.6863	 0.00080313
 -11.8031	 0.00075144
 -11.9212	 0.000702293
 -12.0404	 0.00065563
 -12.1608	 0.000611384
 -12.2824	 0.00056949
 -12.4052	 0.000529875
 -12.5293	 0.000492467
 -12.6546	 0.00045719
 -12.7811	 0.000423968
 -12.9089	 0.000392724
 -13.038	 0.000363379
 -13.1684	 0.000335855
 -13.3001	 0.000310072
 -13.4331	 0.000285953
 -13.5674	 0.00026342
 -13.7031	 0.000242397
 -13.8401	 0.000222808
 -13.9785	 0.00020458
 -14.1183	 0.00018764
 -14.2595	 0.000171917
 -14.4021	 0.000157343
 -14.5461	 0.000143852
 -14.6915	 0.000131379
 -14.8385	 0.000119862
 -14.9868	 0.000109241
 -15.1367	 9.946e-05
 -15.2881	 9.04631e-05
 -15.441	 8.21979e-05
 -15.5954	 7.46146e-05
 -15.7513	 6.76655e-05
 -15.9088	 6.13055e-05
 -16.0679	 5.54918e-05
 -16.2286	 5.0184e-05
 -16.3909	 4.53438e-05
 -16.5548	 4.09353e-05
 -16.7203	 3.69248e-05
 -16.8875	 3.32806e-05
 -17.0564	 2.99731e-05
 -17.227	 2.69745e-05
 -17.3993	 2.4259e-05
 -17.5733	 2.18026e-05
 -17.749	 1.95829e-05
 -17.9265	 1.75792e-05
 -18.1057	 1.57724e-05
 -18.2868	 1.41447e-05
 -18.4697	 1.26797e-05
 -18.6544	 1.13624e-05
 -18.8409	 1.01789e-05
 -19.0293	 9.11651e-06
 -19.2196	 8.16361e-06
 -19.4118	 7.30953e-06
 -19.6059	 6.54449e-06
 -19.802	 5.85954e-06
 -20	 5.25154e-06
