# 3-orbital orbitally-degenerate Hubbard-Kanamori model
# DMFT, semicircular DOS
# U/D=3.8 Jh/D=0.40 n=4
# density of states DOS(omega) on one orbital
# omega-Ef, DOS(omega)

 20	 7.54639e-08
 19.802	 8.71662e-08
 19.6059	 1.00604e-07
 19.4118	 1.16015e-07
 19.2196	 1.33675e-07
 19.0293	 1.53895e-07
 18.8409	 1.77022e-07
 18.6544	 2.03453e-07
 18.4697	 2.3363e-07
 18.2868	 2.68055e-07
 18.1057	 3.07287e-07
 17.9265	 3.51957e-07
 17.749	 4.0277e-07
 17.5733	 4.60518e-07
 17.3993	 5.26085e-07
 17.227	 6.00457e-07
 17.0564	 6.84736e-07
 16.8875	 7.80149e-07
 16.7203	 8.88061e-07
 16.5548	 1.00999e-06
 16.3909	 1.14762e-06
 16.2286	 1.30283e-06
 16.0679	 1.47767e-06
 15.9088	 1.67443e-06
 15.7513	 1.89564e-06
 15.5954	 2.14408e-06
 15.441	 2.42282e-06
 15.2881	 2.73523e-06
 15.1367	 3.08501e-06
 14.9868	 3.47622e-06
 14.8385	 3.91331e-06
 14.6915	 4.40114e-06
 14.5461	 4.94502e-06
 14.4021	 5.55073e-06
 14.2595	 6.2246e-06
 14.1183	 6.97345e-06
 13.9785	 7.80475e-06
 13.8401	 8.72654e-06
 13.7031	 9.74756e-06
 13.5674	 1.08772e-05
 13.4331	 1.21257e-05
 13.3001	 1.3504e-05
 13.1684	 1.50238e-05
 13.038	 1.66978e-05
 12.9089	 1.85395e-05
 12.7811	 2.05635e-05
 12.6546	 2.27852e-05
 12.5293	 2.52211e-05
 12.4052	 2.78888e-05
 12.2824	 3.08069e-05
 12.1608	 3.39953e-05
 12.0404	 3.74748e-05
 11.9212	 4.12675e-05
 11.8031	 4.53969e-05
 11.6863	 4.98873e-05
 11.5706	 5.47647e-05
 11.456	 6.00559e-05
 11.3426	 6.57892e-05
 11.2303	 7.1994e-05
 11.1191	 7.8701e-05
 11.009	 8.5942e-05
 10.9	 9.37499e-05
 10.7921	 0.000102159
 10.6852	 0.000111204
 10.5794	 0.000120922
 10.4747	 0.000131349
 10.371	 0.000142523
 10.2683	 0.000154484
 10.1666	 0.000167269
 10.066	 0.000180919
 9.9663	 0.000195475
 9.86762	 0.000210976
 9.76992	 0.000227463
 9.67319	 0.000244976
 9.57742	 0.000263555
 9.48259	 0.000283241
 9.3887	 0.000304072
 9.29575	 0.000326085
 9.20371	 0.000349319
 9.11258	 0.000373809
 9.02236	 0.000399589
 8.93303	 0.000426691
 8.84458	 0.000455146
 8.75701	 0.000484983
 8.67031	 0.000516225
 8.58446	 0.000548897
 8.49947	 0.000583019
 8.41532	 0.000618606
 8.332	 0.000655673
 8.2495	 0.000694229
 8.16782	 0.000734281
 8.08695	 0.00077583
 8.00689	 0.000818874
 7.92761	 0.000863408
 7.84912	 0.00090942
 7.7714	 0.000956898
 7.69446	 0.00100582
 7.61828	 0.00105617
 7.54285	 0.00110791
 7.46817	 0.00116101
 7.39422	 0.00121545
 7.32101	 0.00127118
 7.24853	 0.00132816
 7.17676	 0.00138634
 7.1057	 0.00144569
 7.03535	 0.00150614
 6.96569	 0.00156766
 6.89673	 0.00163019
 6.82844	 0.00169369
 6.76083	 0.0017581
 6.69389	 0.00182337
 6.62762	 0.00188947
 6.562	 0.00195635
 6.49703	 0.00202398
 6.4327	 0.00209233
 6.36901	 0.00216138
 6.30595	 0.00223112
 6.24352	 0.00230154
 6.1817	 0.00237266
 6.12049	 0.00244449
 6.0599	 0.00251709
 5.9999	 0.00259049
 5.94049	 0.00266478
 5.88167	 0.00274004
 5.82344	 0.0028164
 5.76578	 0.00289397
 5.7087	 0.00297294
 5.65217	 0.00305348
 5.59621	 0.00313582
 5.5408	 0.0032202
 5.48594	 0.00330689
 5.43163	 0.00339622
 5.37785	 0.00348853
 5.3246	 0.0035842
 5.27188	 0.00368367
 5.21969	 0.00378739
 5.16801	 0.00389587
 5.11684	 0.00400967
 5.06618	 0.00412938
 5.01602	 0.00425564
 4.96635	 0.00438916
 4.91718	 0.00453067
 4.8685	 0.00468096
 4.82029	 0.00484091
 4.77257	 0.00501139
 4.72532	 0.00519337
 4.67853	 0.00538789
 4.63221	 0.00559601
 4.58634	 0.00581888
 4.54094	 0.0060577
 4.49598	 0.00631376
 4.45146	 0.00658839
 4.40739	 0.006883
 4.36375	 0.00719907
 4.32054	 0.00753816
 4.27777	 0.0079019
 4.23541	 0.00829201
 4.19348	 0.00871028
 4.15196	 0.00915858
 4.11085	 0.0096389
 4.07015	 0.0101533
 4.02985	 0.0107039
 3.98995	 0.011293
 3.95045	 0.0119229
 3.91133	 0.0125961
 3.87261	 0.0133151
 3.83426	 0.0140828
 3.7963	 0.0149018
 3.75871	 0.0157751
 3.7215	 0.0167057
 3.68465	 0.017697
 3.64817	 0.0187521
 3.61205	 0.0198746
 3.57629	 0.0210682
 3.54088	 0.0223367
 3.50582	 0.0236839
 3.47111	 0.025114
 3.43674	 0.0266314
 3.40271	 0.0282404
 3.36902	 0.0299457
 3.33567	 0.0317522
 3.30264	 0.0336647
 3.26994	 0.0356885
 3.23757	 0.0378288
 3.20551	 0.0400911
 3.17377	 0.042481
 3.14235	 0.0450043
 3.11124	 0.0476667
 3.08043	 0.0504742
 3.04993	 0.0534328
 3.01974	 0.0565483
 2.98984	 0.0598268
 2.96024	 0.063274
 2.93093	 0.0668955
 2.90191	 0.0706968
 2.87318	 0.0746829
 2.84473	 0.0788583
 2.81656	 0.0832273
 2.78868	 0.087793
 2.76106	 0.0925581
 2.73373	 0.0975241
 2.70666	 0.102691
 2.67986	 0.108059
 2.65333	 0.113625
 2.62706	 0.119384
 2.60105	 0.125332
 2.5753	 0.131459
 2.5498	 0.137757
 2.52455	 0.144212
 2.49956	 0.150811
 2.47481	 0.157537
 2.4503	 0.164368
 2.42604	 0.171285
 2.40202	 0.178263
 2.37824	 0.185279
 2.35469	 0.192302
 2.33138	 0.199304
 2.3083	 0.206256
 2.28544	 0.213127
 2.26282	 0.219885
 2.24041	 0.2265
 2.21823	 0.232941
 2.19627	 0.239179
 2.17452	 0.245185
 2.15299	 0.250932
 2.13167	 0.256395
 2.11057	 0.261552
 2.08967	 0.266383
 2.06898	 0.270869
 2.0485	 0.274995
 2.02822	 0.278748
 2.00813	 0.282118
 1.98825	 0.285098
 1.96857	 0.287684
 1.94907	 0.289871
 1.92978	 0.291662
 1.91067	 0.293057
 1.89175	 0.294062
 1.87302	 0.294682
 1.85448	 0.294926
 1.83612	 0.294804
 1.81794	 0.294328
 1.79994	 0.293509
 1.78212	 0.292363
 1.76447	 0.290905
 1.747	 0.289149
 1.72971	 0.287115
 1.71258	 0.284818
 1.69562	 0.282276
 1.67883	 0.279509
 1.66221	 0.276535
 1.64575	 0.273371
 1.62946	 0.270038
 1.61333	 0.266552
 1.59735	 0.262933
 1.58154	 0.259198
 1.56588	 0.255364
 1.55038	 0.251449
 1.53503	 0.247468
 1.51983	 0.243436
 1.50478	 0.23937
 1.48988	 0.235282
 1.47513	 0.231186
 1.46052	 0.227094
 1.44606	 0.223017
 1.43175	 0.218967
 1.41757	 0.214954
 1.40353	 0.210985
 1.38964	 0.207069
 1.37588	 0.203214
 1.36226	 0.199425
 1.34877	 0.19571
 1.33542	 0.192071
 1.32219	 0.188514
 1.3091	 0.185043
 1.29614	 0.181659
 1.28331	 0.178366
 1.2706	 0.175165
 1.25802	 0.172057
 1.24557	 0.169043
 1.23323	 0.166123
 1.22102	 0.163296
 1.20893	 0.160563
 1.19696	 0.157921
 1.18511	 0.155371
 1.17338	 0.152909
 1.16176	 0.150535
 1.15026	 0.148245
 1.13887	 0.146038
 1.12759	 0.143911
 1.11643	 0.141861
 1.10538	 0.139885
 1.09443	 0.13798
 1.0836	 0.136143
 1.07287	 0.134371
 1.06225	 0.132661
 1.05173	 0.131009
 1.04131	 0.129412
 1.031	 0.127867
 1.0208	 0.126371
 1.01069	 0.12492
 1.00068	 0.123511
 0.990775	 0.122141
 0.980966	 0.120808
 0.971253	 0.119508
 0.961637	 0.11824
 0.952115	 0.116999
 0.942689	 0.115784
 0.933355	 0.114593
 0.924114	 0.113424
 0.914964	 0.112274
 0.905905	 0.111143
 0.896936	 0.110028
 0.888055	 0.108928
 0.879263	 0.107842
 0.870557	 0.10677
 0.861938	 0.105709
 0.853404	 0.104661
 0.844954	 0.103624
 0.836588	 0.102598
 0.828305	 0.101584
 0.820104	 0.10058
 0.811984	 0.0995888
 0.803945	 0.0986093
 0.795985	 0.0976425
 0.788104	 0.0966891
 0.780301	 0.0957499
 0.772575	 0.0948259
 0.764926	 0.0939181
 0.757352	 0.0930277
 0.749854	 0.0921559
 0.74243	 0.091304
 0.735079	 0.0904733
 0.727801	 0.0896653
 0.720595	 0.0888815
 0.71346	 0.0881232
 0.706396	 0.0873921
 0.699402	 0.0866896
 0.692477	 0.0860172
 0.685621	 0.0853766
 0.678833	 0.0847691
 0.672112	 0.0841964
 0.665457	 0.0836599
 0.658869	 0.0831612
 0.652345	 0.0827016
 0.645886	 0.0822826
 0.639491	 0.0819055
 0.63316	 0.0815717
 0.626891	 0.0812826
 0.620684	 0.0810393
 0.614539	 0.0808432
 0.608454	 0.0806953
 0.60243	 0.0805968
 0.596465	 0.0805489
 0.59056	 0.0805525
 0.584712	 0.0806087
 0.578923	 0.0807185
 0.573191	 0.0808826
 0.567516	 0.0811021
 0.561897	 0.0813777
 0.556334	 0.0817103
 0.550826	 0.0821006
 0.545372	 0.0825493
 0.539972	 0.0830571
 0.534626	 0.0836247
 0.529333	 0.0842526
 0.524092	 0.0849416
 0.518903	 0.0856922
 0.513765	 0.0865048
 0.508678	 0.0873801
 0.503642	 0.0883186
 0.498655	 0.0893208
 0.493718	 0.0903871
 0.48883	 0.091518
 0.48399	 0.0927139
 0.479198	 0.0939754
 0.474453	 0.0953029
 0.469756	 0.0966968
 0.465105	 0.0981575
 0.4605	 0.0996856
 0.45594	 0.101281
 0.451426	 0.102945
 0.446956	 0.104678
 0.442531	 0.106479
 0.43815	 0.10835
 0.433812	 0.110292
 0.429516	 0.112303
 0.425264	 0.114385
 0.421053	 0.116539
 0.416884	 0.118765
 0.412757	 0.121063
 0.40867	 0.123434
 0.404624	 0.125878
 0.400618	 0.128396
 0.396651	 0.130988
 0.392724	 0.133655
 0.388836	 0.136397
 0.384986	 0.139215
 0.381174	 0.14211
 0.3774	 0.145081
 0.373663	 0.148129
 0.369964	 0.151255
 0.366301	 0.154458
 0.362674	 0.15774
 0.359083	 0.161101
 0.355528	 0.16454
 0.352008	 0.168059
 0.348523	 0.171657
 0.345072	 0.175335
 0.341655	 0.179092
 0.338273	 0.182929
 0.334923	 0.186846
 0.331607	 0.190842
 0.328324	 0.194917
 0.325073	 0.199071
 0.321855	 0.203304
 0.318668	 0.207614
 0.315513	 0.212002
 0.312389	 0.216466
 0.309296	 0.221006
 0.306234	 0.22562
 0.303202	 0.230308
 0.3002	 0.235067
 0.297227	 0.239898
 0.294285	 0.244797
 0.291371	 0.249764
 0.288486	 0.254796
 0.28563	 0.259892
 0.282802	 0.265049
 0.280002	 0.270265
 0.277229	 0.275537
 0.274485	 0.280864
 0.271767	 0.286241
 0.269076	 0.291667
 0.266412	 0.297138
 0.263774	 0.302652
 0.261163	 0.308205
 0.258577	 0.313795
 0.256017	 0.319417
 0.253482	 0.325069
 0.250972	 0.330747
 0.248487	 0.336449
 0.246027	 0.342169
 0.243591	 0.347907
 0.241179	 0.353657
 0.238791	 0.359416
 0.236427	 0.365182
 0.234086	 0.370951
 0.231769	 0.376721
 0.229474	 0.382487
 0.227202	 0.388247
 0.224952	 0.393998
 0.222725	 0.399737
 0.22052	 0.405462
 0.218336	 0.411169
 0.216175	 0.416858
 0.214034	 0.422524
 0.211915	 0.428166
 0.209817	 0.433782
 0.20774	 0.43937
 0.205683	 0.444927
 0.203646	 0.450453
 0.20163	 0.455945
 0.199634	 0.461402
 0.197657	 0.466823
 0.1957	 0.472205
 0.193763	 0.477548
 0.191844	 0.482851
 0.189945	 0.488113
 0.188064	 0.493332
 0.186202	 0.498507
 0.184358	 0.503638
 0.182533	 0.508724
 0.180726	 0.513764
 0.178936	 0.518757
 0.177165	 0.523703
 0.175411	 0.528601
 0.173674	 0.53345
 0.171954	 0.53825
 0.170252	 0.543
 0.168566	 0.5477
 0.166897	 0.552349
 0.165245	 0.556946
 0.163609	 0.56149
 0.161989	 0.565983
 0.160385	 0.570422
 0.158797	 0.574807
 0.157225	 0.579137
 0.155668	 0.583413
 0.154127	 0.587633
 0.152601	 0.591797
 0.15109	 0.595904
 0.149594	 0.599954
 0.148113	 0.603946
 0.146646	 0.607878
 0.145194	 0.611752
 0.143757	 0.615565
 0.142334	 0.619318
 0.140924	 0.62301
 0.139529	 0.626639
 0.138148	 0.630206
 0.13678	 0.633709
 0.135425	 0.637148
 0.134085	 0.640523
 0.132757	 0.643832
 0.131443	 0.647076
 0.130141	 0.650253
 0.128853	 0.653363
 0.127577	 0.656406
 0.126314	 0.65938
 0.125063	 0.662287
 0.123825	 0.665124
 0.122599	 0.667892
 0.121385	 0.670591
 0.120183	 0.67322
 0.118993	 0.675779
 0.117815	 0.678268
 0.116649	 0.680686
 0.115494	 0.683035
 0.11435	 0.685313
 0.113218	 0.687521
 0.112097	 0.689659
 0.110987	 0.691727
 0.109888	 0.693726
 0.1088	 0.695656
 0.107723	 0.697517
 0.106657	 0.69931
 0.105601	 0.701035
 0.104555	 0.702694
 0.10352	 0.704285
 0.102495	 0.705811
 0.10148	 0.707272
 0.100475	 0.708654
 0.0994805	 0.709965
 0.0984955	 0.711255
 0.0975203	 0.712474
 0.0965548	 0.713635
 0.0955988	 0.714738
 0.0946522	 0.715784
 0.0937151	 0.716776
 0.0927872	 0.717715
 0.0918685	 0.718602
 0.0909589	 0.719438
 0.0900584	 0.720226
 0.0891667	 0.720967
 0.0882839	 0.721662
 0.0874098	 0.722314
 0.0865443	 0.722924
 0.0856874	 0.723494
 0.084839	 0.724026
 0.0839991	 0.724522
 0.0831674	 0.724982
 0.0823439	 0.725411
 0.0815287	 0.725808
 0.0807214	 0.726177
 0.0799222	 0.726519
 0.0791309	 0.726837
 0.0783474	 0.727131
 0.0775717	 0.727405
 0.0768037	 0.72766
 0.0760433	 0.727899
 0.0752903	 0.728123
 0.0745449	 0.728334
 0.0738068	 0.728535
 0.0730761	 0.728728
 0.0723525	 0.728914
 0.0716362	 0.729096
 0.0709269	 0.729276
 0.0702247	 0.729456
 0.0695294	 0.729638
 0.068841	 0.729824
 0.0681594	 0.730016
 0.0674845	 0.730216
 0.0668164	 0.730426
 0.0661548	 0.730648
 0.0654998	 0.730884
 0.0648513	 0.731136
 0.0642092	 0.731405
 0.0635735	 0.731694
 0.062944	 0.732005
 0.0623208	 0.732338
 0.0617038	 0.732697
 0.0610929	 0.733081
 0.060488	 0.733494
 0.0598891	 0.733937
 0.0592961	 0.73441
 0.058709	 0.734916
 0.0581278	 0.735455
 0.0575522	 0.73603
 0.0569824	 0.736641
 0.0564182	 0.737289
 0.0558596	 0.737976
 0.0553066	 0.738702
 0.054759	 0.739469
 0.0542168	 0.740276
 0.05368	 0.741125
 0.0531485	 0.742017
 0.0526223	 0.742952
 0.0521013	 0.74393
 0.0515854	 0.744953
 0.0510747	 0.74602
 0.050569	 0.747131
 0.0500683	 0.748287
 0.0495726	 0.749488
 0.0490818	 0.750734
 0.0485958	 0.752025
 0.0481147	 0.753361
 0.0476383	 0.754742
 0.0471666	 0.756167
 0.0466996	 0.757636
 0.0462372	 0.75915
 0.0457795	 0.760707
 0.0453262	 0.762308
 0.0448774	 0.763952
 0.0444331	 0.765638
 0.0439932	 0.767367
 0.0435576	 0.769137
 0.0431263	 0.770948
 0.0426993	 0.7728
 0.0422766	 0.774692
 0.041858	 0.776624
 0.0414435	 0.778594
 0.0410332	 0.780603
 0.0406269	 0.78265
 0.0402247	 0.784735
 0.0398264	 0.786856
 0.0394321	 0.789014
 0.0390417	 0.791208
 0.0386551	 0.793437
 0.0382724	 0.7957
 0.0378935	 0.797998
 0.0375183	 0.80033
 0.0371468	 0.802695
 0.036779	 0.805093
 0.0364149	 0.807523
 0.0360543	 0.809985
 0.0356974	 0.812478
 0.0353439	 0.815002
 0.034994	 0.817556
 0.0346475	 0.820141
 0.0343045	 0.822755
 0.0339648	 0.825398
 0.0336285	 0.828069
 0.0332956	 0.830768
 0.0329659	 0.833495
 0.0326395	 0.836249
 0.0323164	 0.839029
 0.0319964	 0.841835
 0.0316796	 0.844666
 0.0313659	 0.847522
 0.0310554	 0.850402
 0.0307479	 0.853305
 0.0304435	 0.856231
 0.0301421	 0.85918
 0.0298436	 0.86215
 0.0295481	 0.865141
 0.0292556	 0.868152
 0.0289659	 0.871182
 0.0286791	 0.87423
 0.0283952	 0.877297
 0.028114	 0.88038
 0.0278357	 0.88348
 0.0275601	 0.886595
 0.0272872	 0.889725
 0.027017	 0.892868
 0.0267495	 0.896023
 0.0264847	 0.899191
 0.0262225	 0.90237
 0.0259628	 0.905559
 0.0257058	 0.908757
 0.0254513	 0.911963
 0.0251993	 0.915177
 0.0249498	 0.918397
 0.0247028	 0.921622
 0.0244582	 0.924852
 0.024216	 0.928086
 0.0239763	 0.931323
 0.0237389	 0.934561
 0.0235038	 0.9378
 0.0232711	 0.94104
 0.0230407	 0.944279
 0.0228126	 0.947515
 0.0225867	 0.95075
 0.0223631	 0.95398
 0.0221417	 0.957207
 0.0219224	 0.960428
 0.0217054	 0.963644
 0.0214905	 0.966852
 0.0212777	 0.970053
 0.021067	 0.973245
 0.0208585	 0.976429
 0.0206519	 0.979602
 0.0204475	 0.982764
 0.020245	 0.985915
 0.0200446	 0.989053
 0.0198461	 0.992178
 0.0196496	 0.99529
 0.0194551	 0.998387
 0.0192624	 1.00147
 0.0190717	 1.00454
 0.0188829	 1.00758
 0.0186959	 1.01062
 0.0185108	 1.01363
 0.0183275	 1.01663
 0.0181461	 1.0196
 0.0179664	 1.02256
 0.0177885	 1.0255
 0.0176124	 1.02842
 0.017438	 1.03131
 0.0172654	 1.03418
 0.0170944	 1.03704
 0.0169252	 1.03986
 0.0167576	 1.04267
 0.0165917	 1.04545
 0.0164274	 1.04821
 0.0162648	 1.05094
 0.0161037	 1.05365
 0.0159443	 1.05633
 0.0157864	 1.05899
 0.0156301	 1.06162
 0.0154754	 1.06423
 0.0153221	 1.06681
 0.0151704	 1.06936
 0.0150202	 1.07189
 0.0148715	 1.07439
 0.0147243	 1.07687
 0.0145785	 1.07931
 0.0144342	 1.08173
 0.0142912	 1.08412
 0.0141497	 1.08649
 0.0140096	 1.08883
 0.0138709	 1.09114
 0.0137336	 1.09342
 0.0135976	 1.09567
 0.013463	 1.0979
 0.0133297	 1.1001
 0.0131977	 1.10228
 0.013067	 1.10442
 0.0129377	 1.10654
 0.0128096	 1.10863
 0.0126827	 1.1107
 0.0125572	 1.11274
 0.0124328	 1.11475
 0.0123098	 1.11673
 0.0121879	 1.11869
 0.0120672	 1.12063
 0.0119477	 1.12253
 0.0118294	 1.12441
 0.0117123	 1.12627
 0.0115963	 1.1281
 0.0114815	 1.12991
 0.0113678	 1.13169
 0.0112553	 1.13344
 0.0111439	 1.13517
 0.0110335	 1.13688
 0.0109243	 1.13856
 0.0108161	 1.14022
 0.010709	 1.14186
 0.010603	 1.14347
 0.010498	 1.14506
 0.0103941	 1.14662
 0.0102912	 1.14817
 0.0101893	 1.14969
 0.0100884	 1.15119
 0.0099885	 1.15266
 0.00988961	 1.15412
 0.00979169	 1.15555
 0.00969474	 1.15697
 0.00959876	 1.15836
 0.00950372	 1.15973
 0.00940962	 1.16109
 0.00931646	 1.16242
 0.00922422	 1.16373
 0.00913289	 1.16502
 0.00904246	 1.1663
 0.00895293	 1.16755
 0.00886429	 1.16879
 0.00877652	 1.17001
 0.00868963	 1.17121
 0.00860359	 1.17239
 0.00851841	 1.17355
 0.00843407	 1.1747
 0.00835056	 1.17583
 0.00826788	 1.17695
 0.00818602	 1.17805
 0.00810497	 1.17913
 0.00802473	 1.18019
 0.00794527	 1.18124
 0.00786661	 1.18228
 0.00778872	 1.1833
 0.0077116	 1.18431
 0.00763525	 1.1853
 0.00755965	 1.18627
 0.00748481	 1.18724
 0.0074107	 1.18818
 0.00733733	 1.18912
 0.00726468	 1.19004
 0.00719275	 1.19095
 0.00712154	 1.19185
 0.00705103	 1.19273
 0.00698121	 1.1936
 0.00691209	 1.19446
 0.00684366	 1.19531
 0.0067759	 1.19614
 0.00670881	 1.19696
 0.00664239	 1.19778
 0.00657662	 1.19858
 0.0065115	 1.19937
 0.00644703	 1.20014
 0.0063832	 1.20091
 0.00632	 1.20167
 0.00625743	 1.20234
 0.00619547	 1.20272
 0.00613413	 1.20309
 0.0060734	 1.20346
 0.00601327	 1.20383
 0.00595373	 1.20419
 0.00589478	 1.20455
 0.00583642	 1.20491
 0.00577863	 1.20526
 0.00572142	 1.2056
 0.00566477	 1.20594
 0.00560868	 1.20628
 0.00555315	 1.20661
 0.00549817	 1.20695
 0.00544373	 1.20727
 0.00538983	 1.20759
 0.00533647	 1.20791
 0.00528363	 1.20823
 0.00523132	 1.20854
 0.00517952	 1.20885
 0.00512824	 1.20915
 0.00507747	 1.20946
 0.00502719	 1.20975
 0.00497742	 1.21005
 0.00492814	 1.21034
 0.00487934	 1.21063
 0.00483103	 1.21091
 0.0047832	 1.21119
 0.00473584	 1.21147
 0.00468895	 1.21175
 0.00464253	 1.21202
 0.00459656	 1.21229
 0.00455105	 1.21256
 0.00450599	 1.21282
 0.00446138	 1.21308
 0.00441721	 1.21334
 0.00437347	 1.21359
 0.00433017	 1.21384
 0.0042873	 1.21409
 0.00424485	 1.21434
 0.00420282	 1.21458
 0.00416121	 1.21482
 0.00412001	 1.21506
 0.00407922	 1.2153
 0.00403883	 1.21553
 0.00399884	 1.21576
 0.00395925	 1.21599
 0.00392005	 1.21621
 0.00388123	 1.21644
 0.00384281	 1.21666
 0.00380476	 1.21687
 0.00376709	 1.21709
 0.00372979	 1.2173
 0.00369286	 1.21751
 0.0036563	 1.21772
 0.0036201	 1.21793
 0.00358426	 1.21813
 0.00354877	 1.21833
 0.00351363	 1.21853
 0.00347884	 1.21873
 0.0034444	 1.21892
 0.0034103	 1.21912
 0.00337653	 1.21931
 0.0033431	 1.2195
 0.00331	 1.21968
 0.00327723	 1.21987
 0.00324478	 1.22005
 0.00321265	 1.22023
 0.00318084	 1.22041
 0.00314935	 1.22058
 0.00311817	 1.22076
 0.0030873	 1.22093
 0.00305673	 1.2211
 0.00302646	 1.22127
 0.0029965	 1.22144
 0.00296683	 1.2216
 0.00293746	 1.22176
 0.00290837	 1.22192
 0.00287958	 1.22208
 0.00285107	 1.22224
 0.00282284	 1.2224
 0.00279489	 1.22255
 0.00276722	 1.2227
 0.00273982	 1.22285
 0.00271269	 1.223
 0.00268583	 1.22315
 0.00265924	 1.22329
 0.00263291	 1.22344
 0.00260684	 1.22358
 0.00258103	 1.22372
 0.00255548	 1.22386
 0.00253018	 1.224
 0.00250513	 1.22413
 0.00248032	 1.22427
 0.00245576	 1.2244
 0.00243145	 1.22453
 0.00240738	 1.22466
 0.00238354	 1.22479
 0.00235994	 1.22492
 0.00233658	 1.22504
 0.00231344	 1.22517
 0.00229054	 1.22529
 0.00226786	 1.22541
 0.0022454	 1.22553
 0.00222317	 1.22565
 0.00220116	 1.22577
 0.00217937	 1.22588
 0.00215779	 1.226
 0.00213642	 1.22611
 0.00211527	 1.22622
 0.00209433	 1.22633
 0.00207359	 1.22644
 0.00205306	 1.22655
 0.00203273	 1.22666
 0.00201261	 1.22677
 0.00199268	 1.22687
 0.00197295	 1.22697
 0.00195342	 1.22708
 0.00193408	 1.22718
 0.00191493	 1.22728
 0.00189597	 1.22738
 0.0018772	 1.22748
 0.00185861	 1.22757
 0.00184021	 1.22767
 0.00182199	 1.22776
 0.00180395	 1.22786
 0.00178609	 1.22795
 0.0017684	 1.22804
 0.00175089	 1.22813
 0.00173356	 1.22822
 0.0017164	 1.22831
 0.0016994	 1.2284
 0.00168258	 1.22849
 0.00166592	 1.22857
 0.00164942	 1.22866
 0.00163309	 1.22874
 0.00161692	 1.22882
 0.00160091	 1.22891
 0.00158506	 1.22899
 0.00156937	 1.22907
 0.00155383	 1.22915
 0.00153845	 1.22922
 0.00152321	 1.2293
 0.00150813	 1.22938
 0.0014932	 1.22945
 0.00147842	 1.22953
 0.00146378	 1.2296
 0.00144929	 1.22968
 0.00143494	 1.22975
 0.00142073	 1.22982
 0.00140666	 1.22989
 0.00139273	 1.22996
 0.00137895	 1.23003
 0.00136529	 1.2301
 0.00135177	 1.23017
 0.00133839	 1.23024
 0.00132514	 1.2303
 0.00131202	 1.23037
 0.00129903	 1.23044
 0.00128617	 1.2305
 0.00127343	 1.23056
 0.00126082	 1.23063
 0.00124834	 1.23069
 0.00123598	 1.23075
 0.00122374	 1.23081
 0.00121163	 1.23087
 0.00119963	 1.23093
 0.00118775	 1.23099
 0.00117599	 1.23105
 0.00116435	 1.23111
 0.00115282	 1.23117
 0.00114141	 1.23122
 0.00113011	 1.23128
 0.00111892	 1.23133
 0.00110784	 1.23139
 0.00109687	 1.23144
 0.00108601	 1.2315
 0.00107526	 1.23155
 0.00106461	 1.2316
 0.00105407	 1.23165
 0.00104363	 1.23171
 0.0010333	 1.23176
 0.00102307	 1.23181
 0.00101294	 1.23186
 0.00100291	 1.23191
 0.000992983	 1.23195
 0.000983151	 1.232
 0.000973417	 1.23205
 0.000963779	 1.2321
 0.000954237	 1.23214
 0.000944789	 1.23219
 0.000935435	 1.23224
 0.000926173	 1.23228
 0.000917003	 1.23233
 0.000907924	 1.23237
 0.000898934	 1.23241
 0.000890034	 1.23246
 0.000881222	 1.2325
 0.000872497	 1.23254
 0.000863858	 1.23259
 0.000855305	 1.23263
 0.000846837	 1.23267
 0.000838452	 1.23271
 0.000830151	 1.23275
 0.000821931	 1.23279
 0.000813794	 1.23283
 0.000805736	 1.23287
 0.000797759	 1.23291
 0.00078986	 1.23294
 0.00078204	 1.23298
 0.000774297	 1.23302
 0.00076663	 1.23306
 0.00075904	 1.23309
 0.000751525	 1.23313
 0.000744084	 1.23316
 0.000736717	 1.2332
 0.000729422	 1.23324
 0.0007222	 1.23327
 0.00071505	 1.2333
 0.00070797	 1.23334
 0.000700961	 1.23337
 0.00069402	 1.23341
 0.000687149	 1.23344
 0.000680345	 1.23347
 0.000673609	 1.2335
 0.00066694	 1.23354
 0.000660337	 1.23357
 0.000653799	 1.2336
 0.000647325	 1.23363
 0.000640916	 1.23366
 0.000634571	 1.23369
 0.000628288	 1.23372
 0.000622067	 1.23375
 0.000615908	 1.23378
 0.00060981	 1.23381
 0.000603772	 1.23384
 0.000597794	 1.23387
 0.000591875	 1.23389
 0.000586015	 1.23392
 0.000580213	 1.23395
 0.000574468	 1.23398
 0.000568781	 1.234
 0.000563149	 1.23403
 0.000557573	 1.23406
 0.000552053	 1.23408
 0.000546587	 1.23411
 0.000541175	 1.23414
 0.000535817	 1.23416
 0.000530512	 1.23419
 0.000525259	 1.23421
 0.000520059	 1.23424
 0.00051491	 1.23426
 0.000509812	 1.23428
 0.000504764	 1.23431
 0.000499766	 1.23433
 0.000494818	 1.23435
 0.000489919	 1.23438
 0.000485068	 1.2344
 0.000480266	 1.23442
 0.00047551	 1.23445
 0.000470802	 1.23447
 0.000466141	 1.23449
 0.000461526	 1.23451
 0.000456956	 1.23453
 0.000452432	 1.23455
 0.000447952	 1.23458
 0.000443517	 1.2346
 0.000439126	 1.23462
 0.000434778	 1.23464
 0.000430473	 1.23466
 0.000426211	 1.23468
 0.000421991	 1.2347
 0.000417813	 1.23472
 0.000413676	 1.23474
 0.000409581	 1.23476
 0.000405525	 1.23478
 0.00040151	 1.23479
 0.000397535	 1.23481
 0.000393599	 1.23483
 0.000389702	 1.23485
 0.000385844	 1.23487
 0.000382023	 1.23489
 0.000378241	 1.2349
 0.000374496	 1.23492
 0.000370788	 1.23494
 0.000367117	 1.23496
 0.000363482	 1.23497
 0.000359883	 1.23499
 0.00035632	 1.23501
 0.000352792	 1.23502
 0.000349299	 1.23504
 0.000345841	 1.23506
 0.000342417	 1.23507
 0.000339026	 1.23509
 0.00033567	 1.2351
 0.000332346	 1.23512
 0.000329056	 1.23513
 0.000325798	 1.23515
 0.000322572	 1.23516
 0.000319378	 1.23518
 0.000316216	 1.23519
 0.000313085	 1.23521
 0.000309985	 1.23522
 0.000306916	 1.23524
 0.000303877	 1.23525
 0.000300869	 1.23527
 0.00029789	 1.23528
 0.00029494	 1.23529
 0.00029202	 1.23531
 0.000289129	 1.23532
 0.000286266	 1.23533
 0.000283432	 1.23535
 0.000280626	 1.23536
 0.000277847	 1.23537
 0.000275096	 1.23539
 0.000272372	 1.2354
 0.000269676	 1.23541
 0.000267006	 1.23542
 0.000264362	 1.23544
 0.000261745	 1.23545
 0.000259153	 1.23546
 0.000256587	 1.23547
 0.000254047	 1.23548
 0.000251531	 1.23549
 0.000249041	 1.23551
 0.000246575	 1.23552
 0.000244134	 1.23553
 0.000241717	 1.23554
 0.000239323	 1.23555
 0.000236954	 1.23556
 0.000234608	 1.23557
 0.000232285	 1.23558
 0.000229985	 1.23559
 0.000227708	 1.23561
 0.000225454	 1.23562
 0.000223221	 1.23563
 0.000221011	 1.23564
 0.000218823	 1.23565
 0.000216656	 1.23566
 0.000214511	 1.23567
 0.000212387	 1.23568
 0.000210285	 1.23569
 0.000208203	 1.2357
 0.000206141	 1.23571
 0.0002041	 1.23571
 0.000202079	 1.23572
 0.000200079	 1.23573
 0.000198098	 1.23574
 0.000196136	 1.23575
 0.000194194	 1.23576
 0.000192272	 1.23577
 0.000190368	 1.23578
 0.000188483	 1.23579
 0.000186617	 1.2358
 0.000184769	 1.2358
 0.00018294	 1.23581
 0.000181129	 1.23582
 0.000179335	 1.23583
 0.00017756	 1.23584
 0.000175802	 1.23585
 0.000174061	 1.23585
 0.000172338	 1.23586
 0.000170631	 1.23587
 0.000168942	 1.23588
 0.000167269	 1.23588
 0.000165613	 1.23589
 0.000163973	 1.2359
 0.00016235	 1.23591
 0.000160742	 1.23591
 0.000159151	 1.23592
 0.000157575	 1.23593
 0.000156015	 1.23594
 0.00015447	 1.23594
 0.000152941	 1.23595
 0.000151427	 1.23596
 0.000149927	 1.23596
 0.000148443	 1.23597
 0.000146973	 1.23598
 0.000145518	 1.23598
 0.000144077	 1.23599
 0.000142651	 1.236
 0.000141238	 1.236
 0.00013984	 1.23601
 0.000138455	 1.23602
 0.000137084	 1.23602
 0.000135727	 1.23603
 0.000134383	 1.23604
 0.000133053	 1.23604
 0.000131736	 1.23605
 0.000130431	 1.23605
 0.00012914	 1.23606
 0.000127861	 1.23607
 0.000126595	 1.23607
 0.000125342	 1.23608
 0.000124101	 1.23608
 0.000122872	 1.23609
 0.000121656	 1.23609
 0.000120451	 1.2361
 0.000119258	 1.23611
 0.000118078	 1.23611
 0.000116909	 1.23612
 0.000115751	 1.23612
 0.000114605	 1.23613
 0.00011347	 1.23613
 0.000112347	 1.23614
 0.000111234	 1.23614
 0.000110133	 1.23615
 0.000109043	 1.23615
 0.000107963	 1.23616
 0.000106894	 1.23616
 0.000105836	 1.23617
 0.000104788	 1.23617
 0.00010375	 1.23618
 0.000102723	 1.23618
 0.000101706	 1.23619
 0.000100699	 1.23619
 9.97021e-05	 1.2362
 9.8715e-05	 1.2362
 9.77376e-05	 1.2362
 9.67699e-05	 1.23621
 9.58118e-05	 1.23621
 9.48631e-05	 1.23622
 9.39239e-05	 1.23622
 9.2994e-05	 1.23623
 9.20732e-05	 1.23623
 9.11616e-05	 1.23623
 9.0259e-05	 1.23624
 8.93654e-05	 1.23624
 8.84806e-05	 1.23625
 8.76045e-05	 1.23625
 8.67371e-05	 1.23625
 8.58784e-05	 1.23626
 8.50281e-05	 1.23626
 8.41862e-05	 1.23627
 8.33527e-05	 1.23627
 8.25274e-05	 1.23627
 8.17103e-05	 1.23628
 8.09013e-05	 1.23628
 8.01003e-05	 1.23629
 7.93072e-05	 1.23629
 7.8522e-05	 1.23629
 7.77446e-05	 1.2363
 7.69748e-05	 1.2363
 7.62127e-05	 1.2363
 7.54581e-05	 1.23631
 7.4711e-05	 1.23631
 7.39713e-05	 1.23631
 7.32389e-05	 1.23632
 7.25138e-05	 1.23632
 7.17958e-05	 1.23632
 7.10849e-05	 1.23633
 7.03811e-05	 1.23633
 6.96843e-05	 1.23633
 6.89944e-05	 1.23634
 6.83112e-05	 1.23634
 6.76349e-05	 1.23634
 6.69652e-05	 1.23635
 6.63022e-05	 1.23635
 6.56458e-05	 1.23635
 6.49958e-05	 1.23635
 6.43523e-05	 1.23636
 6.37151e-05	 1.23636
 6.30843e-05	 1.23636
 6.24597e-05	 1.23637
 6.18413e-05	 1.23637
 6.1229e-05	 1.23637
 6.06228e-05	 1.23637
 6.00225e-05	 1.23638
 5.94282e-05	 1.23638
 5.88398e-05	 1.23638
 5.82573e-05	 1.23639
 5.76805e-05	 1.23639
 5.71094e-05	 1.23639
 5.65439e-05	 1.23639
 5.59841e-05	 1.2364
 5.54298e-05	 1.2364
 5.4881e-05	 1.2364
 5.43376e-05	 1.2364
 5.37996e-05	 1.23641
 5.32669e-05	 1.23641
 5.27396e-05	 1.23641
 5.22174e-05	 1.23641
 5.17004e-05	 1.23642
 5.11885e-05	 1.23642
 5.06817e-05	 1.23642
 5.01799e-05	 1.23642
 4.9683e-05	 1.23642
 4.91911e-05	 1.23643
 4.87041e-05	 1.23643
 4.82219e-05	 1.23643
 4.77444e-05	 1.23643
 4.72717e-05	 1.23644
 4.68037e-05	 1.23644
 4.63403e-05	 1.23644
 4.58815e-05	 1.23644
 4.54272e-05	 1.23644
 4.49774e-05	 1.23645
 4.45321e-05	 1.23645
 4.40912e-05	 1.23645
 4.36546e-05	 1.23645
 4.32224e-05	 1.23645
 4.27945e-05	 1.23646
 4.23708e-05	 1.23646
 4.19512e-05	 1.23646
 4.15359e-05	 1.23646
 4.11246e-05	 1.23646
 4.07175e-05	 1.23647
 4.03143e-05	 1.23647
 3.99152e-05	 1.23647
 3.952e-05	 1.23647
 3.91287e-05	 1.23647
 3.87413e-05	 1.23647
 3.83577e-05	 1.23648
 3.79779e-05	 1.23648
 3.76019e-05	 1.23648
 3.72296e-05	 1.23648
 3.6861e-05	 1.23648
 3.6496e-05	 1.23648
 3.61347e-05	 1.23649
 3.57769e-05	 1.23649
 3.54227e-05	 1.23649
 3.5072e-05	 1.23649
 3.47247e-05	 1.23649
 3.43809e-05	 1.23649
 3.40405e-05	 1.2365
 3.37035e-05	 1.2365
 3.33698e-05	 1.2365
 3.30394e-05	 1.2365
 3.27123e-05	 1.2365
 3.23884e-05	 1.2365
 3.20677e-05	 1.2365
 3.17502e-05	 1.23651
 3.14358e-05	 1.23651
 3.11246e-05	 1.23651
 3.08164e-05	 1.23651
 3.05113e-05	 1.23651
 3.02092e-05	 1.23651
 2.99101e-05	 1.23651
 2.9614e-05	 1.23652
 2.93208e-05	 1.23652
 2.90305e-05	 1.23652
 2.8743e-05	 1.23652
 2.84585e-05	 1.23652
 2.81767e-05	 1.23652
 2.78977e-05	 1.23652
 2.76215e-05	 1.23652
 2.7348e-05	 1.23653
 2.70772e-05	 1.23653
 2.68091e-05	 1.23653
 2.65437e-05	 1.23653
 2.62809e-05	 1.23653
 2.60207e-05	 1.23653
 2.57631e-05	 1.23653
 2.5508e-05	 1.23653
 2.52554e-05	 1.23654
 2.50054e-05	 1.23654
 2.47578e-05	 1.23654
 2.45127e-05	 1.23654
 2.427e-05	 1.23654
 2.40297e-05	 1.23654
 2.37918e-05	 1.23654
 2.35562e-05	 1.23654
 2.3323e-05	 1.23654
 2.3092e-05	 1.23655
 2.28634e-05	 1.23655
 2.2637e-05	 1.23655
 2.24129e-05	 1.23655
 2.2191e-05	 1.23655
 2.19713e-05	 1.23655
 2.17538e-05	 1.23655
 2.15384e-05	 1.23655
 2.13251e-05	 1.23655
 2.1114e-05	 1.23655
 2.09049e-05	 1.23656
 2.06979e-05	 1.23656
 2.0493e-05	 1.23656
 2.02901e-05	 1.23656
 2.00892e-05	 1.23656
 1.98903e-05	 1.23656
 1.96934e-05	 1.23656
 1.94984e-05	 1.23656
 1.93054e-05	 1.23656
 1.91142e-05	 1.23656
 1.8925e-05	 1.23656
 1.87376e-05	 1.23657
 1.85521e-05	 1.23657
 1.83684e-05	 1.23657
 1.81865e-05	 1.23657
 1.80064e-05	 1.23657
 1.78282e-05	 1.23657
 1.76517e-05	 1.23657
 1.74769e-05	 1.23657
 1.73038e-05	 1.23657
 1.71325e-05	 1.23657
 1.69629e-05	 1.23657
 1.67949e-05	 1.23657
 1.66287e-05	 1.23657
 1.6464e-05	 1.23658
 1.6301e-05	 1.23658
 1.61396e-05	 1.23658
 1.59798e-05	 1.23658
 1.58216e-05	 1.23658
 1.56649e-05	 1.23658
 1.55098e-05	 1.23658
 1.53563e-05	 1.23658
 1.52042e-05	 1.23658
 1.50537e-05	 1.23658
 1.49047e-05	 1.23658
 1.47571e-05	 1.23658
 1.4611e-05	 1.23658
 1.44663e-05	 1.23658
 1.43231e-05	 1.23659
 1.41813e-05	 1.23659
 1.40409e-05	 1.23659
 1.39018e-05	 1.23659
 1.37642e-05	 1.23659
 1.36279e-05	 1.23659
 1.3493e-05	 1.23659
 1.33594e-05	 1.23659
 1.32271e-05	 1.23659
 1.30962e-05	 1.23659
 1.29665e-05	 1.23659
 1.28381e-05	 1.23659
 1.2711e-05	 1.23659
 1.25852e-05	 1.23659
 1.24606e-05	 1.23659
 1.23372e-05	 1.23659
 1.2215e-05	 1.2366
 1.20941e-05	 1.2366
 1.19743e-05	 1.2366
 1.18558e-05	 1.2366
 1.17384e-05	 1.2366
 1.16222e-05	 1.2366
 1.15071e-05	 1.2366
 1.13932e-05	 1.2366
 1.12804e-05	 1.2366
 1.11687e-05	 1.2366
 1.10581e-05	 1.2366
 1.09486e-05	 1.2366
 1.08402e-05	 1.2366
 1.07329e-05	 1.2366
 1.06266e-05	 1.2366
 1.05214e-05	 1.2366
 1.04172e-05	 1.2366
 1.03141e-05	 1.2366
 1.0212e-05	 1.2366
 1.01109e-05	 1.2366
 1.00108e-05	 1.23661
 -1.00108e-05	 1.2367
 -1.01109e-05	 1.2367
 -1.0212e-05	 1.2367
 -1.03141e-05	 1.2367
 -1.04172e-05	 1.2367
 -1.05214e-05	 1.2367
 -1.06266e-05	 1.2367
 -1.07329e-05	 1.2367
 -1.08402e-05	 1.2367
 -1.09486e-05	 1.2367
 -1.10581e-05	 1.2367
 -1.11687e-05	 1.2367
 -1.12804e-05	 1.2367
 -1.13932e-05	 1.2367
 -1.15071e-05	 1.2367
 -1.16222e-05	 1.2367
 -1.17384e-05	 1.2367
 -1.18558e-05	 1.2367
 -1.19743e-05	 1.23671
 -1.20941e-05	 1.23671
 -1.2215e-05	 1.23671
 -1.23372e-05	 1.23671
 -1.24606e-05	 1.23671
 -1.25852e-05	 1.23671
 -1.2711e-05	 1.23671
 -1.28381e-05	 1.23671
 -1.29665e-05	 1.23671
 -1.30962e-05	 1.23671
 -1.32271e-05	 1.23671
 -1.33594e-05	 1.23671
 -1.3493e-05	 1.23671
 -1.36279e-05	 1.23671
 -1.37642e-05	 1.23671
 -1.39018e-05	 1.23671
 -1.40409e-05	 1.23671
 -1.41813e-05	 1.23672
 -1.43231e-05	 1.23672
 -1.44663e-05	 1.23672
 -1.4611e-05	 1.23672
 -1.47571e-05	 1.23672
 -1.49047e-05	 1.23672
 -1.50537e-05	 1.23672
 -1.52042e-05	 1.23672
 -1.53563e-05	 1.23672
 -1.55098e-05	 1.23672
 -1.56649e-05	 1.23672
 -1.58216e-05	 1.23672
 -1.59798e-05	 1.23672
 -1.61396e-05	 1.23672
 -1.6301e-05	 1.23672
 -1.6464e-05	 1.23673
 -1.66287e-05	 1.23673
 -1.67949e-05	 1.23673
 -1.69629e-05	 1.23673
 -1.71325e-05	 1.23673
 -1.73038e-05	 1.23673
 -1.74769e-05	 1.23673
 -1.76517e-05	 1.23673
 -1.78282e-05	 1.23673
 -1.80064e-05	 1.23673
 -1.81865e-05	 1.23673
 -1.83684e-05	 1.23673
 -1.85521e-05	 1.23674
 -1.87376e-05	 1.23674
 -1.8925e-05	 1.23674
 -1.91142e-05	 1.23674
 -1.93054e-05	 1.23674
 -1.94984e-05	 1.23674
 -1.96934e-05	 1.23674
 -1.98903e-05	 1.23674
 -2.00892e-05	 1.23674
 -2.02901e-05	 1.23674
 -2.0493e-05	 1.23674
 -2.06979e-05	 1.23674
 -2.09049e-05	 1.23675
 -2.1114e-05	 1.23675
 -2.13251e-05	 1.23675
 -2.15384e-05	 1.23675
 -2.17538e-05	 1.23675
 -2.19713e-05	 1.23675
 -2.2191e-05	 1.23675
 -2.24129e-05	 1.23675
 -2.2637e-05	 1.23675
 -2.28634e-05	 1.23675
 -2.3092e-05	 1.23676
 -2.3323e-05	 1.23676
 -2.35562e-05	 1.23676
 -2.37918e-05	 1.23676
 -2.40297e-05	 1.23676
 -2.427e-05	 1.23676
 -2.45127e-05	 1.23676
 -2.47578e-05	 1.23676
 -2.50054e-05	 1.23676
 -2.52554e-05	 1.23677
 -2.5508e-05	 1.23677
 -2.57631e-05	 1.23677
 -2.60207e-05	 1.23677
 -2.62809e-05	 1.23677
 -2.65437e-05	 1.23677
 -2.68091e-05	 1.23677
 -2.70772e-05	 1.23677
 -2.7348e-05	 1.23677
 -2.76215e-05	 1.23678
 -2.78977e-05	 1.23678
 -2.81767e-05	 1.23678
 -2.84585e-05	 1.23678
 -2.8743e-05	 1.23678
 -2.90305e-05	 1.23678
 -2.93208e-05	 1.23678
 -2.9614e-05	 1.23679
 -2.99101e-05	 1.23679
 -3.02092e-05	 1.23679
 -3.05113e-05	 1.23679
 -3.08164e-05	 1.23679
 -3.11246e-05	 1.23679
 -3.14358e-05	 1.23679
 -3.17502e-05	 1.23679
 -3.20677e-05	 1.2368
 -3.23884e-05	 1.2368
 -3.27123e-05	 1.2368
 -3.30394e-05	 1.2368
 -3.33698e-05	 1.2368
 -3.37035e-05	 1.2368
 -3.40405e-05	 1.23681
 -3.43809e-05	 1.23681
 -3.47247e-05	 1.23681
 -3.5072e-05	 1.23681
 -3.54227e-05	 1.23681
 -3.57769e-05	 1.23681
 -3.61347e-05	 1.23681
 -3.6496e-05	 1.23682
 -3.6861e-05	 1.23682
 -3.72296e-05	 1.23682
 -3.76019e-05	 1.23682
 -3.79779e-05	 1.23682
 -3.83577e-05	 1.23682
 -3.87413e-05	 1.23683
 -3.91287e-05	 1.23683
 -3.952e-05	 1.23683
 -3.99152e-05	 1.23683
 -4.03143e-05	 1.23683
 -4.07175e-05	 1.23684
 -4.11246e-05	 1.23684
 -4.15359e-05	 1.23684
 -4.19512e-05	 1.23684
 -4.23708e-05	 1.23684
 -4.27945e-05	 1.23685
 -4.32224e-05	 1.23685
 -4.36546e-05	 1.23685
 -4.40912e-05	 1.23685
 -4.45321e-05	 1.23685
 -4.49774e-05	 1.23685
 -4.54272e-05	 1.23686
 -4.58815e-05	 1.23686
 -4.63403e-05	 1.23686
 -4.68037e-05	 1.23686
 -4.72717e-05	 1.23687
 -4.77444e-05	 1.23687
 -4.82219e-05	 1.23687
 -4.87041e-05	 1.23687
 -4.91911e-05	 1.23687
 -4.9683e-05	 1.23688
 -5.01799e-05	 1.23688
 -5.06817e-05	 1.23688
 -5.11885e-05	 1.23688
 -5.17004e-05	 1.23689
 -5.22174e-05	 1.23689
 -5.27396e-05	 1.23689
 -5.32669e-05	 1.23689
 -5.37996e-05	 1.23689
 -5.43376e-05	 1.2369
 -5.4881e-05	 1.2369
 -5.54298e-05	 1.2369
 -5.59841e-05	 1.2369
 -5.65439e-05	 1.23691
 -5.71094e-05	 1.23691
 -5.76805e-05	 1.23691
 -5.82573e-05	 1.23692
 -5.88398e-05	 1.23692
 -5.94282e-05	 1.23692
 -6.00225e-05	 1.23692
 -6.06228e-05	 1.23693
 -6.1229e-05	 1.23693
 -6.18413e-05	 1.23693
 -6.24597e-05	 1.23693
 -6.30843e-05	 1.23694
 -6.37151e-05	 1.23694
 -6.43523e-05	 1.23694
 -6.49958e-05	 1.23695
 -6.56458e-05	 1.23695
 -6.63022e-05	 1.23695
 -6.69652e-05	 1.23695
 -6.76349e-05	 1.23696
 -6.83112e-05	 1.23696
 -6.89944e-05	 1.23696
 -6.96843e-05	 1.23697
 -7.03811e-05	 1.23697
 -7.10849e-05	 1.23697
 -7.17958e-05	 1.23698
 -7.25138e-05	 1.23698
 -7.32389e-05	 1.23698
 -7.39713e-05	 1.23699
 -7.4711e-05	 1.23699
 -7.54581e-05	 1.23699
 -7.62127e-05	 1.237
 -7.69748e-05	 1.237
 -7.77446e-05	 1.237
 -7.8522e-05	 1.23701
 -7.93072e-05	 1.23701
 -8.01003e-05	 1.23701
 -8.09013e-05	 1.23702
 -8.17103e-05	 1.23702
 -8.25274e-05	 1.23702
 -8.33527e-05	 1.23703
 -8.41862e-05	 1.23703
 -8.50281e-05	 1.23704
 -8.58784e-05	 1.23704
 -8.67371e-05	 1.23704
 -8.76045e-05	 1.23705
 -8.84806e-05	 1.23705
 -8.93654e-05	 1.23706
 -9.0259e-05	 1.23706
 -9.11616e-05	 1.23706
 -9.20732e-05	 1.23707
 -9.2994e-05	 1.23707
 -9.39239e-05	 1.23708
 -9.48631e-05	 1.23708
 -9.58118e-05	 1.23708
 -9.67699e-05	 1.23709
 -9.77376e-05	 1.23709
 -9.8715e-05	 1.2371
 -9.97021e-05	 1.2371
 -0.000100699	 1.23711
 -0.000101706	 1.23711
 -0.000102723	 1.23712
 -0.00010375	 1.23712
 -0.000104788	 1.23713
 -0.000105836	 1.23713
 -0.000106894	 1.23713
 -0.000107963	 1.23714
 -0.000109043	 1.23714
 -0.000110133	 1.23715
 -0.000111234	 1.23715
 -0.000112347	 1.23716
 -0.00011347	 1.23716
 -0.000114605	 1.23717
 -0.000115751	 1.23717
 -0.000116909	 1.23718
 -0.000118078	 1.23719
 -0.000119258	 1.23719
 -0.000120451	 1.2372
 -0.000121656	 1.2372
 -0.000122872	 1.23721
 -0.000124101	 1.23721
 -0.000125342	 1.23722
 -0.000126595	 1.23722
 -0.000127861	 1.23723
 -0.00012914	 1.23724
 -0.000130431	 1.23724
 -0.000131736	 1.23725
 -0.000133053	 1.23725
 -0.000134383	 1.23726
 -0.000135727	 1.23726
 -0.000137084	 1.23727
 -0.000138455	 1.23728
 -0.00013984	 1.23728
 -0.000141238	 1.23729
 -0.000142651	 1.2373
 -0.000144077	 1.2373
 -0.000145518	 1.23731
 -0.000146973	 1.23732
 -0.000148443	 1.23732
 -0.000149927	 1.23733
 -0.000151427	 1.23734
 -0.000152941	 1.23734
 -0.00015447	 1.23735
 -0.000156015	 1.23736
 -0.000157575	 1.23736
 -0.000159151	 1.23737
 -0.000160742	 1.23738
 -0.00016235	 1.23738
 -0.000163973	 1.23739
 -0.000165613	 1.2374
 -0.000167269	 1.23741
 -0.000168942	 1.23741
 -0.000170631	 1.23742
 -0.000172338	 1.23743
 -0.000174061	 1.23744
 -0.000175802	 1.23744
 -0.00017756	 1.23745
 -0.000179335	 1.23746
 -0.000181129	 1.23747
 -0.00018294	 1.23748
 -0.000184769	 1.23748
 -0.000186617	 1.23749
 -0.000188483	 1.2375
 -0.000190368	 1.23751
 -0.000192272	 1.23752
 -0.000194194	 1.23753
 -0.000196136	 1.23754
 -0.000198098	 1.23754
 -0.000200079	 1.23755
 -0.000202079	 1.23756
 -0.0002041	 1.23757
 -0.000206141	 1.23758
 -0.000208203	 1.23759
 -0.000210285	 1.2376
 -0.000212387	 1.23761
 -0.000214511	 1.23762
 -0.000216656	 1.23763
 -0.000218823	 1.23764
 -0.000221011	 1.23765
 -0.000223221	 1.23766
 -0.000225454	 1.23767
 -0.000227708	 1.23768
 -0.000229985	 1.23769
 -0.000232285	 1.2377
 -0.000234608	 1.23771
 -0.000236954	 1.23772
 -0.000239323	 1.23773
 -0.000241717	 1.23774
 -0.000244134	 1.23775
 -0.000246575	 1.23776
 -0.000249041	 1.23777
 -0.000251531	 1.23778
 -0.000254047	 1.23779
 -0.000256587	 1.23781
 -0.000259153	 1.23782
 -0.000261745	 1.23783
 -0.000264362	 1.23784
 -0.000267006	 1.23785
 -0.000269676	 1.23786
 -0.000272372	 1.23788
 -0.000275096	 1.23789
 -0.000277847	 1.2379
 -0.000280626	 1.23791
 -0.000283432	 1.23793
 -0.000286266	 1.23794
 -0.000289129	 1.23795
 -0.00029202	 1.23796
 -0.00029494	 1.23798
 -0.00029789	 1.23799
 -0.000300869	 1.238
 -0.000303877	 1.23802
 -0.000306916	 1.23803
 -0.000309985	 1.23804
 -0.000313085	 1.23806
 -0.000316216	 1.23807
 -0.000319378	 1.23808
 -0.000322572	 1.2381
 -0.000325798	 1.23811
 -0.000329056	 1.23813
 -0.000332346	 1.23814
 -0.00033567	 1.23816
 -0.000339026	 1.23817
 -0.000342417	 1.23819
 -0.000345841	 1.2382
 -0.000349299	 1.23822
 -0.000352792	 1.23823
 -0.00035632	 1.23825
 -0.000359883	 1.23826
 -0.000363482	 1.23828
 -0.000367117	 1.2383
 -0.000370788	 1.23831
 -0.000374496	 1.23833
 -0.000378241	 1.23834
 -0.000382023	 1.23836
 -0.000385844	 1.23838
 -0.000389702	 1.2384
 -0.000393599	 1.23841
 -0.000397535	 1.23843
 -0.00040151	 1.23845
 -0.000405525	 1.23846
 -0.000409581	 1.23848
 -0.000413676	 1.2385
 -0.000417813	 1.23852
 -0.000421991	 1.23854
 -0.000426211	 1.23856
 -0.000430473	 1.23857
 -0.000434778	 1.23859
 -0.000439126	 1.23861
 -0.000443517	 1.23863
 -0.000447952	 1.23865
 -0.000452432	 1.23867
 -0.000456956	 1.23869
 -0.000461526	 1.23871
 -0.000466141	 1.23873
 -0.000470802	 1.23875
 -0.00047551	 1.23877
 -0.000480266	 1.23879
 -0.000485068	 1.23881
 -0.000489919	 1.23883
 -0.000494818	 1.23886
 -0.000499766	 1.23888
 -0.000504764	 1.2389
 -0.000509812	 1.23892
 -0.00051491	 1.23894
 -0.000520059	 1.23897
 -0.000525259	 1.23899
 -0.000530512	 1.23901
 -0.000535817	 1.23903
 -0.000541175	 1.23906
 -0.000546587	 1.23908
 -0.000552053	 1.23911
 -0.000557573	 1.23913
 -0.000563149	 1.23915
 -0.000568781	 1.23918
 -0.000574468	 1.2392
 -0.000580213	 1.23923
 -0.000586015	 1.23925
 -0.000591875	 1.23928
 -0.000597794	 1.2393
 -0.000603772	 1.23933
 -0.00060981	 1.23936
 -0.000615908	 1.23938
 -0.000622067	 1.23941
 -0.000628288	 1.23943
 -0.000634571	 1.23946
 -0.000640916	 1.23949
 -0.000647325	 1.23952
 -0.000653799	 1.23954
 -0.000660337	 1.23957
 -0.00066694	 1.2396
 -0.000673609	 1.23963
 -0.000680345	 1.23966
 -0.000687149	 1.23969
 -0.00069402	 1.23972
 -0.000700961	 1.23975
 -0.00070797	 1.23978
 -0.00071505	 1.23981
 -0.0007222	 1.23984
 -0.000729422	 1.23987
 -0.000736717	 1.2399
 -0.000744084	 1.23993
 -0.000751525	 1.23996
 -0.00075904	 1.24
 -0.00076663	 1.24003
 -0.000774297	 1.24006
 -0.00078204	 1.24009
 -0.00078986	 1.24013
 -0.000797759	 1.24016
 -0.000805736	 1.24019
 -0.000813794	 1.24023
 -0.000821931	 1.24026
 -0.000830151	 1.2403
 -0.000838452	 1.24033
 -0.000846837	 1.24037
 -0.000855305	 1.2404
 -0.000863858	 1.24044
 -0.000872497	 1.24048
 -0.000881222	 1.24051
 -0.000890034	 1.24055
 -0.000898934	 1.24059
 -0.000907924	 1.24063
 -0.000917003	 1.24066
 -0.000926173	 1.2407
 -0.000935435	 1.24074
 -0.000944789	 1.24078
 -0.000954237	 1.24082
 -0.000963779	 1.24086
 -0.000973417	 1.2409
 -0.000983151	 1.24094
 -0.000992983	 1.24098
 -0.00100291	 1.24102
 -0.00101294	 1.24107
 -0.00102307	 1.24111
 -0.0010333	 1.24115
 -0.00104363	 1.24119
 -0.00105407	 1.24124
 -0.00106461	 1.24128
 -0.00107526	 1.24133
 -0.00108601	 1.24137
 -0.00109687	 1.24142
 -0.00110784	 1.24146
 -0.00111892	 1.24151
 -0.00113011	 1.24155
 -0.00114141	 1.2416
 -0.00115282	 1.24165
 -0.00116435	 1.24169
 -0.00117599	 1.24174
 -0.00118775	 1.24179
 -0.00119963	 1.24184
 -0.00121163	 1.24189
 -0.00122374	 1.24194
 -0.00123598	 1.24199
 -0.00124834	 1.24204
 -0.00126082	 1.24209
 -0.00127343	 1.24214
 -0.00128617	 1.24219
 -0.00129903	 1.24225
 -0.00131202	 1.2423
 -0.00132514	 1.24235
 -0.00133839	 1.24241
 -0.00135177	 1.24246
 -0.00136529	 1.24251
 -0.00137895	 1.24257
 -0.00139273	 1.24262
 -0.00140666	 1.24268
 -0.00142073	 1.24274
 -0.00143494	 1.24279
 -0.00144929	 1.24285
 -0.00146378	 1.24291
 -0.00147842	 1.24297
 -0.0014932	 1.24303
 -0.00150813	 1.24309
 -0.00152321	 1.24315
 -0.00153845	 1.24321
 -0.00155383	 1.24327
 -0.00156937	 1.24333
 -0.00158506	 1.2434
 -0.00160091	 1.24346
 -0.00161692	 1.24352
 -0.00163309	 1.24359
 -0.00164942	 1.24365
 -0.00166592	 1.24372
 -0.00168258	 1.24378
 -0.0016994	 1.24385
 -0.0017164	 1.24391
 -0.00173356	 1.24398
 -0.00175089	 1.24405
 -0.0017684	 1.24412
 -0.00178609	 1.24419
 -0.00180395	 1.24426
 -0.00182199	 1.24433
 -0.00184021	 1.2444
 -0.00185861	 1.24447
 -0.0018772	 1.24454
 -0.00189597	 1.24461
 -0.00191493	 1.24469
 -0.00193408	 1.24476
 -0.00195342	 1.24484
 -0.00197295	 1.24491
 -0.00199268	 1.24499
 -0.00201261	 1.24506
 -0.00203273	 1.24514
 -0.00205306	 1.24522
 -0.00207359	 1.2453
 -0.00209433	 1.24538
 -0.00211527	 1.24546
 -0.00213642	 1.24554
 -0.00215779	 1.24562
 -0.00217937	 1.2457
 -0.00220116	 1.24578
 -0.00222317	 1.24587
 -0.0022454	 1.24595
 -0.00226786	 1.24603
 -0.00229054	 1.24612
 -0.00231344	 1.2462
 -0.00233658	 1.24629
 -0.00235994	 1.24638
 -0.00238354	 1.24647
 -0.00240738	 1.24656
 -0.00243145	 1.24664
 -0.00245576	 1.24673
 -0.00248032	 1.24683
 -0.00250513	 1.24692
 -0.00253018	 1.24701
 -0.00255548	 1.2471
 -0.00258103	 1.2472
 -0.00260684	 1.24729
 -0.00263291	 1.24739
 -0.00265924	 1.24748
 -0.00268583	 1.24758
 -0.00271269	 1.24768
 -0.00273982	 1.24777
 -0.00276722	 1.24787
 -0.00279489	 1.24797
 -0.00282284	 1.24807
 -0.00285107	 1.24817
 -0.00287958	 1.24828
 -0.00290837	 1.24838
 -0.00293746	 1.24848
 -0.00296683	 1.24859
 -0.0029965	 1.24869
 -0.00302646	 1.2488
 -0.00305673	 1.2489
 -0.0030873	 1.24901
 -0.00311817	 1.24912
 -0.00314935	 1.24922
 -0.00318084	 1.24933
 -0.00321265	 1.24944
 -0.00324478	 1.24955
 -0.00327723	 1.24967
 -0.00331	 1.24978
 -0.0033431	 1.24989
 -0.00337653	 1.25
 -0.0034103	 1.25012
 -0.0034444	 1.25023
 -0.00347884	 1.25035
 -0.00351363	 1.25047
 -0.00354877	 1.25058
 -0.00358426	 1.2507
 -0.0036201	 1.25082
 -0.0036563	 1.25094
 -0.00369286	 1.25106
 -0.00372979	 1.25118
 -0.00376709	 1.2513
 -0.00380476	 1.25142
 -0.00384281	 1.25154
 -0.00388123	 1.25166
 -0.00392005	 1.25179
 -0.00395925	 1.25191
 -0.00399884	 1.25204
 -0.00403883	 1.25216
 -0.00407922	 1.25229
 -0.00412001	 1.25241
 -0.00416121	 1.25254
 -0.00420282	 1.25267
 -0.00424485	 1.25279
 -0.0042873	 1.25292
 -0.00433017	 1.25305
 -0.00437347	 1.25318
 -0.00441721	 1.25331
 -0.00446138	 1.25344
 -0.00450599	 1.25357
 -0.00455105	 1.2537
 -0.00459656	 1.25383
 -0.00464253	 1.25396
 -0.00468895	 1.2541
 -0.00473584	 1.25423
 -0.0047832	 1.25436
 -0.00483103	 1.2545
 -0.00487934	 1.25463
 -0.00492814	 1.25476
 -0.00497742	 1.2549
 -0.00502719	 1.25503
 -0.00507747	 1.25517
 -0.00512824	 1.2553
 -0.00517952	 1.25544
 -0.00523132	 1.25558
 -0.00528363	 1.25571
 -0.00533647	 1.25585
 -0.00538983	 1.25599
 -0.00544373	 1.25612
 -0.00549817	 1.25626
 -0.00555315	 1.2564
 -0.00560868	 1.25654
 -0.00566477	 1.25668
 -0.00572142	 1.25681
 -0.00577863	 1.25695
 -0.00583642	 1.25709
 -0.00589478	 1.25723
 -0.00595373	 1.25737
 -0.00601327	 1.25751
 -0.0060734	 1.25765
 -0.00613413	 1.25779
 -0.00619547	 1.25794
 -0.00625743	 1.25808
 -0.00632	 1.25822
 -0.0063832	 1.25836
 -0.00644703	 1.2585
 -0.0065115	 1.25864
 -0.00657662	 1.25879
 -0.00664239	 1.25893
 -0.00670881	 1.25907
 -0.0067759	 1.25922
 -0.00684366	 1.25936
 -0.00691209	 1.25951
 -0.00698121	 1.25965
 -0.00705103	 1.25979
 -0.00712154	 1.25994
 -0.00719275	 1.26008
 -0.00726468	 1.26023
 -0.00733733	 1.26038
 -0.0074107	 1.26052
 -0.00748481	 1.26067
 -0.00755965	 1.26082
 -0.00763525	 1.26096
 -0.0077116	 1.26111
 -0.00778872	 1.26125
 -0.00786661	 1.26111
 -0.00794527	 1.26097
 -0.00802473	 1.26083
 -0.00810497	 1.26068
 -0.00818602	 1.26054
 -0.00826788	 1.26039
 -0.00835056	 1.26024
 -0.00843407	 1.26009
 -0.00851841	 1.25994
 -0.00860359	 1.25978
 -0.00868963	 1.25963
 -0.00877652	 1.25947
 -0.00886429	 1.2593
 -0.00895293	 1.25914
 -0.00904246	 1.25897
 -0.00913289	 1.2588
 -0.00922422	 1.25862
 -0.00931646	 1.25845
 -0.00940962	 1.25826
 -0.00950372	 1.25808
 -0.00959876	 1.25789
 -0.00969474	 1.25769
 -0.00979169	 1.2575
 -0.00988961	 1.25729
 -0.0099885	 1.25709
 -0.0100884	 1.25687
 -0.0101893	 1.25665
 -0.0102912	 1.25643
 -0.0103941	 1.2562
 -0.010498	 1.25596
 -0.010603	 1.25572
 -0.010709	 1.25547
 -0.0108161	 1.25521
 -0.0109243	 1.25494
 -0.0110335	 1.25467
 -0.0111439	 1.25439
 -0.0112553	 1.2541
 -0.0113678	 1.2538
 -0.0114815	 1.25349
 -0.0115963	 1.25317
 -0.0117123	 1.25284
 -0.0118294	 1.25251
 -0.0119477	 1.25216
 -0.0120672	 1.2518
 -0.0121879	 1.25143
 -0.0123098	 1.25105
 -0.0124328	 1.25066
 -0.0125572	 1.25025
 -0.0126827	 1.24984
 -0.0128096	 1.24941
 -0.0129377	 1.24897
 -0.013067	 1.24852
 -0.0131977	 1.24805
 -0.0133297	 1.24757
 -0.013463	 1.24708
 -0.0135976	 1.24658
 -0.0137336	 1.24606
 -0.0138709	 1.24553
 -0.0140096	 1.24499
 -0.0141497	 1.24443
 -0.0142912	 1.24386
 -0.0144342	 1.24327
 -0.0145785	 1.24267
 -0.0147243	 1.24206
 -0.0148715	 1.24144
 -0.0150202	 1.2408
 -0.0151704	 1.24015
 -0.0153221	 1.23948
 -0.0154754	 1.2388
 -0.0156301	 1.23811
 -0.0157864	 1.23741
 -0.0159443	 1.2367
 -0.0161037	 1.23597
 -0.0162648	 1.23523
 -0.0164274	 1.23448
 -0.0165917	 1.23371
 -0.0167576	 1.23294
 -0.0169252	 1.23215
 -0.0170944	 1.23135
 -0.0172654	 1.23054
 -0.017438	 1.22973
 -0.0176124	 1.2289
 -0.0177885	 1.22806
 -0.0179664	 1.22721
 -0.0181461	 1.22635
 -0.0183275	 1.22548
 -0.0185108	 1.2246
 -0.0186959	 1.22372
 -0.0188829	 1.22282
 -0.0190717	 1.22192
 -0.0192624	 1.22101
 -0.0194551	 1.22009
 -0.0196496	 1.21917
 -0.0198461	 1.21823
 -0.0200446	 1.21729
 -0.020245	 1.21634
 -0.0204475	 1.21539
 -0.0206519	 1.21442
 -0.0208585	 1.21346
 -0.021067	 1.21248
 -0.0212777	 1.2115
 -0.0214905	 1.21051
 -0.0217054	 1.20952
 -0.0219224	 1.20852
 -0.0221417	 1.20752
 -0.0223631	 1.20651
 -0.0225867	 1.20549
 -0.0228126	 1.20447
 -0.0230407	 1.20345
 -0.0232711	 1.20241
 -0.0235038	 1.20138
 -0.0237389	 1.20034
 -0.0239763	 1.19929
 -0.024216	 1.19824
 -0.0244582	 1.19718
 -0.0247028	 1.19612
 -0.0249498	 1.19506
 -0.0251993	 1.19399
 -0.0254513	 1.19291
 -0.0257058	 1.19183
 -0.0259628	 1.19075
 -0.0262225	 1.18966
 -0.0264847	 1.18856
 -0.0267495	 1.18747
 -0.027017	 1.18636
 -0.0272872	 1.18525
 -0.0275601	 1.18414
 -0.0278357	 1.18302
 -0.028114	 1.18189
 -0.0283952	 1.18076
 -0.0286791	 1.17963
 -0.0289659	 1.17849
 -0.0292556	 1.17734
 -0.0295481	 1.17619
 -0.0298436	 1.17503
 -0.0301421	 1.17386
 -0.0304435	 1.17269
 -0.0307479	 1.17151
 -0.0310554	 1.17033
 -0.0313659	 1.16914
 -0.0316796	 1.16794
 -0.0319964	 1.16673
 -0.0323164	 1.16552
 -0.0326395	 1.1643
 -0.0329659	 1.16307
 -0.0332956	 1.16183
 -0.0336285	 1.16058
 -0.0339648	 1.15932
 -0.0343045	 1.15806
 -0.0346475	 1.15678
 -0.034994	 1.1555
 -0.0353439	 1.1542
 -0.0356974	 1.1529
 -0.0360543	 1.15158
 -0.0364149	 1.15026
 -0.036779	 1.14892
 -0.0371468	 1.14757
 -0.0375183	 1.1462
 -0.0378935	 1.14483
 -0.0382724	 1.14344
 -0.0386551	 1.14204
 -0.0390417	 1.14063
 -0.0394321	 1.1392
 -0.0398264	 1.13776
 -0.0402247	 1.1363
 -0.0406269	 1.13483
 -0.0410332	 1.13334
 -0.0414435	 1.13184
 -0.041858	 1.13032
 -0.0422766	 1.12879
 -0.0426993	 1.12724
 -0.0431263	 1.12567
 -0.0435576	 1.12408
 -0.0439932	 1.12248
 -0.0444331	 1.12086
 -0.0448774	 1.11922
 -0.0453262	 1.11756
 -0.0457795	 1.11589
 -0.0462372	 1.11419
 -0.0466996	 1.11248
 -0.0471666	 1.11074
 -0.0476383	 1.10898
 -0.0481147	 1.10721
 -0.0485958	 1.10541
 -0.0490818	 1.10359
 -0.0495726	 1.10175
 -0.0500683	 1.09988
 -0.050569	 1.09799
 -0.0510747	 1.09608
 -0.0515854	 1.09415
 -0.0521013	 1.09219
 -0.0526223	 1.0902
 -0.0531485	 1.08819
 -0.05368	 1.08616
 -0.0542168	 1.0841
 -0.054759	 1.08201
 -0.0553066	 1.0799
 -0.0558596	 1.07776
 -0.0564182	 1.07559
 -0.0569824	 1.07339
 -0.0575522	 1.07116
 -0.0581278	 1.06891
 -0.058709	 1.06662
 -0.0592961	 1.06431
 -0.0598891	 1.06196
 -0.060488	 1.05959
 -0.0610929	 1.05718
 -0.0617038	 1.05474
 -0.0623208	 1.05226
 -0.062944	 1.04976
 -0.0635735	 1.04722
 -0.0642092	 1.04464
 -0.0648513	 1.04204
 -0.0654998	 1.03939
 -0.0661548	 1.03672
 -0.0668164	 1.034
 -0.0674845	 1.03125
 -0.0681594	 1.02847
 -0.068841	 1.02564
 -0.0695294	 1.02278
 -0.0702247	 1.01989
 -0.0709269	 1.01695
 -0.0716362	 1.01397
 -0.0723525	 1.01096
 -0.0730761	 1.00791
 -0.0738068	 1.00482
 -0.0745449	 1.00168
 -0.0752903	 0.99851
 -0.0760433	 0.995296
 -0.0768037	 0.99204
 -0.0775717	 0.988744
 -0.0783474	 0.985405
 -0.0791309	 0.982024
 -0.0799222	 0.978601
 -0.0807214	 0.975135
 -0.0815287	 0.971625
 -0.0823439	 0.968072
 -0.0831674	 0.964476
 -0.0839991	 0.960835
 -0.084839	 0.957149
 -0.0856874	 0.953419
 -0.0865443	 0.949645
 -0.0874098	 0.945825
 -0.0882839	 0.941959
 -0.0891667	 0.938048
 -0.0900584	 0.934091
 -0.0909589	 0.930088
 -0.0918685	 0.926039
 -0.0927872	 0.921943
 -0.0937151	 0.917801
 -0.0946522	 0.913612
 -0.0955988	 0.909377
 -0.0965548	 0.905096
 -0.0975203	 0.90077
 -0.0984955	 0.896398
 -0.0994805	 0.892005
 -0.100475	 0.887505
 -0.10148	 0.882935
 -0.102495	 0.878353
 -0.10352	 0.873724
 -0.104555	 0.869049
 -0.105601	 0.864327
 -0.106657	 0.859559
 -0.107723	 0.854743
 -0.1088	 0.84988
 -0.109888	 0.84497
 -0.110987	 0.840012
 -0.112097	 0.835007
 -0.113218	 0.829955
 -0.11435	 0.824855
 -0.115494	 0.819708
 -0.116649	 0.814513
 -0.117815	 0.809271
 -0.118993	 0.803982
 -0.120183	 0.798645
 -0.121385	 0.79326
 -0.122599	 0.787829
 -0.123825	 0.782349
 -0.125063	 0.776822
 -0.126314	 0.771248
 -0.127577	 0.765625
 -0.128853	 0.759955
 -0.130141	 0.754236
 -0.131443	 0.748469
 -0.132757	 0.742653
 -0.134085	 0.736789
 -0.135425	 0.730875
 -0.13678	 0.724912
 -0.138148	 0.718899
 -0.139529	 0.712837
 -0.140924	 0.706724
 -0.142334	 0.700561
 -0.143757	 0.694347
 -0.145194	 0.688081
 -0.146646	 0.681764
 -0.148113	 0.675396
 -0.149594	 0.668975
 -0.15109	 0.662502
 -0.152601	 0.655977
 -0.154127	 0.6494
 -0.155668	 0.64277
 -0.157225	 0.636088
 -0.158797	 0.629353
 -0.160385	 0.622566
 -0.161989	 0.615728
 -0.163609	 0.608838
 -0.165245	 0.601897
 -0.166897	 0.594907
 -0.168566	 0.587867
 -0.170252	 0.580779
 -0.171954	 0.573645
 -0.173674	 0.566464
 -0.175411	 0.55924
 -0.177165	 0.551974
 -0.178936	 0.544667
 -0.180726	 0.537323
 -0.182533	 0.529943
 -0.184358	 0.52253
 -0.186202	 0.515088
 -0.188064	 0.507619
 -0.189945	 0.500126
 -0.191844	 0.492614
 -0.193763	 0.485086
 -0.1957	 0.477547
 -0.197657	 0.47
 -0.199634	 0.462449
 -0.20163	 0.454901
 -0.203646	 0.447359
 -0.205683	 0.439828
 -0.20774	 0.432314
 -0.209817	 0.424821
 -0.211915	 0.417354
 -0.214034	 0.40992
 -0.216175	 0.402522
 -0.218336	 0.395167
 -0.22052	 0.387859
 -0.222725	 0.380604
 -0.224952	 0.373406
 -0.227202	 0.366271
 -0.229474	 0.359202
 -0.231769	 0.352205
 -0.234086	 0.345283
 -0.236427	 0.33844
 -0.238791	 0.331681
 -0.241179	 0.325009
 -0.243591	 0.318426
 -0.246027	 0.311936
 -0.248487	 0.305542
 -0.250972	 0.299246
 -0.253482	 0.293049
 -0.256017	 0.286954
 -0.258577	 0.280963
 -0.261163	 0.275076
 -0.263774	 0.269294
 -0.266412	 0.263619
 -0.269076	 0.25805
 -0.271767	 0.252589
 -0.274485	 0.247234
 -0.277229	 0.241986
 -0.280002	 0.236846
 -0.282802	 0.231811
 -0.28563	 0.226883
 -0.288486	 0.222059
 -0.291371	 0.21734
 -0.294285	 0.212724
 -0.297227	 0.20821
 -0.3002	 0.203798
 -0.303202	 0.199487
 -0.306234	 0.195274
 -0.309296	 0.191159
 -0.312389	 0.187141
 -0.315513	 0.183218
 -0.318668	 0.17939
 -0.321855	 0.175654
 -0.325073	 0.172011
 -0.328324	 0.168458
 -0.331607	 0.164994
 -0.334923	 0.161618
 -0.338273	 0.15833
 -0.341655	 0.155127
 -0.345072	 0.15201
 -0.348523	 0.148976
 -0.352008	 0.146025
 -0.355528	 0.143157
 -0.359083	 0.140369
 -0.362674	 0.137661
 -0.366301	 0.135033
 -0.369964	 0.132484
 -0.373663	 0.130013
 -0.3774	 0.127619
 -0.381174	 0.125303
 -0.384986	 0.123063
 -0.388836	 0.120898
 -0.392724	 0.11881
 -0.396651	 0.116796
 -0.400618	 0.114858
 -0.404624	 0.112994
 -0.40867	 0.111205
 -0.412757	 0.109491
 -0.416884	 0.10785
 -0.421053	 0.106285
 -0.425264	 0.104793
 -0.429516	 0.103376
 -0.433812	 0.102033
 -0.43815	 0.100766
 -0.442531	 0.0995724
 -0.446956	 0.0984543
 -0.451426	 0.0974115
 -0.45594	 0.0964441
 -0.4605	 0.0955525
 -0.465105	 0.0947369
 -0.469756	 0.0939978
 -0.474453	 0.0933353
 -0.479198	 0.0927498
 -0.48399	 0.0922417
 -0.48883	 0.0918113
 -0.493718	 0.0914588
 -0.498655	 0.0911847
 -0.503642	 0.0909891
 -0.508678	 0.0908725
 -0.513765	 0.090835
 -0.518903	 0.0908768
 -0.524092	 0.0909981
 -0.529333	 0.0911991
 -0.534626	 0.0914799
 -0.539972	 0.0918404
 -0.545372	 0.0922808
 -0.550826	 0.0928008
 -0.556334	 0.0934004
 -0.561897	 0.0940792
 -0.567516	 0.0948371
 -0.573191	 0.0956736
 -0.578923	 0.0965883
 -0.584712	 0.0975804
 -0.59056	 0.0986494
 -0.596465	 0.0997944
 -0.60243	 0.101015
 -0.608454	 0.102309
 -0.614539	 0.103676
 -0.620684	 0.105115
 -0.626891	 0.106624
 -0.63316	 0.108202
 -0.639491	 0.109846
 -0.645886	 0.111556
 -0.652345	 0.113329
 -0.658869	 0.115163
 -0.665457	 0.117056
 -0.672112	 0.119006
 -0.678833	 0.121009
 -0.685621	 0.123064
 -0.692477	 0.125167
 -0.699402	 0.127316
 -0.706396	 0.129507
 -0.71346	 0.131738
 -0.720595	 0.134006
 -0.727801	 0.136306
 -0.735079	 0.138636
 -0.74243	 0.140993
 -0.749854	 0.143372
 -0.757352	 0.145772
 -0.764926	 0.148187
 -0.772575	 0.150616
 -0.780301	 0.153054
 -0.788104	 0.155498
 -0.795985	 0.157946
 -0.803945	 0.160394
 -0.811984	 0.162839
 -0.820104	 0.165279
 -0.828305	 0.167711
 -0.836588	 0.170133
 -0.844954	 0.172543
 -0.853404	 0.174939
 -0.861938	 0.177319
 -0.870557	 0.179681
 -0.879263	 0.182026
 -0.888055	 0.184352
 -0.896936	 0.186658
 -0.905905	 0.188944
 -0.914964	 0.191211
 -0.924114	 0.193458
 -0.933355	 0.195686
 -0.942689	 0.197897
 -0.952115	 0.200091
 -0.961637	 0.202269
 -0.971253	 0.204433
 -0.980966	 0.206586
 -0.990775	 0.208728
 -1.00068	 0.210861
 -1.01069	 0.212989
 -1.0208	 0.215113
 -1.031	 0.217235
 -1.04131	 0.219358
 -1.05173	 0.221485
 -1.06225	 0.223616
 -1.07287	 0.225755
 -1.0836	 0.227903
 -1.09443	 0.230063
 -1.10538	 0.232235
 -1.11643	 0.234422
 -1.12759	 0.236625
 -1.13887	 0.238844
 -1.15026	 0.241081
 -1.16176	 0.243335
 -1.17338	 0.245607
 -1.18511	 0.247897
 -1.19696	 0.250203
 -1.20893	 0.252524
 -1.22102	 0.254859
 -1.23323	 0.257207
 -1.24557	 0.259564
 -1.25802	 0.261929
 -1.2706	 0.264298
 -1.28331	 0.266667
 -1.29614	 0.269034
 -1.3091	 0.271394
 -1.32219	 0.273743
 -1.33542	 0.276077
 -1.34877	 0.27839
 -1.36226	 0.280679
 -1.37588	 0.282938
 -1.38964	 0.285163
 -1.40353	 0.287348
 -1.41757	 0.289489
 -1.43175	 0.291581
 -1.44606	 0.29362
 -1.46052	 0.295602
 -1.47513	 0.297522
 -1.48988	 0.299377
 -1.50478	 0.301165
 -1.51983	 0.302881
 -1.53503	 0.304525
 -1.55038	 0.306094
 -1.56588	 0.307587
 -1.58154	 0.309003
 -1.59735	 0.310344
 -1.61333	 0.311608
 -1.62946	 0.312798
 -1.64575	 0.313916
 -1.66221	 0.314963
 -1.67883	 0.315943
 -1.69562	 0.316859
 -1.71258	 0.317715
 -1.72971	 0.318516
 -1.747	 0.319267
 -1.76447	 0.319973
 -1.78212	 0.320639
 -1.79994	 0.321272
 -1.81794	 0.321877
 -1.83612	 0.322461
 -1.85448	 0.32303
 -1.87302	 0.32359
 -1.89175	 0.324149
 -1.91067	 0.324711
 -1.92978	 0.325284
 -1.94907	 0.325873
 -1.96857	 0.326484
 -1.98825	 0.327123
 -2.00813	 0.327794
 -2.02822	 0.328501
 -2.0485	 0.32925
 -2.06898	 0.330044
 -2.08967	 0.330885
 -2.11057	 0.331776
 -2.13167	 0.33272
 -2.15299	 0.333717
 -2.17452	 0.334767
 -2.19627	 0.33587
 -2.21823	 0.337026
 -2.24041	 0.338231
 -2.26282	 0.339483
 -2.28544	 0.340778
 -2.3083	 0.342112
 -2.33138	 0.343478
 -2.35469	 0.344869
 -2.37824	 0.346278
 -2.40202	 0.347696
 -2.42604	 0.349112
 -2.4503	 0.350515
 -2.47481	 0.351894
 -2.49956	 0.353233
 -2.52455	 0.35452
 -2.5498	 0.355738
 -2.5753	 0.35687
 -2.60105	 0.357899
 -2.62706	 0.358805
 -2.65333	 0.35957
 -2.67986	 0.360171
 -2.70666	 0.360589
 -2.73373	 0.360801
 -2.76106	 0.360784
 -2.78868	 0.360517
 -2.81656	 0.359975
 -2.84473	 0.359137
 -2.87318	 0.35798
 -2.90191	 0.356482
 -2.93093	 0.354622
 -2.96024	 0.35238
 -2.98984	 0.349739
 -3.01974	 0.346681
 -3.04993	 0.343193
 -3.08043	 0.339264
 -3.11124	 0.334885
 -3.14235	 0.330052
 -3.17377	 0.324763
 -3.20551	 0.319023
 -3.23757	 0.312839
 -3.26994	 0.306224
 -3.30264	 0.299196
 -3.33567	 0.291778
 -3.36902	 0.283998
 -3.40271	 0.275888
 -3.43674	 0.267487
 -3.47111	 0.258835
 -3.50582	 0.249976
 -3.54088	 0.240959
 -3.57629	 0.231831
 -3.61205	 0.222641
 -3.64817	 0.213439
 -3.68465	 0.204272
 -3.7215	 0.195185
 -3.75871	 0.18622
 -3.7963	 0.177417
 -3.83426	 0.168806
 -3.87261	 0.160422
 -3.91133	 0.152286
 -3.95045	 0.14442
 -3.98995	 0.136839
 -4.02985	 0.129555
 -4.07015	 0.122574
 -4.11085	 0.115902
 -4.15196	 0.109538
 -4.19348	 0.10348
 -4.23541	 0.0977249
 -4.27777	 0.0922654
 -4.32054	 0.0870941
 -4.36375	 0.0822021
 -4.40739	 0.0775796
 -4.45146	 0.073216
 -4.49598	 0.0691007
 -4.54094	 0.0652224
 -4.58634	 0.0615701
 -4.63221	 0.0581327
 -4.67853	 0.0548992
 -4.72532	 0.051859
 -4.77257	 0.0490017
 -4.82029	 0.0463172
 -4.8685	 0.0437959
 -4.91718	 0.0414285
 -4.96635	 0.0392062
 -5.01602	 0.0371204
 -5.06618	 0.0351631
 -5.11684	 0.0333267
 -5.16801	 0.0316039
 -5.21969	 0.0299878
 -5.27188	 0.0284718
 -5.3246	 0.0270499
 -5.37785	 0.0257162
 -5.43163	 0.0244651
 -5.48594	 0.0232915
 -5.5408	 0.0221905
 -5.59621	 0.0211574
 -5.65217	 0.0201877
 -5.7087	 0.0192775
 -5.76578	 0.0184228
 -5.82344	 0.0176199
 -5.88167	 0.0168653
 -5.94049	 0.0161557
 -5.9999	 0.0154882
 -6.0599	 0.0148596
 -6.12049	 0.0142674
 -6.1817	 0.0137089
 -6.24352	 0.0131817
 -6.30595	 0.0126834
 -6.36901	 0.012212
 -6.4327	 0.0117655
 -6.49703	 0.0113419
 -6.562	 0.0109394
 -6.62762	 0.0105564
 -6.69389	 0.0101915
 -6.76083	 0.00984302
 -6.82844	 0.00950977
 -6.89673	 0.00919048
 -6.96569	 0.00888401
 -7.03535	 0.00858931
 -7.1057	 0.00830542
 -7.17676	 0.00803145
 -7.24853	 0.0077666
 -7.32101	 0.00751014
 -7.39422	 0.00726142
 -7.46817	 0.00701985
 -7.54285	 0.0067849
 -7.61828	 0.00655612
 -7.69446	 0.00633308
 -7.7714	 0.00611544
 -7.84912	 0.00590291
 -7.92761	 0.0056952
 -8.00689	 0.0054921
 -8.08695	 0.00529342
 -8.16782	 0.00509903
 -8.2495	 0.00490881
 -8.332	 0.00472266
 -8.41532	 0.00454051
 -8.49947	 0.00436233
 -8.58446	 0.00418807
 -8.67031	 0.00401774
 -8.75701	 0.00385133
 -8.84458	 0.00368884
 -8.93303	 0.0035303
 -9.02236	 0.00337572
 -9.11258	 0.00322512
 -9.20371	 0.00307853
 -9.29575	 0.00293597
 -9.3887	 0.00279747
 -9.48259	 0.00266305
 -9.57742	 0.00253271
 -9.67319	 0.00240648
 -9.76992	 0.00228435
 -9.86762	 0.00216632
 -9.9663	 0.0020524
 -10.066	 0.00194255
 -10.1666	 0.00183676
 -10.2683	 0.001735
 -10.371	 0.00163723
 -10.4747	 0.00154342
 -10.5794	 0.0014535
 -10.6852	 0.00136742
 -10.7921	 0.00128512
 -10.9	 0.00120654
 -11.009	 0.00113158
 -11.1191	 0.00106019
 -11.2303	 0.00099226
 -11.3426	 0.000927716
 -11.456	 0.000866461
 -11.5706	 0.000808401
 -11.6863	 0.000753438
 -11.8031	 0.00070147
 -11.9212	 0.000652396
 -12.0404	 0.000606113
 -12.1608	 0.000562516
 -12.2824	 0.0005215
 -12.4052	 0.000482961
 -12.5293	 0.000446794
 -12.6546	 0.000412895
 -12.7811	 0.000381162
 -12.9089	 0.000351494
 -13.038	 0.000323789
 -13.1684	 0.000297951
 -13.3001	 0.000273884
 -13.4331	 0.000251494
 -13.5674	 0.00023069
 -13.7031	 0.000211384
 -13.8401	 0.000193489
 -13.9785	 0.000176924
 -14.1183	 0.000161608
 -14.2595	 0.000147464
 -14.4021	 0.00013442
 -14.5461	 0.000122403
 -14.6915	 0.000111347
 -14.8385	 0.000101188
 -14.9868	 9.18628e-05
 -15.1367	 8.33145e-05
 -15.2881	 7.54875e-05
 -15.441	 6.83296e-05
 -15.5954	 6.17913e-05
 -15.7513	 5.58261e-05
 -15.9088	 5.039e-05
 -16.0679	 4.54421e-05
 -16.2286	 4.09435e-05
 -16.3909	 3.68583e-05
 -16.5548	 3.31525e-05
 -16.7203	 2.97949e-05
 -16.8875	 2.67559e-05
 -17.0564	 2.40084e-05
 -17.227	 2.15271e-05
 -17.3993	 1.92885e-05
 -17.5733	 1.72711e-05
 -17.749	 1.54548e-05
 -17.9265	 1.38212e-05
 -18.1057	 1.23533e-05
 -18.2868	 1.10357e-05
 -18.4697	 9.85385e-06
 -18.6544	 8.79486e-06
 -18.8409	 7.84672e-06
 -19.0293	 6.99852e-06
 -19.2196	 6.24029e-06
 -19.4118	 5.56298e-06
 -19.6059	 4.95835e-06
 -19.802	 4.41885e-06
 -20	 3.94103e-06
