# 3-orbital orbitally-degenerate Hubbard-Kanamori model
# DMFT, semicircular DOS
# U/D=3.8 Jh/D=0.30 n=4
# density of states DOS(omega) on one orbital
# omega-Ef, DOS(omega)

 20	 1.56571e-07
 19.802	 1.81274e-07
 19.6059	 2.09656e-07
 19.4118	 2.42214e-07
 19.2196	 2.7952e-07
 19.0293	 3.22217e-07
 18.8409	 3.71025e-07
 18.6544	 4.26754e-07
 18.4697	 4.90311e-07
 18.2868	 5.6271e-07
 18.1057	 6.45083e-07
 17.9265	 7.38695e-07
 17.749	 8.44953e-07
 17.5733	 9.65421e-07
 17.3993	 1.10184e-06
 17.227	 1.25613e-06
 17.0564	 1.43043e-06
 16.8875	 1.62711e-06
 16.7203	 1.84876e-06
 16.5548	 2.09825e-06
 16.3909	 2.37876e-06
 16.2286	 2.69374e-06
 16.0679	 3.04702e-06
 15.9088	 3.44277e-06
 15.7513	 3.88555e-06
 15.5954	 4.38037e-06
 15.441	 4.93265e-06
 15.2881	 5.54831e-06
 15.1367	 6.23381e-06
 14.9868	 6.99612e-06
 14.8385	 7.84281e-06
 14.6915	 8.78207e-06
 14.5461	 9.82273e-06
 14.4021	 1.09743e-05
 14.2595	 1.22471e-05
 14.1183	 1.3652e-05
 13.9785	 1.5201e-05
 13.8401	 1.69065e-05
 13.7031	 1.87822e-05
 13.5674	 2.08424e-05
 13.4331	 2.31025e-05
 13.3001	 2.55786e-05
 13.1684	 2.82882e-05
 13.038	 3.12494e-05
 12.9089	 3.44815e-05
 12.7811	 3.80049e-05
 12.6546	 4.1841e-05
 12.5293	 4.60122e-05
 12.4052	 5.0542e-05
 12.2824	 5.5455e-05
 12.1608	 6.07768e-05
 12.0404	 6.65341e-05
 11.9212	 7.27545e-05
 11.8031	 7.94666e-05
 11.6863	 8.67001e-05
 11.5706	 9.44852e-05
 11.456	 0.000102853
 11.3426	 0.000111836
 11.2303	 0.000121467
 11.1191	 0.000131779
 11.009	 0.000142805
 10.9	 0.00015458
 10.7921	 0.000167138
 10.6852	 0.000180514
 10.5794	 0.000194742
 10.4747	 0.000209856
 10.371	 0.00022589
 10.2683	 0.000242878
 10.1666	 0.000260853
 10.066	 0.000279845
 9.9663	 0.000299887
 9.86762	 0.000321008
 9.76992	 0.000343235
 9.67319	 0.000366595
 9.57742	 0.000391112
 9.48259	 0.000416809
 9.3887	 0.000443707
 9.29575	 0.000471822
 9.20371	 0.000501169
 9.11258	 0.00053176
 9.02236	 0.000563604
 8.93303	 0.000596708
 8.84458	 0.000631072
 8.75701	 0.000666696
 8.67031	 0.000703574
 8.58446	 0.000741699
 8.49947	 0.000781058
 8.41532	 0.000821634
 8.332	 0.000863408
 8.2495	 0.000906356
 8.16782	 0.000950451
 8.08695	 0.000995661
 8.00689	 0.00104195
 7.92761	 0.00108929
 7.84912	 0.00113763
 7.7714	 0.00118694
 7.69446	 0.00123716
 7.61828	 0.00128825
 7.54285	 0.00134017
 7.46817	 0.00139287
 7.39422	 0.00144629
 7.32101	 0.00150039
 7.24853	 0.00155513
 7.17676	 0.00161047
 7.1057	 0.00166635
 7.03535	 0.00172276
 6.96569	 0.00177965
 6.89673	 0.001837
 6.82844	 0.0018948
 6.76083	 0.00195304
 6.69389	 0.00201171
 6.62762	 0.00207084
 6.562	 0.00213044
 6.49703	 0.00219055
 6.4327	 0.00225123
 6.36901	 0.00231254
 6.30595	 0.00237458
 6.24352	 0.00243744
 6.1817	 0.00250126
 6.12049	 0.00256619
 6.0599	 0.00263239
 5.9999	 0.00270007
 5.94049	 0.00276946
 5.88167	 0.0028408
 5.82344	 0.00291438
 5.76578	 0.00299052
 5.7087	 0.00306956
 5.65217	 0.00315189
 5.59621	 0.00323791
 5.5408	 0.0033281
 5.48594	 0.00342294
 5.43163	 0.00352297
 5.37785	 0.00362876
 5.3246	 0.00374094
 5.27188	 0.00386017
 5.21969	 0.00398716
 5.16801	 0.00412268
 5.11684	 0.00426753
 5.06618	 0.00442257
 5.01602	 0.00458873
 4.96635	 0.00476697
 4.91718	 0.00495831
 4.8685	 0.00516383
 4.82029	 0.00538471
 4.77257	 0.00562213
 4.72532	 0.00587736
 4.67853	 0.00615174
 4.63221	 0.0064467
 4.58634	 0.00676369
 4.54094	 0.00710429
 4.49598	 0.00747013
 4.45146	 0.00786292
 4.40739	 0.00828446
 4.36375	 0.00873663
 4.32054	 0.00922142
 4.27777	 0.0097409
 4.23541	 0.0102972
 4.19348	 0.0108927
 4.15196	 0.0115297
 4.11085	 0.0122108
 4.07015	 0.0129385
 4.02985	 0.0137156
 3.98995	 0.014545
 3.95045	 0.0154297
 3.91133	 0.0163729
 3.87261	 0.0173779
 3.83426	 0.0184482
 3.7963	 0.0195873
 3.75871	 0.0207993
 3.7215	 0.0220879
 3.68465	 0.0234575
 3.64817	 0.0249124
 3.61205	 0.0264571
 3.57629	 0.0280965
 3.54088	 0.0298356
 3.50582	 0.0316796
 3.47111	 0.0336338
 3.43674	 0.035704
 3.40271	 0.0378961
 3.36902	 0.040216
 3.33567	 0.04267
 3.30264	 0.0452646
 3.26994	 0.0480065
 3.23757	 0.0509023
 3.20551	 0.0539589
 3.17377	 0.0571834
 3.14235	 0.0605826
 3.11124	 0.0641636
 3.08043	 0.067933
 3.04993	 0.0718976
 3.01974	 0.0760637
 2.98984	 0.0804372
 2.96024	 0.0850234
 2.93093	 0.089827
 2.90191	 0.0948518
 2.87318	 0.100101
 2.84473	 0.105575
 2.81656	 0.111275
 2.78868	 0.117198
 2.76106	 0.123342
 2.73373	 0.1297
 2.70666	 0.136265
 2.67986	 0.143025
 2.65333	 0.149969
 2.62706	 0.157079
 2.60105	 0.164335
 2.5753	 0.171717
 2.5498	 0.1792
 2.52455	 0.186756
 2.49956	 0.194356
 2.47481	 0.201966
 2.4503	 0.209553
 2.42604	 0.217082
 2.40202	 0.224517
 2.37824	 0.23182
 2.35469	 0.238956
 2.33138	 0.245888
 2.3083	 0.252582
 2.28544	 0.259003
 2.26282	 0.265122
 2.24041	 0.270909
 2.21823	 0.276337
 2.19627	 0.281383
 2.17452	 0.286027
 2.15299	 0.290251
 2.13167	 0.29404
 2.11057	 0.297384
 2.08967	 0.300275
 2.06898	 0.302706
 2.0485	 0.304676
 2.02822	 0.306186
 2.00813	 0.307237
 1.98825	 0.307837
 1.96857	 0.307992
 1.94907	 0.307712
 1.92978	 0.307009
 1.91067	 0.305896
 1.89175	 0.304389
 1.87302	 0.302505
 1.85448	 0.30026
 1.83612	 0.297674
 1.81794	 0.294766
 1.79994	 0.291558
 1.78212	 0.28807
 1.76447	 0.284324
 1.747	 0.280341
 1.72971	 0.276144
 1.71258	 0.271756
 1.69562	 0.267196
 1.67883	 0.262488
 1.66221	 0.257652
 1.64575	 0.25271
 1.62946	 0.24768
 1.61333	 0.242583
 1.59735	 0.237437
 1.58154	 0.232259
 1.56588	 0.227067
 1.55038	 0.221877
 1.53503	 0.216702
 1.51983	 0.211557
 1.50478	 0.206454
 1.48988	 0.201406
 1.47513	 0.196423
 1.46052	 0.191514
 1.44606	 0.186689
 1.43175	 0.181956
 1.41757	 0.177321
 1.40353	 0.172791
 1.38964	 0.16837
 1.37588	 0.164063
 1.36226	 0.159876
 1.34877	 0.155809
 1.33542	 0.151867
 1.32219	 0.148051
 1.3091	 0.144363
 1.29614	 0.140804
 1.28331	 0.137374
 1.2706	 0.134073
 1.25802	 0.130903
 1.24557	 0.127861
 1.23323	 0.124949
 1.22102	 0.122163
 1.20893	 0.119504
 1.19696	 0.116969
 1.18511	 0.114558
 1.17338	 0.112268
 1.16176	 0.110097
 1.15026	 0.108044
 1.13887	 0.106105
 1.12759	 0.104279
 1.11643	 0.102563
 1.10538	 0.100954
 1.09443	 0.0994494
 1.0836	 0.0980466
 1.07287	 0.0967426
 1.06225	 0.0955343
 1.05173	 0.0944187
 1.04131	 0.0933924
 1.031	 0.0924523
 1.0208	 0.0915951
 1.01069	 0.0908173
 1.00068	 0.0901155
 0.990775	 0.0894862
 0.980966	 0.0889257
 0.971253	 0.0884306
 0.961637	 0.0879972
 0.952115	 0.0876217
 0.942689	 0.0873005
 0.933355	 0.0870299
 0.924114	 0.0868062
 0.914964	 0.0866256
 0.905905	 0.0864844
 0.896936	 0.086379
 0.888055	 0.0863058
 0.879263	 0.086261
 0.870557	 0.0862412
 0.861938	 0.0862429
 0.853404	 0.0862626
 0.844954	 0.0862971
 0.836588	 0.0863432
 0.828305	 0.0863977
 0.820104	 0.0864577
 0.811984	 0.0865203
 0.803945	 0.0865829
 0.795985	 0.0866429
 0.788104	 0.0866979
 0.780301	 0.0867457
 0.772575	 0.0867843
 0.764926	 0.0868119
 0.757352	 0.0868267
 0.749854	 0.0868273
 0.74243	 0.0868125
 0.735079	 0.0867812
 0.727801	 0.0867324
 0.720595	 0.0866656
 0.71346	 0.0865803
 0.706396	 0.0864761
 0.699402	 0.0863531
 0.692477	 0.0862112
 0.685621	 0.0860509
 0.678833	 0.0858725
 0.672112	 0.0856767
 0.665457	 0.0854644
 0.658869	 0.0852364
 0.652345	 0.0849938
 0.645886	 0.084738
 0.639491	 0.0844703
 0.63316	 0.0841922
 0.626891	 0.0839053
 0.620684	 0.0836114
 0.614539	 0.0833121
 0.608454	 0.0830095
 0.60243	 0.0827055
 0.596465	 0.082402
 0.59056	 0.0821013
 0.584712	 0.0818053
 0.578923	 0.0815162
 0.573191	 0.0812363
 0.567516	 0.0809677
 0.561897	 0.0807126
 0.556334	 0.0804732
 0.550826	 0.0802517
 0.545372	 0.0800503
 0.539972	 0.0798712
 0.534626	 0.0797166
 0.529333	 0.0795884
 0.524092	 0.079489
 0.518903	 0.0794201
 0.513765	 0.079384
 0.508678	 0.0793825
 0.503642	 0.0794175
 0.498655	 0.0794909
 0.493718	 0.0796046
 0.48883	 0.0797602
 0.48399	 0.0799595
 0.479198	 0.080204
 0.474453	 0.0804955
 0.469756	 0.0808353
 0.465105	 0.081225
 0.4605	 0.081666
 0.45594	 0.0821596
 0.451426	 0.0827071
 0.446956	 0.0833099
 0.442531	 0.0839689
 0.43815	 0.0846855
 0.433812	 0.0854606
 0.429516	 0.0862953
 0.425264	 0.0871907
 0.421053	 0.0881476
 0.416884	 0.089167
 0.412757	 0.0902497
 0.40867	 0.0913966
 0.404624	 0.0926084
 0.400618	 0.0938859
 0.396651	 0.0952299
 0.392724	 0.096641
 0.388836	 0.0981199
 0.384986	 0.0996672
 0.381174	 0.101284
 0.3774	 0.10297
 0.373663	 0.104726
 0.369964	 0.106553
 0.366301	 0.108452
 0.362674	 0.110422
 0.359083	 0.112465
 0.355528	 0.114581
 0.352008	 0.11677
 0.348523	 0.119033
 0.345072	 0.121371
 0.341655	 0.123783
 0.338273	 0.126271
 0.334923	 0.128834
 0.331607	 0.131474
 0.328324	 0.13419
 0.325073	 0.136983
 0.321855	 0.139854
 0.318668	 0.142802
 0.315513	 0.145829
 0.312389	 0.148934
 0.309296	 0.152118
 0.306234	 0.155381
 0.303202	 0.158724
 0.3002	 0.162146
 0.297227	 0.165648
 0.294285	 0.16923
 0.291371	 0.172892
 0.288486	 0.176634
 0.28563	 0.180457
 0.282802	 0.18436
 0.280002	 0.188342
 0.277229	 0.192405
 0.274485	 0.196547
 0.271767	 0.200768
 0.269076	 0.205068
 0.266412	 0.209447
 0.263774	 0.213903
 0.261163	 0.218436
 0.258577	 0.223045
 0.256017	 0.22773
 0.253482	 0.232488
 0.250972	 0.23732
 0.248487	 0.242223
 0.246027	 0.247196
 0.243591	 0.252238
 0.241179	 0.257347
 0.238791	 0.262521
 0.236427	 0.267758
 0.234086	 0.273057
 0.231769	 0.278413
 0.229474	 0.283827
 0.227202	 0.289294
 0.224952	 0.294813
 0.222725	 0.300381
 0.22052	 0.305994
 0.218336	 0.311651
 0.216175	 0.317348
 0.214034	 0.323082
 0.211915	 0.328851
 0.209817	 0.33465
 0.20774	 0.340477
 0.205683	 0.346329
 0.203646	 0.352202
 0.20163	 0.358094
 0.199634	 0.364
 0.197657	 0.369918
 0.1957	 0.375845
 0.193763	 0.381778
 0.191844	 0.387713
 0.189945	 0.393647
 0.188064	 0.399578
 0.186202	 0.405502
 0.184358	 0.411417
 0.182533	 0.41732
 0.180726	 0.423208
 0.178936	 0.429078
 0.177165	 0.434928
 0.175411	 0.440756
 0.173674	 0.446559
 0.171954	 0.452334
 0.170252	 0.45808
 0.168566	 0.463795
 0.166897	 0.469475
 0.165245	 0.47512
 0.163609	 0.480727
 0.161989	 0.486295
 0.160385	 0.491821
 0.158797	 0.497304
 0.157225	 0.502743
 0.155668	 0.508135
 0.154127	 0.513479
 0.152601	 0.518774
 0.15109	 0.524019
 0.149594	 0.529211
 0.148113	 0.534349
 0.146646	 0.539433
 0.145194	 0.544461
 0.143757	 0.549432
 0.142334	 0.554345
 0.140924	 0.559198
 0.139529	 0.56399
 0.138148	 0.568721
 0.13678	 0.57339
 0.135425	 0.577994
 0.134085	 0.582535
 0.132757	 0.587011
 0.131443	 0.59142
 0.130141	 0.595762
 0.128853	 0.600037
 0.127577	 0.604243
 0.126314	 0.608381
 0.125063	 0.612449
 0.123825	 0.616447
 0.122599	 0.620374
 0.121385	 0.62423
 0.120183	 0.628015
 0.118993	 0.631728
 0.117815	 0.635369
 0.116649	 0.638938
 0.115494	 0.642434
 0.11435	 0.645858
 0.113218	 0.649209
 0.112097	 0.652488
 0.110987	 0.655694
 0.109888	 0.658828
 0.1088	 0.66189
 0.107723	 0.66488
 0.106657	 0.667799
 0.105601	 0.670647
 0.104555	 0.673424
 0.10352	 0.676132
 0.102495	 0.678769
 0.10148	 0.681339
 0.100475	 0.683834
 0.0994805	 0.686256
 0.0984955	 0.68863
 0.0975203	 0.690935
 0.0965548	 0.693177
 0.0955988	 0.695356
 0.0946522	 0.697474
 0.0937151	 0.699533
 0.0927872	 0.701532
 0.0918685	 0.703473
 0.0909589	 0.705359
 0.0900584	 0.707189
 0.0891667	 0.708966
 0.0882839	 0.710692
 0.0874098	 0.712367
 0.0865443	 0.713993
 0.0856874	 0.715572
 0.084839	 0.717106
 0.0839991	 0.718596
 0.0831674	 0.720043
 0.0823439	 0.72145
 0.0815287	 0.722818
 0.0807214	 0.724149
 0.0799222	 0.725445
 0.0791309	 0.726708
 0.0783474	 0.727938
 0.0775717	 0.729139
 0.0768037	 0.730312
 0.0760433	 0.731459
 0.0752903	 0.732581
 0.0745449	 0.733681
 0.0738068	 0.73476
 0.0730761	 0.73582
 0.0723525	 0.736863
 0.0716362	 0.737891
 0.0709269	 0.738906
 0.0702247	 0.73991
 0.0695294	 0.740904
 0.068841	 0.74189
 0.0681594	 0.74287
 0.0674845	 0.743846
 0.0668164	 0.74482
 0.0661548	 0.745793
 0.0654998	 0.746768
 0.0648513	 0.747745
 0.0642092	 0.748727
 0.0635735	 0.749715
 0.062944	 0.750712
 0.0623208	 0.751717
 0.0617038	 0.752734
 0.0610929	 0.753764
 0.060488	 0.754808
 0.0598891	 0.755868
 0.0592961	 0.756945
 0.058709	 0.75804
 0.0581278	 0.759155
 0.0575522	 0.760292
 0.0569824	 0.76145
 0.0564182	 0.762633
 0.0558596	 0.76384
 0.0553066	 0.765072
 0.054759	 0.766332
 0.0542168	 0.767619
 0.05368	 0.768935
 0.0531485	 0.77028
 0.0526223	 0.771656
 0.0521013	 0.773062
 0.0515854	 0.7745
 0.0510747	 0.77597
 0.050569	 0.777473
 0.0500683	 0.77901
 0.0495726	 0.78058
 0.0490818	 0.782183
 0.0485958	 0.783822
 0.0481147	 0.785494
 0.0476383	 0.787202
 0.0471666	 0.788945
 0.0466996	 0.790722
 0.0462372	 0.792535
 0.0457795	 0.794383
 0.0453262	 0.796266
 0.0448774	 0.798184
 0.0444331	 0.800137
 0.0439932	 0.802125
 0.0435576	 0.804147
 0.0431263	 0.806204
 0.0426993	 0.808296
 0.0422766	 0.810421
 0.041858	 0.81258
 0.0414435	 0.814772
 0.0410332	 0.816997
 0.0406269	 0.819255
 0.0402247	 0.821545
 0.0398264	 0.823868
 0.0394321	 0.826221
 0.0390417	 0.828606
 0.0386551	 0.831022
 0.0382724	 0.833467
 0.0378935	 0.835943
 0.0375183	 0.838447
 0.0371468	 0.84098
 0.036779	 0.843542
 0.0364149	 0.846131
 0.0360543	 0.848747
 0.0356974	 0.851389
 0.0353439	 0.854057
 0.034994	 0.856751
 0.0346475	 0.859469
 0.0343045	 0.862211
 0.0339648	 0.864976
 0.0336285	 0.867764
 0.0332956	 0.870574
 0.0329659	 0.873405
 0.0326395	 0.876256
 0.0323164	 0.879127
 0.0319964	 0.882016
 0.0316796	 0.884924
 0.0313659	 0.887849
 0.0310554	 0.89079
 0.0307479	 0.893747
 0.0304435	 0.896719
 0.0301421	 0.899704
 0.0298436	 0.902703
 0.0295481	 0.905713
 0.0292556	 0.908735
 0.0289659	 0.911767
 0.0286791	 0.914808
 0.0283952	 0.917857
 0.028114	 0.920914
 0.0278357	 0.923978
 0.0275601	 0.927048
 0.0272872	 0.930122
 0.027017	 0.9332
 0.0267495	 0.936281
 0.0264847	 0.939364
 0.0262225	 0.942449
 0.0259628	 0.945534
 0.0257058	 0.948618
 0.0254513	 0.951701
 0.0251993	 0.954782
 0.0249498	 0.95786
 0.0247028	 0.960935
 0.0244582	 0.964005
 0.024216	 0.967069
 0.0239763	 0.970128
 0.0237389	 0.97318
 0.0235038	 0.976224
 0.0232711	 0.97926
 0.0230407	 0.982288
 0.0228126	 0.985306
 0.0225867	 0.988314
 0.0223631	 0.991311
 0.0221417	 0.994297
 0.0219224	 0.997271
 0.0217054	 1.00023
 0.0214905	 1.00318
 0.0212777	 1.00612
 0.021067	 1.00904
 0.0208585	 1.01194
 0.0206519	 1.01483
 0.0204475	 1.01771
 0.020245	 1.02057
 0.0200446	 1.02341
 0.0198461	 1.02624
 0.0196496	 1.02905
 0.0194551	 1.03184
 0.0192624	 1.03461
 0.0190717	 1.03737
 0.0188829	 1.04011
 0.0186959	 1.04282
 0.0185108	 1.04552
 0.0183275	 1.0482
 0.0181461	 1.05086
 0.0179664	 1.05349
 0.0177885	 1.05611
 0.0176124	 1.05871
 0.017438	 1.06128
 0.0172654	 1.06383
 0.0170944	 1.06636
 0.0169252	 1.06887
 0.0167576	 1.07136
 0.0165917	 1.07382
 0.0164274	 1.07627
 0.0162648	 1.07869
 0.0161037	 1.08108
 0.0159443	 1.08346
 0.0157864	 1.08581
 0.0156301	 1.08813
 0.0154754	 1.09044
 0.0153221	 1.09272
 0.0151704	 1.09497
 0.0150202	 1.0972
 0.0148715	 1.09941
 0.0147243	 1.1016
 0.0145785	 1.10376
 0.0144342	 1.10589
 0.0142912	 1.10801
 0.0141497	 1.1101
 0.0140096	 1.11216
 0.0138709	 1.1142
 0.0137336	 1.11622
 0.0135976	 1.11821
 0.013463	 1.12018
 0.0133297	 1.12213
 0.0131977	 1.12405
 0.013067	 1.12594
 0.0129377	 1.12782
 0.0128096	 1.12967
 0.0126827	 1.1315
 0.0125572	 1.1333
 0.0124328	 1.13508
 0.0123098	 1.13684
 0.0121879	 1.13857
 0.0120672	 1.14028
 0.0119477	 1.14197
 0.0118294	 1.14363
 0.0117123	 1.14528
 0.0115963	 1.1469
 0.0114815	 1.1485
 0.0113678	 1.15007
 0.0112553	 1.15163
 0.0111439	 1.15316
 0.0110335	 1.15467
 0.0109243	 1.15616
 0.0108161	 1.15763
 0.010709	 1.15908
 0.010603	 1.1605
 0.010498	 1.16191
 0.0103941	 1.1633
 0.0102912	 1.16466
 0.0101893	 1.16601
 0.0100884	 1.16734
 0.0099885	 1.16865
 0.00988961	 1.16994
 0.00979169	 1.17121
 0.00969474	 1.17246
 0.00959876	 1.17369
 0.00950372	 1.17491
 0.00940962	 1.1761
 0.00931646	 1.17728
 0.00922422	 1.17845
 0.00913289	 1.17959
 0.00904246	 1.18072
 0.00895293	 1.18183
 0.00886429	 1.18293
 0.00877652	 1.18401
 0.00868963	 1.18507
 0.00860359	 1.18612
 0.00851841	 1.18716
 0.00843407	 1.18817
 0.00835056	 1.18918
 0.00826788	 1.19017
 0.00818602	 1.19114
 0.00810497	 1.1921
 0.00802473	 1.19305
 0.00794527	 1.19398
 0.00786661	 1.19491
 0.00778872	 1.19581
 0.0077116	 1.19671
 0.00763525	 1.19748
 0.00755965	 1.19793
 0.00748481	 1.19837
 0.0074107	 1.19881
 0.00733733	 1.19924
 0.00726468	 1.19966
 0.00719275	 1.20008
 0.00712154	 1.2005
 0.00705103	 1.20091
 0.00698121	 1.20132
 0.00691209	 1.20172
 0.00684366	 1.20211
 0.0067759	 1.2025
 0.00670881	 1.20289
 0.00664239	 1.20327
 0.00657662	 1.20365
 0.0065115	 1.20403
 0.00644703	 1.20439
 0.0063832	 1.20476
 0.00632	 1.20512
 0.00625743	 1.20548
 0.00619547	 1.20583
 0.00613413	 1.20618
 0.0060734	 1.20652
 0.00601327	 1.20686
 0.00595373	 1.2072
 0.00589478	 1.20753
 0.00583642	 1.20786
 0.00577863	 1.20818
 0.00572142	 1.2085
 0.00566477	 1.20882
 0.00560868	 1.20913
 0.00555315	 1.20944
 0.00549817	 1.20975
 0.00544373	 1.21006
 0.00538983	 1.21035
 0.00533647	 1.21065
 0.00528363	 1.21094
 0.00523132	 1.21123
 0.00517952	 1.21152
 0.00512824	 1.2118
 0.00507747	 1.21209
 0.00502719	 1.21236
 0.00497742	 1.21264
 0.00492814	 1.21291
 0.00487934	 1.21318
 0.00483103	 1.21344
 0.0047832	 1.2137
 0.00473584	 1.21396
 0.00468895	 1.21422
 0.00464253	 1.21447
 0.00459656	 1.21472
 0.00455105	 1.21497
 0.00450599	 1.21522
 0.00446138	 1.21546
 0.00441721	 1.2157
 0.00437347	 1.21594
 0.00433017	 1.21617
 0.0042873	 1.2164
 0.00424485	 1.21663
 0.00420282	 1.21686
 0.00416121	 1.21708
 0.00412001	 1.2173
 0.00407922	 1.21752
 0.00403883	 1.21774
 0.00399884	 1.21796
 0.00395925	 1.21817
 0.00392005	 1.21838
 0.00388123	 1.21859
 0.00384281	 1.21879
 0.00380476	 1.21899
 0.00376709	 1.21919
 0.00372979	 1.21939
 0.00369286	 1.21959
 0.0036563	 1.21978
 0.0036201	 1.21998
 0.00358426	 1.22017
 0.00354877	 1.22035
 0.00351363	 1.22054
 0.00347884	 1.22072
 0.0034444	 1.2209
 0.0034103	 1.22108
 0.00337653	 1.22126
 0.0033431	 1.22144
 0.00331	 1.22161
 0.00327723	 1.22178
 0.00324478	 1.22195
 0.00321265	 1.22212
 0.00318084	 1.22229
 0.00314935	 1.22245
 0.00311817	 1.22261
 0.0030873	 1.22277
 0.00305673	 1.22293
 0.00302646	 1.22309
 0.0029965	 1.22324
 0.00296683	 1.2234
 0.00293746	 1.22355
 0.00290837	 1.2237
 0.00287958	 1.22385
 0.00285107	 1.22399
 0.00282284	 1.22414
 0.00279489	 1.22428
 0.00276722	 1.22442
 0.00273982	 1.22456
 0.00271269	 1.2247
 0.00268583	 1.22484
 0.00265924	 1.22497
 0.00263291	 1.22511
 0.00260684	 1.22524
 0.00258103	 1.22537
 0.00255548	 1.2255
 0.00253018	 1.22563
 0.00250513	 1.22576
 0.00248032	 1.22588
 0.00245576	 1.226
 0.00243145	 1.22613
 0.00240738	 1.22625
 0.00238354	 1.22637
 0.00235994	 1.22648
 0.00233658	 1.2266
 0.00231344	 1.22672
 0.00229054	 1.22683
 0.00226786	 1.22694
 0.0022454	 1.22706
 0.00222317	 1.22717
 0.00220116	 1.22728
 0.00217937	 1.22738
 0.00215779	 1.22749
 0.00213642	 1.2276
 0.00211527	 1.2277
 0.00209433	 1.2278
 0.00207359	 1.22791
 0.00205306	 1.22801
 0.00203273	 1.22811
 0.00201261	 1.2282
 0.00199268	 1.2283
 0.00197295	 1.2284
 0.00195342	 1.22849
 0.00193408	 1.22859
 0.00191493	 1.22868
 0.00189597	 1.22877
 0.0018772	 1.22887
 0.00185861	 1.22896
 0.00184021	 1.22905
 0.00182199	 1.22913
 0.00180395	 1.22922
 0.00178609	 1.22931
 0.0017684	 1.22939
 0.00175089	 1.22948
 0.00173356	 1.22956
 0.0017164	 1.22964
 0.0016994	 1.22972
 0.00168258	 1.22981
 0.00166592	 1.22989
 0.00164942	 1.22996
 0.00163309	 1.23004
 0.00161692	 1.23012
 0.00160091	 1.2302
 0.00158506	 1.23027
 0.00156937	 1.23035
 0.00155383	 1.23042
 0.00153845	 1.23049
 0.00152321	 1.23057
 0.00150813	 1.23064
 0.0014932	 1.23071
 0.00147842	 1.23078
 0.00146378	 1.23085
 0.00144929	 1.23092
 0.00143494	 1.23098
 0.00142073	 1.23105
 0.00140666	 1.23112
 0.00139273	 1.23118
 0.00137895	 1.23125
 0.00136529	 1.23131
 0.00135177	 1.23138
 0.00133839	 1.23144
 0.00132514	 1.2315
 0.00131202	 1.23156
 0.00129903	 1.23162
 0.00128617	 1.23168
 0.00127343	 1.23174
 0.00126082	 1.2318
 0.00124834	 1.23186
 0.00123598	 1.23192
 0.00122374	 1.23198
 0.00121163	 1.23203
 0.00119963	 1.23209
 0.00118775	 1.23214
 0.00117599	 1.2322
 0.00116435	 1.23225
 0.00115282	 1.23231
 0.00114141	 1.23236
 0.00113011	 1.23241
 0.00111892	 1.23246
 0.00110784	 1.23251
 0.00109687	 1.23256
 0.00108601	 1.23261
 0.00107526	 1.23266
 0.00106461	 1.23271
 0.00105407	 1.23276
 0.00104363	 1.23281
 0.0010333	 1.23286
 0.00102307	 1.2329
 0.00101294	 1.23295
 0.00100291	 1.233
 0.000992983	 1.23304
 0.000983151	 1.23309
 0.000973417	 1.23313
 0.000963779	 1.23318
 0.000954237	 1.23322
 0.000944789	 1.23326
 0.000935435	 1.23331
 0.000926173	 1.23335
 0.000917003	 1.23339
 0.000907924	 1.23343
 0.000898934	 1.23347
 0.000890034	 1.23351
 0.000881222	 1.23355
 0.000872497	 1.23359
 0.000863858	 1.23363
 0.000855305	 1.23367
 0.000846837	 1.23371
 0.000838452	 1.23375
 0.000830151	 1.23379
 0.000821931	 1.23382
 0.000813794	 1.23386
 0.000805736	 1.2339
 0.000797759	 1.23393
 0.00078986	 1.23397
 0.00078204	 1.234
 0.000774297	 1.23404
 0.00076663	 1.23407
 0.00075904	 1.23411
 0.000751525	 1.23414
 0.000744084	 1.23418
 0.000736717	 1.23421
 0.000729422	 1.23424
 0.0007222	 1.23427
 0.00071505	 1.23431
 0.00070797	 1.23434
 0.000700961	 1.23437
 0.00069402	 1.2344
 0.000687149	 1.23443
 0.000680345	 1.23446
 0.000673609	 1.23449
 0.00066694	 1.23452
 0.000660337	 1.23455
 0.000653799	 1.23458
 0.000647325	 1.23461
 0.000640916	 1.23464
 0.000634571	 1.23467
 0.000628288	 1.2347
 0.000622067	 1.23472
 0.000615908	 1.23475
 0.00060981	 1.23478
 0.000603772	 1.23481
 0.000597794	 1.23483
 0.000591875	 1.23486
 0.000586015	 1.23489
 0.000580213	 1.23491
 0.000574468	 1.23494
 0.000568781	 1.23496
 0.000563149	 1.23499
 0.000557573	 1.23501
 0.000552053	 1.23504
 0.000546587	 1.23506
 0.000541175	 1.23509
 0.000535817	 1.23511
 0.000530512	 1.23513
 0.000525259	 1.23516
 0.000520059	 1.23518
 0.00051491	 1.2352
 0.000509812	 1.23522
 0.000504764	 1.23525
 0.000499766	 1.23527
 0.000494818	 1.23529
 0.000489919	 1.23531
 0.000485068	 1.23533
 0.000480266	 1.23536
 0.00047551	 1.23538
 0.000470802	 1.2354
 0.000466141	 1.23542
 0.000461526	 1.23544
 0.000456956	 1.23546
 0.000452432	 1.23548
 0.000447952	 1.2355
 0.000443517	 1.23552
 0.000439126	 1.23554
 0.000434778	 1.23556
 0.000430473	 1.23558
 0.000426211	 1.23559
 0.000421991	 1.23561
 0.000417813	 1.23563
 0.000413676	 1.23565
 0.000409581	 1.23567
 0.000405525	 1.23569
 0.00040151	 1.2357
 0.000397535	 1.23572
 0.000393599	 1.23574
 0.000389702	 1.23576
 0.000385844	 1.23577
 0.000382023	 1.23579
 0.000378241	 1.23581
 0.000374496	 1.23582
 0.000370788	 1.23584
 0.000367117	 1.23586
 0.000363482	 1.23587
 0.000359883	 1.23589
 0.00035632	 1.2359
 0.000352792	 1.23592
 0.000349299	 1.23593
 0.000345841	 1.23595
 0.000342417	 1.23596
 0.000339026	 1.23598
 0.00033567	 1.23599
 0.000332346	 1.23601
 0.000329056	 1.23602
 0.000325798	 1.23604
 0.000322572	 1.23605
 0.000319378	 1.23606
 0.000316216	 1.23608
 0.000313085	 1.23609
 0.000309985	 1.23611
 0.000306916	 1.23612
 0.000303877	 1.23613
 0.000300869	 1.23615
 0.00029789	 1.23616
 0.00029494	 1.23617
 0.00029202	 1.23618
 0.000289129	 1.2362
 0.000286266	 1.23621
 0.000283432	 1.23622
 0.000280626	 1.23623
 0.000277847	 1.23625
 0.000275096	 1.23626
 0.000272372	 1.23627
 0.000269676	 1.23628
 0.000267006	 1.23629
 0.000264362	 1.23631
 0.000261745	 1.23632
 0.000259153	 1.23633
 0.000256587	 1.23634
 0.000254047	 1.23635
 0.000251531	 1.23636
 0.000249041	 1.23637
 0.000246575	 1.23638
 0.000244134	 1.23639
 0.000241717	 1.2364
 0.000239323	 1.23641
 0.000236954	 1.23643
 0.000234608	 1.23644
 0.000232285	 1.23645
 0.000229985	 1.23646
 0.000227708	 1.23647
 0.000225454	 1.23648
 0.000223221	 1.23649
 0.000221011	 1.23649
 0.000218823	 1.2365
 0.000216656	 1.23651
 0.000214511	 1.23652
 0.000212387	 1.23653
 0.000210285	 1.23654
 0.000208203	 1.23655
 0.000206141	 1.23656
 0.0002041	 1.23657
 0.000202079	 1.23658
 0.000200079	 1.23659
 0.000198098	 1.23659
 0.000196136	 1.2366
 0.000194194	 1.23661
 0.000192272	 1.23662
 0.000190368	 1.23663
 0.000188483	 1.23664
 0.000186617	 1.23664
 0.000184769	 1.23665
 0.00018294	 1.23666
 0.000181129	 1.23667
 0.000179335	 1.23668
 0.00017756	 1.23668
 0.000175802	 1.23669
 0.000174061	 1.2367
 0.000172338	 1.23671
 0.000170631	 1.23671
 0.000168942	 1.23672
 0.000167269	 1.23673
 0.000165613	 1.23674
 0.000163973	 1.23674
 0.00016235	 1.23675
 0.000160742	 1.23676
 0.000159151	 1.23676
 0.000157575	 1.23677
 0.000156015	 1.23678
 0.00015447	 1.23678
 0.000152941	 1.23679
 0.000151427	 1.2368
 0.000149927	 1.2368
 0.000148443	 1.23681
 0.000146973	 1.23682
 0.000145518	 1.23682
 0.000144077	 1.23683
 0.000142651	 1.23683
 0.000141238	 1.23684
 0.00013984	 1.23685
 0.000138455	 1.23685
 0.000137084	 1.23686
 0.000135727	 1.23686
 0.000134383	 1.23687
 0.000133053	 1.23688
 0.000131736	 1.23688
 0.000130431	 1.23689
 0.00012914	 1.23689
 0.000127861	 1.2369
 0.000126595	 1.2369
 0.000125342	 1.23691
 0.000124101	 1.23692
 0.000122872	 1.23692
 0.000121656	 1.23693
 0.000120451	 1.23693
 0.000119258	 1.23694
 0.000118078	 1.23694
 0.000116909	 1.23695
 0.000115751	 1.23695
 0.000114605	 1.23696
 0.00011347	 1.23696
 0.000112347	 1.23697
 0.000111234	 1.23697
 0.000110133	 1.23698
 0.000109043	 1.23698
 0.000107963	 1.23698
 0.000106894	 1.23699
 0.000105836	 1.23699
 0.000104788	 1.237
 0.00010375	 1.237
 0.000102723	 1.23701
 0.000101706	 1.23701
 0.000100699	 1.23702
 9.97021e-05	 1.23702
 9.8715e-05	 1.23702
 9.77376e-05	 1.23703
 9.67699e-05	 1.23703
 9.58118e-05	 1.23704
 9.48631e-05	 1.23704
 9.39239e-05	 1.23705
 9.2994e-05	 1.23705
 9.20732e-05	 1.23705
 9.11616e-05	 1.23706
 9.0259e-05	 1.23706
 8.93654e-05	 1.23707
 8.84806e-05	 1.23707
 8.76045e-05	 1.23707
 8.67371e-05	 1.23708
 8.58784e-05	 1.23708
 8.50281e-05	 1.23708
 8.41862e-05	 1.23709
 8.33527e-05	 1.23709
 8.25274e-05	 1.23709
 8.17103e-05	 1.2371
 8.09013e-05	 1.2371
 8.01003e-05	 1.23711
 7.93072e-05	 1.23711
 7.8522e-05	 1.23711
 7.77446e-05	 1.23712
 7.69748e-05	 1.23712
 7.62127e-05	 1.23712
 7.54581e-05	 1.23713
 7.4711e-05	 1.23713
 7.39713e-05	 1.23713
 7.32389e-05	 1.23713
 7.25138e-05	 1.23714
 7.17958e-05	 1.23714
 7.10849e-05	 1.23714
 7.03811e-05	 1.23715
 6.96843e-05	 1.23715
 6.89944e-05	 1.23715
 6.83112e-05	 1.23716
 6.76349e-05	 1.23716
 6.69652e-05	 1.23716
 6.63022e-05	 1.23716
 6.56458e-05	 1.23717
 6.49958e-05	 1.23717
 6.43523e-05	 1.23717
 6.37151e-05	 1.23718
 6.30843e-05	 1.23718
 6.24597e-05	 1.23718
 6.18413e-05	 1.23718
 6.1229e-05	 1.23719
 6.06228e-05	 1.23719
 6.00225e-05	 1.23719
 5.94282e-05	 1.23719
 5.88398e-05	 1.2372
 5.82573e-05	 1.2372
 5.76805e-05	 1.2372
 5.71094e-05	 1.2372
 5.65439e-05	 1.23721
 5.59841e-05	 1.23721
 5.54298e-05	 1.23721
 5.4881e-05	 1.23721
 5.43376e-05	 1.23722
 5.37996e-05	 1.23722
 5.32669e-05	 1.23722
 5.27396e-05	 1.23722
 5.22174e-05	 1.23723
 5.17004e-05	 1.23723
 5.11885e-05	 1.23723
 5.06817e-05	 1.23723
 5.01799e-05	 1.23723
 4.9683e-05	 1.23724
 4.91911e-05	 1.23724
 4.87041e-05	 1.23724
 4.82219e-05	 1.23724
 4.77444e-05	 1.23724
 4.72717e-05	 1.23725
 4.68037e-05	 1.23725
 4.63403e-05	 1.23725
 4.58815e-05	 1.23725
 4.54272e-05	 1.23725
 4.49774e-05	 1.23726
 4.45321e-05	 1.23726
 4.40912e-05	 1.23726
 4.36546e-05	 1.23726
 4.32224e-05	 1.23726
 4.27945e-05	 1.23727
 4.23708e-05	 1.23727
 4.19512e-05	 1.23727
 4.15359e-05	 1.23727
 4.11246e-05	 1.23727
 4.07175e-05	 1.23727
 4.03143e-05	 1.23728
 3.99152e-05	 1.23728
 3.952e-05	 1.23728
 3.91287e-05	 1.23728
 3.87413e-05	 1.23728
 3.83577e-05	 1.23728
 3.79779e-05	 1.23729
 3.76019e-05	 1.23729
 3.72296e-05	 1.23729
 3.6861e-05	 1.23729
 3.6496e-05	 1.23729
 3.61347e-05	 1.23729
 3.57769e-05	 1.2373
 3.54227e-05	 1.2373
 3.5072e-05	 1.2373
 3.47247e-05	 1.2373
 3.43809e-05	 1.2373
 3.40405e-05	 1.2373
 3.37035e-05	 1.2373
 3.33698e-05	 1.23731
 3.30394e-05	 1.23731
 3.27123e-05	 1.23731
 3.23884e-05	 1.23731
 3.20677e-05	 1.23731
 3.17502e-05	 1.23731
 3.14358e-05	 1.23731
 3.11246e-05	 1.23732
 3.08164e-05	 1.23732
 3.05113e-05	 1.23732
 3.02092e-05	 1.23732
 2.99101e-05	 1.23732
 2.9614e-05	 1.23732
 2.93208e-05	 1.23732
 2.90305e-05	 1.23732
 2.8743e-05	 1.23733
 2.84585e-05	 1.23733
 2.81767e-05	 1.23733
 2.78977e-05	 1.23733
 2.76215e-05	 1.23733
 2.7348e-05	 1.23733
 2.70772e-05	 1.23733
 2.68091e-05	 1.23733
 2.65437e-05	 1.23734
 2.62809e-05	 1.23734
 2.60207e-05	 1.23734
 2.57631e-05	 1.23734
 2.5508e-05	 1.23734
 2.52554e-05	 1.23734
 2.50054e-05	 1.23734
 2.47578e-05	 1.23734
 2.45127e-05	 1.23734
 2.427e-05	 1.23735
 2.40297e-05	 1.23735
 2.37918e-05	 1.23735
 2.35562e-05	 1.23735
 2.3323e-05	 1.23735
 2.3092e-05	 1.23735
 2.28634e-05	 1.23735
 2.2637e-05	 1.23735
 2.24129e-05	 1.23735
 2.2191e-05	 1.23735
 2.19713e-05	 1.23736
 2.17538e-05	 1.23736
 2.15384e-05	 1.23736
 2.13251e-05	 1.23736
 2.1114e-05	 1.23736
 2.09049e-05	 1.23736
 2.06979e-05	 1.23736
 2.0493e-05	 1.23736
 2.02901e-05	 1.23736
 2.00892e-05	 1.23736
 1.98903e-05	 1.23736
 1.96934e-05	 1.23736
 1.94984e-05	 1.23737
 1.93054e-05	 1.23737
 1.91142e-05	 1.23737
 1.8925e-05	 1.23737
 1.87376e-05	 1.23737
 1.85521e-05	 1.23737
 1.83684e-05	 1.23737
 1.81865e-05	 1.23737
 1.80064e-05	 1.23737
 1.78282e-05	 1.23737
 1.76517e-05	 1.23737
 1.74769e-05	 1.23737
 1.73038e-05	 1.23738
 1.71325e-05	 1.23738
 1.69629e-05	 1.23738
 1.67949e-05	 1.23738
 1.66287e-05	 1.23738
 1.6464e-05	 1.23738
 1.6301e-05	 1.23738
 1.61396e-05	 1.23738
 1.59798e-05	 1.23738
 1.58216e-05	 1.23738
 1.56649e-05	 1.23738
 1.55098e-05	 1.23738
 1.53563e-05	 1.23738
 1.52042e-05	 1.23738
 1.50537e-05	 1.23738
 1.49047e-05	 1.23739
 1.47571e-05	 1.23739
 1.4611e-05	 1.23739
 1.44663e-05	 1.23739
 1.43231e-05	 1.23739
 1.41813e-05	 1.23739
 1.40409e-05	 1.23739
 1.39018e-05	 1.23739
 1.37642e-05	 1.23739
 1.36279e-05	 1.23739
 1.3493e-05	 1.23739
 1.33594e-05	 1.23739
 1.32271e-05	 1.23739
 1.30962e-05	 1.23739
 1.29665e-05	 1.23739
 1.28381e-05	 1.23739
 1.2711e-05	 1.23739
 1.25852e-05	 1.2374
 1.24606e-05	 1.2374
 1.23372e-05	 1.2374
 1.2215e-05	 1.2374
 1.20941e-05	 1.2374
 1.19743e-05	 1.2374
 1.18558e-05	 1.2374
 1.17384e-05	 1.2374
 1.16222e-05	 1.2374
 1.15071e-05	 1.2374
 1.13932e-05	 1.2374
 1.12804e-05	 1.2374
 1.11687e-05	 1.2374
 1.10581e-05	 1.2374
 1.09486e-05	 1.2374
 1.08402e-05	 1.2374
 1.07329e-05	 1.2374
 1.06266e-05	 1.2374
 1.05214e-05	 1.2374
 1.04172e-05	 1.2374
 1.03141e-05	 1.23741
 1.0212e-05	 1.23741
 1.01109e-05	 1.23741
 1.00108e-05	 1.23741
 -1.00108e-05	 1.23749
 -1.01109e-05	 1.23749
 -1.0212e-05	 1.23749
 -1.03141e-05	 1.23749
 -1.04172e-05	 1.23749
 -1.05214e-05	 1.23749
 -1.06266e-05	 1.23749
 -1.07329e-05	 1.2375
 -1.08402e-05	 1.2375
 -1.09486e-05	 1.2375
 -1.10581e-05	 1.2375
 -1.11687e-05	 1.2375
 -1.12804e-05	 1.2375
 -1.13932e-05	 1.2375
 -1.15071e-05	 1.2375
 -1.16222e-05	 1.2375
 -1.17384e-05	 1.2375
 -1.18558e-05	 1.2375
 -1.19743e-05	 1.2375
 -1.20941e-05	 1.2375
 -1.2215e-05	 1.2375
 -1.23372e-05	 1.2375
 -1.24606e-05	 1.2375
 -1.25852e-05	 1.2375
 -1.2711e-05	 1.2375
 -1.28381e-05	 1.2375
 -1.29665e-05	 1.2375
 -1.30962e-05	 1.23751
 -1.32271e-05	 1.23751
 -1.33594e-05	 1.23751
 -1.3493e-05	 1.23751
 -1.36279e-05	 1.23751
 -1.37642e-05	 1.23751
 -1.39018e-05	 1.23751
 -1.40409e-05	 1.23751
 -1.41813e-05	 1.23751
 -1.43231e-05	 1.23751
 -1.44663e-05	 1.23751
 -1.4611e-05	 1.23751
 -1.47571e-05	 1.23751
 -1.49047e-05	 1.23751
 -1.50537e-05	 1.23751
 -1.52042e-05	 1.23751
 -1.53563e-05	 1.23752
 -1.55098e-05	 1.23752
 -1.56649e-05	 1.23752
 -1.58216e-05	 1.23752
 -1.59798e-05	 1.23752
 -1.61396e-05	 1.23752
 -1.6301e-05	 1.23752
 -1.6464e-05	 1.23752
 -1.66287e-05	 1.23752
 -1.67949e-05	 1.23752
 -1.69629e-05	 1.23752
 -1.71325e-05	 1.23752
 -1.73038e-05	 1.23752
 -1.74769e-05	 1.23752
 -1.76517e-05	 1.23752
 -1.78282e-05	 1.23753
 -1.80064e-05	 1.23753
 -1.81865e-05	 1.23753
 -1.83684e-05	 1.23753
 -1.85521e-05	 1.23753
 -1.87376e-05	 1.23753
 -1.8925e-05	 1.23753
 -1.91142e-05	 1.23753
 -1.93054e-05	 1.23753
 -1.94984e-05	 1.23753
 -1.96934e-05	 1.23753
 -1.98903e-05	 1.23753
 -2.00892e-05	 1.23754
 -2.02901e-05	 1.23754
 -2.0493e-05	 1.23754
 -2.06979e-05	 1.23754
 -2.09049e-05	 1.23754
 -2.1114e-05	 1.23754
 -2.13251e-05	 1.23754
 -2.15384e-05	 1.23754
 -2.17538e-05	 1.23754
 -2.19713e-05	 1.23754
 -2.2191e-05	 1.23754
 -2.24129e-05	 1.23755
 -2.2637e-05	 1.23755
 -2.28634e-05	 1.23755
 -2.3092e-05	 1.23755
 -2.3323e-05	 1.23755
 -2.35562e-05	 1.23755
 -2.37918e-05	 1.23755
 -2.40297e-05	 1.23755
 -2.427e-05	 1.23755
 -2.45127e-05	 1.23755
 -2.47578e-05	 1.23756
 -2.50054e-05	 1.23756
 -2.52554e-05	 1.23756
 -2.5508e-05	 1.23756
 -2.57631e-05	 1.23756
 -2.60207e-05	 1.23756
 -2.62809e-05	 1.23756
 -2.65437e-05	 1.23756
 -2.68091e-05	 1.23756
 -2.70772e-05	 1.23757
 -2.7348e-05	 1.23757
 -2.76215e-05	 1.23757
 -2.78977e-05	 1.23757
 -2.81767e-05	 1.23757
 -2.84585e-05	 1.23757
 -2.8743e-05	 1.23757
 -2.90305e-05	 1.23757
 -2.93208e-05	 1.23757
 -2.9614e-05	 1.23758
 -2.99101e-05	 1.23758
 -3.02092e-05	 1.23758
 -3.05113e-05	 1.23758
 -3.08164e-05	 1.23758
 -3.11246e-05	 1.23758
 -3.14358e-05	 1.23758
 -3.17502e-05	 1.23759
 -3.20677e-05	 1.23759
 -3.23884e-05	 1.23759
 -3.27123e-05	 1.23759
 -3.30394e-05	 1.23759
 -3.33698e-05	 1.23759
 -3.37035e-05	 1.23759
 -3.40405e-05	 1.23759
 -3.43809e-05	 1.2376
 -3.47247e-05	 1.2376
 -3.5072e-05	 1.2376
 -3.54227e-05	 1.2376
 -3.57769e-05	 1.2376
 -3.61347e-05	 1.2376
 -3.6496e-05	 1.23761
 -3.6861e-05	 1.23761
 -3.72296e-05	 1.23761
 -3.76019e-05	 1.23761
 -3.79779e-05	 1.23761
 -3.83577e-05	 1.23761
 -3.87413e-05	 1.23762
 -3.91287e-05	 1.23762
 -3.952e-05	 1.23762
 -3.99152e-05	 1.23762
 -4.03143e-05	 1.23762
 -4.07175e-05	 1.23762
 -4.11246e-05	 1.23763
 -4.15359e-05	 1.23763
 -4.19512e-05	 1.23763
 -4.23708e-05	 1.23763
 -4.27945e-05	 1.23763
 -4.32224e-05	 1.23763
 -4.36546e-05	 1.23764
 -4.40912e-05	 1.23764
 -4.45321e-05	 1.23764
 -4.49774e-05	 1.23764
 -4.54272e-05	 1.23764
 -4.58815e-05	 1.23765
 -4.63403e-05	 1.23765
 -4.68037e-05	 1.23765
 -4.72717e-05	 1.23765
 -4.77444e-05	 1.23765
 -4.82219e-05	 1.23766
 -4.87041e-05	 1.23766
 -4.91911e-05	 1.23766
 -4.9683e-05	 1.23766
 -5.01799e-05	 1.23766
 -5.06817e-05	 1.23767
 -5.11885e-05	 1.23767
 -5.17004e-05	 1.23767
 -5.22174e-05	 1.23767
 -5.27396e-05	 1.23767
 -5.32669e-05	 1.23768
 -5.37996e-05	 1.23768
 -5.43376e-05	 1.23768
 -5.4881e-05	 1.23768
 -5.54298e-05	 1.23769
 -5.59841e-05	 1.23769
 -5.65439e-05	 1.23769
 -5.71094e-05	 1.23769
 -5.76805e-05	 1.2377
 -5.82573e-05	 1.2377
 -5.88398e-05	 1.2377
 -5.94282e-05	 1.2377
 -6.00225e-05	 1.23771
 -6.06228e-05	 1.23771
 -6.1229e-05	 1.23771
 -6.18413e-05	 1.23771
 -6.24597e-05	 1.23772
 -6.30843e-05	 1.23772
 -6.37151e-05	 1.23772
 -6.43523e-05	 1.23772
 -6.49958e-05	 1.23773
 -6.56458e-05	 1.23773
 -6.63022e-05	 1.23773
 -6.69652e-05	 1.23774
 -6.76349e-05	 1.23774
 -6.83112e-05	 1.23774
 -6.89944e-05	 1.23774
 -6.96843e-05	 1.23775
 -7.03811e-05	 1.23775
 -7.10849e-05	 1.23775
 -7.17958e-05	 1.23776
 -7.25138e-05	 1.23776
 -7.32389e-05	 1.23776
 -7.39713e-05	 1.23777
 -7.4711e-05	 1.23777
 -7.54581e-05	 1.23777
 -7.62127e-05	 1.23777
 -7.69748e-05	 1.23778
 -7.77446e-05	 1.23778
 -7.8522e-05	 1.23778
 -7.93072e-05	 1.23779
 -8.01003e-05	 1.23779
 -8.09013e-05	 1.23779
 -8.17103e-05	 1.2378
 -8.25274e-05	 1.2378
 -8.33527e-05	 1.23781
 -8.41862e-05	 1.23781
 -8.50281e-05	 1.23781
 -8.58784e-05	 1.23782
 -8.67371e-05	 1.23782
 -8.76045e-05	 1.23782
 -8.84806e-05	 1.23783
 -8.93654e-05	 1.23783
 -9.0259e-05	 1.23783
 -9.11616e-05	 1.23784
 -9.20732e-05	 1.23784
 -9.2994e-05	 1.23785
 -9.39239e-05	 1.23785
 -9.48631e-05	 1.23785
 -9.58118e-05	 1.23786
 -9.67699e-05	 1.23786
 -9.77376e-05	 1.23787
 -9.8715e-05	 1.23787
 -9.97021e-05	 1.23787
 -0.000100699	 1.23788
 -0.000101706	 1.23788
 -0.000102723	 1.23789
 -0.00010375	 1.23789
 -0.000104788	 1.2379
 -0.000105836	 1.2379
 -0.000106894	 1.23791
 -0.000107963	 1.23791
 -0.000109043	 1.23791
 -0.000110133	 1.23792
 -0.000111234	 1.23792
 -0.000112347	 1.23793
 -0.00011347	 1.23793
 -0.000114605	 1.23794
 -0.000115751	 1.23794
 -0.000116909	 1.23795
 -0.000118078	 1.23795
 -0.000119258	 1.23796
 -0.000120451	 1.23796
 -0.000121656	 1.23797
 -0.000122872	 1.23797
 -0.000124101	 1.23798
 -0.000125342	 1.23798
 -0.000126595	 1.23799
 -0.000127861	 1.23799
 -0.00012914	 1.238
 -0.000130431	 1.23801
 -0.000131736	 1.23801
 -0.000133053	 1.23802
 -0.000134383	 1.23802
 -0.000135727	 1.23803
 -0.000137084	 1.23803
 -0.000138455	 1.23804
 -0.00013984	 1.23805
 -0.000141238	 1.23805
 -0.000142651	 1.23806
 -0.000144077	 1.23806
 -0.000145518	 1.23807
 -0.000146973	 1.23808
 -0.000148443	 1.23808
 -0.000149927	 1.23809
 -0.000151427	 1.23809
 -0.000152941	 1.2381
 -0.00015447	 1.23811
 -0.000156015	 1.23811
 -0.000157575	 1.23812
 -0.000159151	 1.23813
 -0.000160742	 1.23813
 -0.00016235	 1.23814
 -0.000163973	 1.23815
 -0.000165613	 1.23815
 -0.000167269	 1.23816
 -0.000168942	 1.23817
 -0.000170631	 1.23818
 -0.000172338	 1.23818
 -0.000174061	 1.23819
 -0.000175802	 1.2382
 -0.00017756	 1.2382
 -0.000179335	 1.23821
 -0.000181129	 1.23822
 -0.00018294	 1.23823
 -0.000184769	 1.23824
 -0.000186617	 1.23824
 -0.000188483	 1.23825
 -0.000190368	 1.23826
 -0.000192272	 1.23827
 -0.000194194	 1.23828
 -0.000196136	 1.23828
 -0.000198098	 1.23829
 -0.000200079	 1.2383
 -0.000202079	 1.23831
 -0.0002041	 1.23832
 -0.000206141	 1.23833
 -0.000208203	 1.23833
 -0.000210285	 1.23834
 -0.000212387	 1.23835
 -0.000214511	 1.23836
 -0.000216656	 1.23837
 -0.000218823	 1.23838
 -0.000221011	 1.23839
 -0.000223221	 1.2384
 -0.000225454	 1.23841
 -0.000227708	 1.23842
 -0.000229985	 1.23843
 -0.000232285	 1.23844
 -0.000234608	 1.23845
 -0.000236954	 1.23846
 -0.000239323	 1.23847
 -0.000241717	 1.23848
 -0.000244134	 1.23849
 -0.000246575	 1.2385
 -0.000249041	 1.23851
 -0.000251531	 1.23852
 -0.000254047	 1.23853
 -0.000256587	 1.23854
 -0.000259153	 1.23855
 -0.000261745	 1.23856
 -0.000264362	 1.23857
 -0.000267006	 1.23858
 -0.000269676	 1.23859
 -0.000272372	 1.2386
 -0.000275096	 1.23862
 -0.000277847	 1.23863
 -0.000280626	 1.23864
 -0.000283432	 1.23865
 -0.000286266	 1.23866
 -0.000289129	 1.23867
 -0.00029202	 1.23869
 -0.00029494	 1.2387
 -0.00029789	 1.23871
 -0.000300869	 1.23872
 -0.000303877	 1.23874
 -0.000306916	 1.23875
 -0.000309985	 1.23876
 -0.000313085	 1.23877
 -0.000316216	 1.23879
 -0.000319378	 1.2388
 -0.000322572	 1.23881
 -0.000325798	 1.23883
 -0.000329056	 1.23884
 -0.000332346	 1.23886
 -0.00033567	 1.23887
 -0.000339026	 1.23888
 -0.000342417	 1.2389
 -0.000345841	 1.23891
 -0.000349299	 1.23893
 -0.000352792	 1.23894
 -0.00035632	 1.23896
 -0.000359883	 1.23897
 -0.000363482	 1.23899
 -0.000367117	 1.239
 -0.000370788	 1.23902
 -0.000374496	 1.23903
 -0.000378241	 1.23905
 -0.000382023	 1.23906
 -0.000385844	 1.23908
 -0.000389702	 1.23909
 -0.000393599	 1.23911
 -0.000397535	 1.23913
 -0.00040151	 1.23914
 -0.000405525	 1.23916
 -0.000409581	 1.23918
 -0.000413676	 1.23919
 -0.000417813	 1.23921
 -0.000421991	 1.23923
 -0.000426211	 1.23925
 -0.000430473	 1.23926
 -0.000434778	 1.23928
 -0.000439126	 1.2393
 -0.000443517	 1.23932
 -0.000447952	 1.23934
 -0.000452432	 1.23935
 -0.000456956	 1.23937
 -0.000461526	 1.23939
 -0.000466141	 1.23941
 -0.000470802	 1.23943
 -0.00047551	 1.23945
 -0.000480266	 1.23947
 -0.000485068	 1.23949
 -0.000489919	 1.23951
 -0.000494818	 1.23953
 -0.000499766	 1.23955
 -0.000504764	 1.23957
 -0.000509812	 1.23959
 -0.00051491	 1.23961
 -0.000520059	 1.23963
 -0.000525259	 1.23966
 -0.000530512	 1.23968
 -0.000535817	 1.2397
 -0.000541175	 1.23972
 -0.000546587	 1.23974
 -0.000552053	 1.23977
 -0.000557573	 1.23979
 -0.000563149	 1.23981
 -0.000568781	 1.23983
 -0.000574468	 1.23986
 -0.000580213	 1.23988
 -0.000586015	 1.2399
 -0.000591875	 1.23993
 -0.000597794	 1.23995
 -0.000603772	 1.23998
 -0.00060981	 1.24
 -0.000615908	 1.24003
 -0.000622067	 1.24005
 -0.000628288	 1.24008
 -0.000634571	 1.2401
 -0.000640916	 1.24013
 -0.000647325	 1.24016
 -0.000653799	 1.24018
 -0.000660337	 1.24021
 -0.00066694	 1.24024
 -0.000673609	 1.24026
 -0.000680345	 1.24029
 -0.000687149	 1.24032
 -0.00069402	 1.24035
 -0.000700961	 1.24037
 -0.00070797	 1.2404
 -0.00071505	 1.24043
 -0.0007222	 1.24046
 -0.000729422	 1.24049
 -0.000736717	 1.24052
 -0.000744084	 1.24055
 -0.000751525	 1.24058
 -0.00075904	 1.24061
 -0.00076663	 1.24064
 -0.000774297	 1.24067
 -0.00078204	 1.2407
 -0.00078986	 1.24073
 -0.000797759	 1.24076
 -0.000805736	 1.2408
 -0.000813794	 1.24083
 -0.000821931	 1.24086
 -0.000830151	 1.2409
 -0.000838452	 1.24093
 -0.000846837	 1.24096
 -0.000855305	 1.241
 -0.000863858	 1.24103
 -0.000872497	 1.24106
 -0.000881222	 1.2411
 -0.000890034	 1.24113
 -0.000898934	 1.24117
 -0.000907924	 1.24121
 -0.000917003	 1.24124
 -0.000926173	 1.24128
 -0.000935435	 1.24132
 -0.000944789	 1.24135
 -0.000954237	 1.24139
 -0.000963779	 1.24143
 -0.000973417	 1.24147
 -0.000983151	 1.24151
 -0.000992983	 1.24154
 -0.00100291	 1.24158
 -0.00101294	 1.24162
 -0.00102307	 1.24166
 -0.0010333	 1.2417
 -0.00104363	 1.24175
 -0.00105407	 1.24179
 -0.00106461	 1.24183
 -0.00107526	 1.24187
 -0.00108601	 1.24191
 -0.00109687	 1.24195
 -0.00110784	 1.242
 -0.00111892	 1.24204
 -0.00113011	 1.24209
 -0.00114141	 1.24213
 -0.00115282	 1.24217
 -0.00116435	 1.24222
 -0.00117599	 1.24226
 -0.00118775	 1.24231
 -0.00119963	 1.24236
 -0.00121163	 1.2424
 -0.00122374	 1.24245
 -0.00123598	 1.2425
 -0.00124834	 1.24255
 -0.00126082	 1.2426
 -0.00127343	 1.24264
 -0.00128617	 1.24269
 -0.00129903	 1.24274
 -0.00131202	 1.24279
 -0.00132514	 1.24284
 -0.00133839	 1.2429
 -0.00135177	 1.24295
 -0.00136529	 1.243
 -0.00137895	 1.24305
 -0.00139273	 1.2431
 -0.00140666	 1.24316
 -0.00142073	 1.24321
 -0.00143494	 1.24327
 -0.00144929	 1.24332
 -0.00146378	 1.24338
 -0.00147842	 1.24343
 -0.0014932	 1.24349
 -0.00150813	 1.24355
 -0.00152321	 1.2436
 -0.00153845	 1.24366
 -0.00155383	 1.24372
 -0.00156937	 1.24378
 -0.00158506	 1.24384
 -0.00160091	 1.2439
 -0.00161692	 1.24396
 -0.00163309	 1.24402
 -0.00164942	 1.24408
 -0.00166592	 1.24414
 -0.00168258	 1.2442
 -0.0016994	 1.24427
 -0.0017164	 1.24433
 -0.00173356	 1.24439
 -0.00175089	 1.24446
 -0.0017684	 1.24452
 -0.00178609	 1.24459
 -0.00180395	 1.24466
 -0.00182199	 1.24472
 -0.00184021	 1.24479
 -0.00185861	 1.24486
 -0.0018772	 1.24493
 -0.00189597	 1.245
 -0.00191493	 1.24507
 -0.00193408	 1.24514
 -0.00195342	 1.24521
 -0.00197295	 1.24528
 -0.00199268	 1.24535
 -0.00201261	 1.24542
 -0.00203273	 1.2455
 -0.00205306	 1.24557
 -0.00207359	 1.24565
 -0.00209433	 1.24572
 -0.00211527	 1.2458
 -0.00213642	 1.24587
 -0.00215779	 1.24595
 -0.00217937	 1.24603
 -0.00220116	 1.24611
 -0.00222317	 1.24619
 -0.0022454	 1.24627
 -0.00226786	 1.24635
 -0.00229054	 1.24643
 -0.00231344	 1.24651
 -0.00233658	 1.24659
 -0.00235994	 1.24667
 -0.00238354	 1.24676
 -0.00240738	 1.24684
 -0.00243145	 1.24693
 -0.00245576	 1.24701
 -0.00248032	 1.2471
 -0.00250513	 1.24719
 -0.00253018	 1.24727
 -0.00255548	 1.24736
 -0.00258103	 1.24745
 -0.00260684	 1.24754
 -0.00263291	 1.24763
 -0.00265924	 1.24772
 -0.00268583	 1.24781
 -0.00271269	 1.24791
 -0.00273982	 1.248
 -0.00276722	 1.24809
 -0.00279489	 1.24819
 -0.00282284	 1.24828
 -0.00285107	 1.24838
 -0.00287958	 1.24848
 -0.00290837	 1.24857
 -0.00293746	 1.24867
 -0.00296683	 1.24877
 -0.0029965	 1.24887
 -0.00302646	 1.24897
 -0.00305673	 1.24907
 -0.0030873	 1.24917
 -0.00311817	 1.24927
 -0.00314935	 1.24938
 -0.00318084	 1.24948
 -0.00321265	 1.24959
 -0.00324478	 1.24969
 -0.00327723	 1.2498
 -0.00331	 1.2499
 -0.0033431	 1.25001
 -0.00337653	 1.25012
 -0.0034103	 1.25023
 -0.0034444	 1.25034
 -0.00347884	 1.25045
 -0.00351363	 1.25056
 -0.00354877	 1.25067
 -0.00358426	 1.25078
 -0.0036201	 1.25089
 -0.0036563	 1.25101
 -0.00369286	 1.25112
 -0.00372979	 1.25124
 -0.00376709	 1.25135
 -0.00380476	 1.25147
 -0.00384281	 1.25158
 -0.00388123	 1.2517
 -0.00392005	 1.25182
 -0.00395925	 1.25194
 -0.00399884	 1.25206
 -0.00403883	 1.25218
 -0.00407922	 1.2523
 -0.00412001	 1.25242
 -0.00416121	 1.25254
 -0.00420282	 1.25267
 -0.00424485	 1.25279
 -0.0042873	 1.25291
 -0.00433017	 1.25304
 -0.00437347	 1.25316
 -0.00441721	 1.25329
 -0.00446138	 1.25341
 -0.00450599	 1.25354
 -0.00455105	 1.25367
 -0.00459656	 1.2538
 -0.00464253	 1.25393
 -0.00468895	 1.25406
 -0.00473584	 1.25419
 -0.0047832	 1.25432
 -0.00483103	 1.25445
 -0.00487934	 1.25458
 -0.00492814	 1.25471
 -0.00497742	 1.25484
 -0.00502719	 1.25498
 -0.00507747	 1.25511
 -0.00512824	 1.25525
 -0.00517952	 1.25538
 -0.00523132	 1.25552
 -0.00528363	 1.25565
 -0.00533647	 1.25579
 -0.00538983	 1.25593
 -0.00544373	 1.25606
 -0.00549817	 1.2562
 -0.00555315	 1.25634
 -0.00560868	 1.25648
 -0.00566477	 1.25662
 -0.00572142	 1.25676
 -0.00577863	 1.2569
 -0.00583642	 1.25704
 -0.00589478	 1.25718
 -0.00595373	 1.25732
 -0.00601327	 1.25747
 -0.0060734	 1.25761
 -0.00613413	 1.25775
 -0.00619547	 1.2579
 -0.00625743	 1.25804
 -0.00632	 1.25819
 -0.0063832	 1.25833
 -0.00644703	 1.25848
 -0.0065115	 1.25862
 -0.00657662	 1.25877
 -0.00664239	 1.25891
 -0.00670881	 1.25906
 -0.0067759	 1.25921
 -0.00684366	 1.25936
 -0.00691209	 1.25951
 -0.00698121	 1.25965
 -0.00705103	 1.2598
 -0.00712154	 1.25995
 -0.00719275	 1.2601
 -0.00726468	 1.26025
 -0.00733733	 1.2604
 -0.0074107	 1.26055
 -0.00748481	 1.2607
 -0.00755965	 1.26086
 -0.00763525	 1.26101
 -0.0077116	 1.26116
 -0.00778872	 1.26131
 -0.00786661	 1.26146
 -0.00794527	 1.26162
 -0.00802473	 1.26177
 -0.00810497	 1.26192
 -0.00818602	 1.26207
 -0.00826788	 1.26223
 -0.00835056	 1.26238
 -0.00843407	 1.26253
 -0.00851841	 1.26269
 -0.00860359	 1.26284
 -0.00868963	 1.263
 -0.00877652	 1.26315
 -0.00886429	 1.2633
 -0.00895293	 1.26346
 -0.00904246	 1.26361
 -0.00913289	 1.26377
 -0.00922422	 1.26392
 -0.00931646	 1.26408
 -0.00940962	 1.26423
 -0.00950372	 1.26439
 -0.00959876	 1.26454
 -0.00969474	 1.26469
 -0.00979169	 1.26464
 -0.00988961	 1.26443
 -0.0099885	 1.26421
 -0.0100884	 1.26399
 -0.0101893	 1.26376
 -0.0102912	 1.26353
 -0.0103941	 1.26329
 -0.010498	 1.26304
 -0.010603	 1.26279
 -0.010709	 1.26254
 -0.0108161	 1.26227
 -0.0109243	 1.262
 -0.0110335	 1.26173
 -0.0111439	 1.26144
 -0.0112553	 1.26115
 -0.0113678	 1.26085
 -0.0114815	 1.26054
 -0.0115963	 1.26023
 -0.0117123	 1.25991
 -0.0118294	 1.25958
 -0.0119477	 1.25924
 -0.0120672	 1.25889
 -0.0121879	 1.25853
 -0.0123098	 1.25816
 -0.0124328	 1.25779
 -0.0125572	 1.2574
 -0.0126827	 1.25701
 -0.0128096	 1.2566
 -0.0129377	 1.25618
 -0.013067	 1.25576
 -0.0131977	 1.25532
 -0.0133297	 1.25487
 -0.013463	 1.25441
 -0.0135976	 1.25394
 -0.0137336	 1.25346
 -0.0138709	 1.25297
 -0.0140096	 1.25247
 -0.0141497	 1.25195
 -0.0142912	 1.25142
 -0.0144342	 1.25089
 -0.0145785	 1.25034
 -0.0147243	 1.24977
 -0.0148715	 1.2492
 -0.0150202	 1.24862
 -0.0151704	 1.24802
 -0.0153221	 1.24741
 -0.0154754	 1.24679
 -0.0156301	 1.24616
 -0.0157864	 1.24551
 -0.0159443	 1.24486
 -0.0161037	 1.24419
 -0.0162648	 1.24351
 -0.0164274	 1.24282
 -0.0165917	 1.24212
 -0.0167576	 1.24141
 -0.0169252	 1.24069
 -0.0170944	 1.23995
 -0.0172654	 1.23921
 -0.017438	 1.23845
 -0.0176124	 1.23768
 -0.0177885	 1.23691
 -0.0179664	 1.23612
 -0.0181461	 1.23532
 -0.0183275	 1.23451
 -0.0185108	 1.23369
 -0.0186959	 1.23286
 -0.0188829	 1.23203
 -0.0190717	 1.23118
 -0.0192624	 1.23032
 -0.0194551	 1.22945
 -0.0196496	 1.22858
 -0.0198461	 1.22769
 -0.0200446	 1.22679
 -0.020245	 1.22589
 -0.0204475	 1.22498
 -0.0206519	 1.22405
 -0.0208585	 1.22312
 -0.021067	 1.22218
 -0.0212777	 1.22123
 -0.0214905	 1.22027
 -0.0217054	 1.2193
 -0.0219224	 1.21833
 -0.0221417	 1.21734
 -0.0223631	 1.21635
 -0.0225867	 1.21535
 -0.0228126	 1.21433
 -0.0230407	 1.21332
 -0.0232711	 1.21229
 -0.0235038	 1.21125
 -0.0237389	 1.2102
 -0.0239763	 1.20915
 -0.024216	 1.20809
 -0.0244582	 1.20701
 -0.0247028	 1.20593
 -0.0249498	 1.20484
 -0.0251993	 1.20374
 -0.0254513	 1.20264
 -0.0257058	 1.20152
 -0.0259628	 1.2004
 -0.0262225	 1.19926
 -0.0264847	 1.19812
 -0.0267495	 1.19696
 -0.027017	 1.1958
 -0.0272872	 1.19463
 -0.0275601	 1.19345
 -0.0278357	 1.19225
 -0.028114	 1.19105
 -0.0283952	 1.18984
 -0.0286791	 1.18862
 -0.0289659	 1.18739
 -0.0292556	 1.18614
 -0.0295481	 1.18489
 -0.0298436	 1.18362
 -0.0301421	 1.18235
 -0.0304435	 1.18106
 -0.0307479	 1.17976
 -0.0310554	 1.17845
 -0.0313659	 1.17713
 -0.0316796	 1.17579
 -0.0319964	 1.17445
 -0.0323164	 1.17309
 -0.0326395	 1.17171
 -0.0329659	 1.17033
 -0.0332956	 1.16893
 -0.0336285	 1.16751
 -0.0339648	 1.16608
 -0.0343045	 1.16464
 -0.0346475	 1.16318
 -0.034994	 1.16171
 -0.0353439	 1.16022
 -0.0356974	 1.15871
 -0.0360543	 1.15719
 -0.0364149	 1.15565
 -0.036779	 1.15409
 -0.0371468	 1.15252
 -0.0375183	 1.15093
 -0.0378935	 1.14932
 -0.0382724	 1.14769
 -0.0386551	 1.14605
 -0.0390417	 1.14438
 -0.0394321	 1.1427
 -0.0398264	 1.14099
 -0.0402247	 1.13927
 -0.0406269	 1.13752
 -0.0410332	 1.13575
 -0.0414435	 1.13396
 -0.041858	 1.13215
 -0.0422766	 1.13032
 -0.0426993	 1.12847
 -0.0431263	 1.12659
 -0.0435576	 1.12469
 -0.0439932	 1.12276
 -0.0444331	 1.12082
 -0.0448774	 1.11884
 -0.0453262	 1.11685
 -0.0457795	 1.11483
 -0.0462372	 1.11278
 -0.0466996	 1.11071
 -0.0471666	 1.10861
 -0.0476383	 1.10649
 -0.0481147	 1.10434
 -0.0485958	 1.10216
 -0.0490818	 1.09995
 -0.0495726	 1.09772
 -0.0500683	 1.09546
 -0.050569	 1.09317
 -0.0510747	 1.09086
 -0.0515854	 1.08851
 -0.0521013	 1.08613
 -0.0526223	 1.08373
 -0.0531485	 1.08129
 -0.05368	 1.07883
 -0.0542168	 1.07633
 -0.054759	 1.0738
 -0.0553066	 1.07124
 -0.0558596	 1.06865
 -0.0564182	 1.06602
 -0.0569824	 1.06337
 -0.0575522	 1.06068
 -0.0581278	 1.05795
 -0.058709	 1.05519
 -0.0592961	 1.0524
 -0.0598891	 1.04957
 -0.060488	 1.0467
 -0.0610929	 1.0438
 -0.0617038	 1.04087
 -0.0623208	 1.03789
 -0.062944	 1.03488
 -0.0635735	 1.03184
 -0.0642092	 1.02875
 -0.0648513	 1.02562
 -0.0654998	 1.02246
 -0.0661548	 1.01926
 -0.0668164	 1.01601
 -0.0674845	 1.01273
 -0.0681594	 1.0094
 -0.068841	 1.00604
 -0.0695294	 1.00263
 -0.0702247	 0.999179
 -0.0709269	 0.995686
 -0.0716362	 0.99215
 -0.0723525	 0.98857
 -0.0730761	 0.984946
 -0.0738068	 0.981277
 -0.0745449	 0.977564
 -0.0752903	 0.973804
 -0.0760433	 0.969999
 -0.0768037	 0.966147
 -0.0775717	 0.962248
 -0.0783474	 0.958301
 -0.0791309	 0.954307
 -0.0799222	 0.950264
 -0.0807214	 0.946172
 -0.0815287	 0.942032
 -0.0823439	 0.937841
 -0.0831674	 0.9336
 -0.0839991	 0.929309
 -0.084839	 0.924966
 -0.0856874	 0.920573
 -0.0865443	 0.916127
 -0.0874098	 0.91163
 -0.0882839	 0.90708
 -0.0891667	 0.902477
 -0.0900584	 0.897821
 -0.0909589	 0.893112
 -0.0918685	 0.88835
 -0.0927872	 0.883534
 -0.0937151	 0.878664
 -0.0946522	 0.873741
 -0.0955988	 0.868763
 -0.0965548	 0.863733
 -0.0975203	 0.85865
 -0.0984955	 0.853515
 -0.0994805	 0.848354
 -0.100475	 0.843068
 -0.10148	 0.837706
 -0.102495	 0.83233
 -0.10352	 0.826899
 -0.104555	 0.821418
 -0.105601	 0.815883
 -0.106657	 0.810296
 -0.107723	 0.804656
 -0.1088	 0.798963
 -0.109888	 0.793218
 -0.110987	 0.78742
 -0.112097	 0.781571
 -0.113218	 0.77567
 -0.11435	 0.769718
 -0.115494	 0.763715
 -0.116649	 0.757663
 -0.117815	 0.75156
 -0.118993	 0.745408
 -0.120183	 0.739208
 -0.121385	 0.73296
 -0.122599	 0.726664
 -0.123825	 0.720321
 -0.125063	 0.713932
 -0.126314	 0.707497
 -0.127577	 0.701016
 -0.128853	 0.694492
 -0.130141	 0.687923
 -0.131443	 0.681311
 -0.132757	 0.674657
 -0.134085	 0.667961
 -0.135425	 0.661223
 -0.13678	 0.654445
 -0.138148	 0.647628
 -0.139529	 0.640772
 -0.140924	 0.633878
 -0.142334	 0.626946
 -0.143757	 0.619979
 -0.145194	 0.612976
 -0.146646	 0.60594
 -0.148113	 0.59887
 -0.149594	 0.591769
 -0.15109	 0.584638
 -0.152601	 0.577477
 -0.154127	 0.570289
 -0.155668	 0.563075
 -0.157225	 0.555837
 -0.158797	 0.548577
 -0.160385	 0.541296
 -0.161989	 0.533997
 -0.163609	 0.526682
 -0.165245	 0.519353
 -0.166897	 0.512013
 -0.168566	 0.504664
 -0.170252	 0.49731
 -0.171954	 0.489953
 -0.173674	 0.482597
 -0.175411	 0.475244
 -0.177165	 0.467897
 -0.178936	 0.460561
 -0.180726	 0.453239
 -0.182533	 0.445934
 -0.184358	 0.438651
 -0.186202	 0.431392
 -0.188064	 0.424162
 -0.189945	 0.416965
 -0.191844	 0.409805
 -0.193763	 0.402685
 -0.1957	 0.39561
 -0.197657	 0.388584
 -0.199634	 0.381609
 -0.20163	 0.374691
 -0.203646	 0.367832
 -0.205683	 0.361036
 -0.20774	 0.354307
 -0.209817	 0.347649
 -0.211915	 0.341063
 -0.214034	 0.334554
 -0.216175	 0.328124
 -0.218336	 0.321776
 -0.22052	 0.315512
 -0.222725	 0.309334
 -0.224952	 0.303246
 -0.227202	 0.297249
 -0.229474	 0.291344
 -0.231769	 0.285533
 -0.234086	 0.279817
 -0.236427	 0.274199
 -0.238791	 0.268678
 -0.241179	 0.263257
 -0.243591	 0.257934
 -0.246027	 0.252712
 -0.248487	 0.247591
 -0.250972	 0.24257
 -0.253482	 0.237651
 -0.256017	 0.232833
 -0.258577	 0.228117
 -0.261163	 0.223502
 -0.263774	 0.218988
 -0.266412	 0.214575
 -0.269076	 0.210263
 -0.271767	 0.206052
 -0.274485	 0.201941
 -0.277229	 0.19793
 -0.280002	 0.194019
 -0.282802	 0.190206
 -0.28563	 0.186493
 -0.288486	 0.182877
 -0.291371	 0.17936
 -0.294285	 0.17594
 -0.297227	 0.172617
 -0.3002	 0.169391
 -0.303202	 0.166262
 -0.306234	 0.163228
 -0.309296	 0.16029
 -0.312389	 0.157448
 -0.315513	 0.1547
 -0.318668	 0.152048
 -0.321855	 0.14949
 -0.325073	 0.147027
 -0.328324	 0.144657
 -0.331607	 0.142382
 -0.334923	 0.1402
 -0.338273	 0.138113
 -0.341655	 0.136119
 -0.345072	 0.134218
 -0.348523	 0.132411
 -0.352008	 0.130697
 -0.355528	 0.129076
 -0.359083	 0.127549
 -0.362674	 0.126115
 -0.366301	 0.124773
 -0.369964	 0.123525
 -0.373663	 0.12237
 -0.3774	 0.121308
 -0.381174	 0.120339
 -0.384986	 0.119463
 -0.388836	 0.118679
 -0.392724	 0.117988
 -0.396651	 0.11739
 -0.400618	 0.116883
 -0.404624	 0.116469
 -0.40867	 0.116147
 -0.412757	 0.115915
 -0.416884	 0.115775
 -0.421053	 0.115726
 -0.425264	 0.115766
 -0.429516	 0.115897
 -0.433812	 0.116116
 -0.43815	 0.116423
 -0.442531	 0.116817
 -0.446956	 0.117298
 -0.451426	 0.117864
 -0.45594	 0.118514
 -0.4605	 0.119247
 -0.465105	 0.120061
 -0.469756	 0.120955
 -0.474453	 0.121926
 -0.479198	 0.122974
 -0.48399	 0.124096
 -0.48883	 0.125289
 -0.493718	 0.126552
 -0.498655	 0.127881
 -0.503642	 0.129274
 -0.508678	 0.130728
 -0.513765	 0.132239
 -0.518903	 0.133805
 -0.524092	 0.135421
 -0.529333	 0.137084
 -0.534626	 0.138789
 -0.539972	 0.140532
 -0.545372	 0.14231
 -0.550826	 0.144117
 -0.556334	 0.145948
 -0.561897	 0.147799
 -0.567516	 0.149665
 -0.573191	 0.151539
 -0.578923	 0.153417
 -0.584712	 0.155294
 -0.59056	 0.157164
 -0.596465	 0.15902
 -0.60243	 0.160858
 -0.608454	 0.162672
 -0.614539	 0.164456
 -0.620684	 0.166205
 -0.626891	 0.167913
 -0.63316	 0.169575
 -0.639491	 0.171185
 -0.645886	 0.172738
 -0.652345	 0.17423
 -0.658869	 0.175656
 -0.665457	 0.177011
 -0.672112	 0.178292
 -0.678833	 0.179494
 -0.685621	 0.180615
 -0.692477	 0.181651
 -0.699402	 0.182599
 -0.706396	 0.183457
 -0.71346	 0.184224
 -0.720595	 0.184897
 -0.727801	 0.185477
 -0.735079	 0.185962
 -0.74243	 0.186354
 -0.749854	 0.186651
 -0.757352	 0.186856
 -0.764926	 0.18697
 -0.772575	 0.186995
 -0.780301	 0.186933
 -0.788104	 0.186788
 -0.795985	 0.186562
 -0.803945	 0.18626
 -0.811984	 0.185887
 -0.820104	 0.185446
 -0.828305	 0.184943
 -0.836588	 0.184384
 -0.844954	 0.183774
 -0.853404	 0.183119
 -0.861938	 0.182427
 -0.870557	 0.181703
 -0.879263	 0.180954
 -0.888055	 0.180189
 -0.896936	 0.179413
 -0.905905	 0.178635
 -0.914964	 0.177861
 -0.924114	 0.1771
 -0.933355	 0.17636
 -0.942689	 0.175647
 -0.952115	 0.174969
 -0.961637	 0.174334
 -0.971253	 0.17375
 -0.980966	 0.173224
 -0.990775	 0.172763
 -1.00068	 0.172374
 -1.01069	 0.172064
 -1.0208	 0.171841
 -1.031	 0.17171
 -1.04131	 0.171679
 -1.05173	 0.171753
 -1.06225	 0.171939
 -1.07287	 0.172242
 -1.0836	 0.172667
 -1.09443	 0.173221
 -1.10538	 0.173909
 -1.11643	 0.174734
 -1.12759	 0.175701
 -1.13887	 0.176815
 -1.15026	 0.178079
 -1.16176	 0.179498
 -1.17338	 0.181073
 -1.18511	 0.182809
 -1.19696	 0.184707
 -1.20893	 0.18677
 -1.22102	 0.188999
 -1.23323	 0.191396
 -1.24557	 0.193961
 -1.25802	 0.196695
 -1.2706	 0.199598
 -1.28331	 0.202669
 -1.29614	 0.205907
 -1.3091	 0.209309
 -1.32219	 0.212874
 -1.33542	 0.216598
 -1.34877	 0.220479
 -1.36226	 0.22451
 -1.37588	 0.228688
 -1.38964	 0.233007
 -1.40353	 0.237461
 -1.41757	 0.242042
 -1.43175	 0.246742
 -1.44606	 0.251555
 -1.46052	 0.25647
 -1.47513	 0.261479
 -1.48988	 0.266572
 -1.50478	 0.271739
 -1.51983	 0.276969
 -1.53503	 0.282252
 -1.55038	 0.287576
 -1.56588	 0.29293
 -1.58154	 0.298305
 -1.59735	 0.303688
 -1.61333	 0.309068
 -1.62946	 0.314437
 -1.64575	 0.319782
 -1.66221	 0.325095
 -1.67883	 0.330366
 -1.69562	 0.335586
 -1.71258	 0.340747
 -1.72971	 0.345842
 -1.747	 0.350863
 -1.76447	 0.355804
 -1.78212	 0.36066
 -1.79994	 0.365424
 -1.81794	 0.370093
 -1.83612	 0.374663
 -1.85448	 0.379131
 -1.87302	 0.383492
 -1.89175	 0.387745
 -1.91067	 0.391888
 -1.92978	 0.395919
 -1.94907	 0.399835
 -1.96857	 0.403636
 -1.98825	 0.40732
 -2.00813	 0.410886
 -2.02822	 0.414331
 -2.0485	 0.417655
 -2.06898	 0.420855
 -2.08967	 0.423929
 -2.11057	 0.426874
 -2.13167	 0.429688
 -2.15299	 0.432365
 -2.17452	 0.434902
 -2.19627	 0.437294
 -2.21823	 0.439535
 -2.24041	 0.441618
 -2.26282	 0.443536
 -2.28544	 0.44528
 -2.3083	 0.446842
 -2.33138	 0.448211
 -2.35469	 0.449375
 -2.37824	 0.450324
 -2.40202	 0.451044
 -2.42604	 0.45152
 -2.4503	 0.451739
 -2.47481	 0.451684
 -2.49956	 0.45134
 -2.52455	 0.450688
 -2.5498	 0.449712
 -2.5753	 0.448393
 -2.60105	 0.446713
 -2.62706	 0.444653
 -2.65333	 0.442193
 -2.67986	 0.439317
 -2.70666	 0.436005
 -2.73373	 0.432242
 -2.76106	 0.42801
 -2.78868	 0.423295
 -2.81656	 0.418086
 -2.84473	 0.412371
 -2.87318	 0.406144
 -2.90191	 0.3994
 -2.93093	 0.392139
 -2.96024	 0.384367
 -2.98984	 0.37609
 -3.01974	 0.367326
 -3.04993	 0.358092
 -3.08043	 0.348417
 -3.11124	 0.338333
 -3.14235	 0.327877
 -3.17377	 0.317096
 -3.20551	 0.306038
 -3.23757	 0.29476
 -3.26994	 0.28332
 -3.30264	 0.271778
 -3.33567	 0.260199
 -3.36902	 0.248643
 -3.40271	 0.237174
 -3.43674	 0.225848
 -3.47111	 0.214717
 -3.50582	 0.203833
 -3.54088	 0.193236
 -3.57629	 0.182963
 -3.61205	 0.173044
 -3.64817	 0.1635
 -3.68465	 0.154349
 -3.7215	 0.1456
 -3.75871	 0.137258
 -3.7963	 0.129325
 -3.83426	 0.121797
 -3.87261	 0.114665
 -3.91133	 0.107922
 -3.95045	 0.101556
 -3.98995	 0.0955522
 -4.02985	 0.0898972
 -4.07015	 0.0845758
 -4.11085	 0.0795722
 -4.15196	 0.0748709
 -4.19348	 0.0704563
 -4.23541	 0.0663129
 -4.27777	 0.0624257
 -4.32054	 0.0587803
 -4.36375	 0.0553627
 -4.40739	 0.0521595
 -4.45146	 0.0491579
 -4.49598	 0.0463458
 -4.54094	 0.0437117
 -4.58634	 0.0412446
 -4.63221	 0.0389343
 -4.67853	 0.0367711
 -4.72532	 0.0347458
 -4.77257	 0.0328498
 -4.82029	 0.0310751
 -4.8685	 0.0294141
 -4.91718	 0.0278596
 -4.96635	 0.0264049
 -5.01602	 0.0250437
 -5.06618	 0.0237701
 -5.11684	 0.0225786
 -5.16801	 0.0214639
 -5.21969	 0.020421
 -5.27188	 0.0194455
 -5.3246	 0.0185329
 -5.37785	 0.0176791
 -5.43163	 0.0168803
 -5.48594	 0.0161329
 -5.5408	 0.0154334
 -5.59621	 0.0147786
 -5.65217	 0.0141656
 -5.7087	 0.0135913
 -5.76578	 0.0130532
 -5.82344	 0.0125486
 -5.88167	 0.0120752
 -5.94049	 0.0116307
 -5.9999	 0.0112129
 -6.0599	 0.0108199
 -6.12049	 0.0104498
 -6.1817	 0.0101007
 -6.24352	 0.00977099
 -6.30595	 0.0094591
 -6.36901	 0.00916354
 -6.4327	 0.00888291
 -6.49703	 0.00861594
 -6.562	 0.0083614
 -6.62762	 0.00811816
 -6.69389	 0.00788521
 -6.76083	 0.00766155
 -6.82844	 0.00744629
 -6.89673	 0.00723861
 -6.96569	 0.00703775
 -7.03535	 0.00684303
 -7.1057	 0.00665383
 -7.17676	 0.00646958
 -7.24853	 0.00628978
 -7.32101	 0.00611398
 -7.39422	 0.00594178
 -7.46817	 0.00577283
 -7.54285	 0.00560684
 -7.61828	 0.00544355
 -7.69446	 0.00528274
 -7.7714	 0.00512425
 -7.84912	 0.00496792
 -7.92761	 0.00481366
 -8.00689	 0.00466139
 -8.08695	 0.00451105
 -8.16782	 0.00436262
 -8.2495	 0.0042161
 -8.332	 0.0040715
 -8.41532	 0.00392885
 -8.49947	 0.00378821
 -8.58446	 0.00364962
 -8.67031	 0.00351316
 -8.75701	 0.00337889
 -8.84458	 0.0032469
 -8.93303	 0.00311728
 -9.02236	 0.00299009
 -9.11258	 0.00286543
 -9.20371	 0.00274338
 -9.29575	 0.00262403
 -9.3887	 0.00250744
 -9.48259	 0.00239369
 -9.57742	 0.00228284
 -9.67319	 0.00217496
 -9.76992	 0.00207009
 -9.86762	 0.00196829
 -9.9663	 0.00186959
 -10.066	 0.00177401
 -10.1666	 0.00168158
 -10.2683	 0.00159232
 -10.371	 0.00150623
 -10.4747	 0.00142329
 -10.5794	 0.00134352
 -10.6852	 0.00126687
 -10.7921	 0.00119334
 -10.9	 0.00112287
 -11.009	 0.00105545
 -11.1191	 0.000991014
 -11.2303	 0.000929516
 -11.3426	 0.000870899
 -11.456	 0.000815101
 -11.5706	 0.000762056
 -11.6863	 0.000711695
 -11.8031	 0.000663943
 -11.9212	 0.000618725
 -12.0404	 0.000575962
 -12.1608	 0.000535573
 -12.2824	 0.000497475
 -12.4052	 0.000461586
 -12.5293	 0.00042782
 -12.6546	 0.000396093
 -12.7811	 0.000366321
 -12.9089	 0.000338418
 -13.038	 0.000312302
 -13.1684	 0.000287888
 -13.3001	 0.000265096
 -13.4331	 0.000243844
 -13.5674	 0.000224054
 -13.7031	 0.000205648
 -13.8401	 0.000188552
 -13.9785	 0.000172692
 -14.1183	 0.000157998
 -14.2595	 0.000144402
 -14.4021	 0.000131836
 -14.5461	 0.000120238
 -14.6915	 0.000109546
 -14.8385	 9.97017e-05
 -14.9868	 9.06495e-05
 -15.1367	 8.23358e-05
 -15.2881	 7.47097e-05
 -15.441	 6.7723e-05
 -15.5954	 6.13298e-05
 -15.7513	 5.54869e-05
 -15.9088	 5.01532e-05
 -16.0679	 4.52903e-05
 -16.2286	 4.08619e-05
 -16.3909	 3.68338e-05
 -16.5548	 3.31742e-05
 -16.7203	 2.98531e-05
 -16.8875	 2.68428e-05
 -17.0564	 2.41171e-05
 -17.227	 2.1652e-05
 -17.3993	 1.94248e-05
 -17.5733	 1.74149e-05
 -17.749	 1.56029e-05
 -17.9265	 1.3971e-05
 -18.1057	 1.25028e-05
 -18.2868	 1.11831e-05
 -18.4697	 9.99811e-06
 -18.6544	 8.93493e-06
 -18.8409	 7.98192e-06
 -19.0293	 7.12837e-06
 -19.2196	 6.36451e-06
 -19.4118	 5.68142e-06
 -19.6059	 5.07095e-06
 -19.802	 4.52567e-06
 -20	 4.04216e-06
