# 3-orbital orbitally-degenerate Hubbard-Kanamori model
# DMFT, semicircular DOS
# U/D=3.8 Jh/D=0.25 n=4
# density of states DOS(omega) on one orbital
# omega-Ef, DOS(omega)

 20	 2.47538e-07
 19.802	 2.86038e-07
 19.6059	 3.30167e-07
 19.4118	 3.80661e-07
 19.2196	 4.38368e-07
 19.0293	 5.04237e-07
 18.8409	 5.7933e-07
 18.6544	 6.64832e-07
 18.4697	 7.62068e-07
 18.2868	 8.7251e-07
 18.1057	 9.97797e-07
 17.9265	 1.13975e-06
 17.749	 1.30038e-06
 17.5733	 1.48193e-06
 17.3993	 1.68686e-06
 17.227	 1.91789e-06
 17.0564	 2.17803e-06
 16.8875	 2.47058e-06
 16.7203	 2.79917e-06
 16.5548	 3.16776e-06
 16.3909	 3.58072e-06
 16.2286	 4.04281e-06
 16.0679	 4.55922e-06
 15.9088	 5.1356e-06
 15.7513	 5.77812e-06
 15.5954	 6.49346e-06
 15.441	 7.28886e-06
 15.2881	 8.17218e-06
 15.1367	 9.15187e-06
 14.9868	 1.02371e-05
 14.8385	 1.14377e-05
 14.6915	 1.27642e-05
 14.5461	 1.42279e-05
 14.4021	 1.58411e-05
 14.2595	 1.76167e-05
 14.1183	 1.95686e-05
 13.9785	 2.17114e-05
 13.8401	 2.40608e-05
 13.7031	 2.66336e-05
 13.5674	 2.94472e-05
 13.4331	 3.25202e-05
 13.3001	 3.58723e-05
 13.1684	 3.95239e-05
 13.038	 4.34969e-05
 12.9089	 4.78137e-05
 12.7811	 5.24981e-05
 12.6546	 5.75747e-05
 12.5293	 6.30692e-05
 12.4052	 6.90082e-05
 12.2824	 7.54193e-05
 12.1608	 8.23309e-05
 12.0404	 8.97723e-05
 11.9212	 9.77735e-05
 11.8031	 0.000106365
 11.6863	 0.000115579
 11.5706	 0.000125447
 11.456	 0.000136001
 11.3426	 0.000147274
 11.2303	 0.000159298
 11.1191	 0.000172108
 11.009	 0.000185735
 10.9	 0.000200213
 10.7921	 0.000215574
 10.6852	 0.000231849
 10.5794	 0.00024907
 10.4747	 0.000267267
 10.371	 0.000286469
 10.2683	 0.000306703
 10.1666	 0.000327997
 10.066	 0.000350374
 9.9663	 0.000373858
 9.86762	 0.000398469
 9.76992	 0.000424225
 9.67319	 0.000451142
 9.57742	 0.000479234
 9.48259	 0.00050851
 9.3887	 0.000538978
 9.29575	 0.000570641
 9.20371	 0.0006035
 9.11258	 0.000637553
 9.02236	 0.000672793
 8.93303	 0.000709209
 8.84458	 0.000746787
 8.75701	 0.00078551
 8.67031	 0.000825357
 8.58446	 0.000866302
 8.49947	 0.000908316
 8.41532	 0.000951367
 8.332	 0.00099542
 8.2495	 0.00104043
 8.16782	 0.00108637
 8.08695	 0.00113318
 8.00689	 0.00118082
 7.92761	 0.00122925
 7.84912	 0.0012784
 7.7714	 0.00132824
 7.69446	 0.0013787
 7.61828	 0.00142975
 7.54285	 0.00148133
 7.46817	 0.00153339
 7.39422	 0.00158589
 7.32101	 0.00163878
 7.24853	 0.00169204
 7.17676	 0.00174563
 7.1057	 0.00179952
 7.03535	 0.0018537
 6.96569	 0.00190815
 6.89673	 0.00196289
 6.82844	 0.00201791
 6.76083	 0.00207325
 6.69389	 0.00212894
 6.62762	 0.00218504
 6.562	 0.0022416
 6.49703	 0.00229873
 6.4327	 0.00235652
 6.36901	 0.00241509
 6.30595	 0.0024746
 6.24352	 0.0025352
 6.1817	 0.0025971
 6.12049	 0.00266052
 6.0599	 0.00272569
 5.9999	 0.00279289
 5.94049	 0.00286244
 5.88167	 0.00293466
 5.82344	 0.00300992
 5.76578	 0.00308863
 5.7087	 0.00317123
 5.65217	 0.00325819
 5.59621	 0.00335003
 5.5408	 0.00344731
 5.48594	 0.00355062
 5.43163	 0.00366061
 5.37785	 0.00377795
 5.3246	 0.00390339
 5.27188	 0.00403771
 5.21969	 0.00418173
 5.16801	 0.00433634
 5.11684	 0.00450248
 5.06618	 0.00468113
 5.01602	 0.00487334
 4.96635	 0.00508022
 4.91718	 0.00530294
 4.8685	 0.00554272
 4.82029	 0.00580088
 4.77257	 0.00607878
 4.72532	 0.00637784
 4.67853	 0.00669959
 4.63221	 0.00704561
 4.58634	 0.00741757
 4.54094	 0.00781722
 4.49598	 0.00824641
 4.45146	 0.00870706
 4.40739	 0.0092012
 4.36375	 0.00973096
 4.32054	 0.0102986
 4.27777	 0.0109064
 4.23541	 0.0115568
 4.19348	 0.0122525
 4.15196	 0.012996
 4.11085	 0.0137904
 4.07015	 0.0146385
 4.02985	 0.0155434
 3.98995	 0.0165085
 3.95045	 0.0175372
 3.91133	 0.018633
 3.87261	 0.0197998
 3.83426	 0.0210415
 3.7963	 0.0223623
 3.75871	 0.0237666
 3.7215	 0.0252589
 3.68465	 0.0268439
 3.64817	 0.0285267
 3.61205	 0.0303125
 3.57629	 0.0322067
 3.54088	 0.034215
 3.50582	 0.0363433
 3.47111	 0.0385977
 3.43674	 0.0409845
 3.40271	 0.0435103
 3.36902	 0.0461817
 3.33567	 0.0490057
 3.30264	 0.0519893
 3.26994	 0.0551396
 3.23757	 0.0584637
 3.20551	 0.0619689
 3.17377	 0.0656622
 3.14235	 0.0695505
 3.11124	 0.0736404
 3.08043	 0.0779383
 3.04993	 0.08245
 3.01974	 0.0871805
 2.98984	 0.092134
 2.96024	 0.0973139
 2.93093	 0.102722
 2.90191	 0.108359
 2.87318	 0.114224
 2.84473	 0.120314
 2.81656	 0.126624
 2.78868	 0.133145
 2.76106	 0.139868
 2.73373	 0.14678
 2.70666	 0.153866
 2.67986	 0.161105
 2.65333	 0.168476
 2.62706	 0.175955
 2.60105	 0.183513
 2.5753	 0.191121
 2.5498	 0.198745
 2.52455	 0.206352
 2.49956	 0.213904
 2.47481	 0.221364
 2.4503	 0.228695
 2.42604	 0.23586
 2.40202	 0.242821
 2.37824	 0.249542
 2.35469	 0.255989
 2.33138	 0.262131
 2.3083	 0.267936
 2.28544	 0.273379
 2.26282	 0.278435
 2.24041	 0.283084
 2.21823	 0.287307
 2.19627	 0.291091
 2.17452	 0.294425
 2.15299	 0.297301
 2.13167	 0.299713
 2.11057	 0.301661
 2.08967	 0.303146
 2.06898	 0.304172
 2.0485	 0.304744
 2.02822	 0.304871
 2.00813	 0.304565
 1.98825	 0.303837
 1.96857	 0.302703
 1.94907	 0.301178
 1.92978	 0.299279
 1.91067	 0.297024
 1.89175	 0.294434
 1.87302	 0.291528
 1.85448	 0.288327
 1.83612	 0.284852
 1.81794	 0.281125
 1.79994	 0.277168
 1.78212	 0.273001
 1.76447	 0.268647
 1.747	 0.264127
 1.72971	 0.259461
 1.71258	 0.25467
 1.69562	 0.249774
 1.67883	 0.244791
 1.66221	 0.23974
 1.64575	 0.234638
 1.62946	 0.229502
 1.61333	 0.224347
 1.59735	 0.219188
 1.58154	 0.214037
 1.56588	 0.208909
 1.55038	 0.203814
 1.53503	 0.198763
 1.51983	 0.193767
 1.50478	 0.188833
 1.48988	 0.183969
 1.47513	 0.179184
 1.46052	 0.174482
 1.44606	 0.16987
 1.43175	 0.165353
 1.41757	 0.160934
 1.40353	 0.156617
 1.38964	 0.152406
 1.37588	 0.148302
 1.36226	 0.144307
 1.34877	 0.140424
 1.33542	 0.136654
 1.32219	 0.132997
 1.3091	 0.129454
 1.29614	 0.126025
 1.28331	 0.12271
 1.2706	 0.119509
 1.25802	 0.116422
 1.24557	 0.113448
 1.23323	 0.110587
 1.22102	 0.107837
 1.20893	 0.105198
 1.19696	 0.102669
 1.18511	 0.100248
 1.17338	 0.0979344
 1.16176	 0.0957273
 1.15026	 0.0936251
 1.13887	 0.0916265
 1.12759	 0.0897301
 1.11643	 0.0879344
 1.10538	 0.0862382
 1.09443	 0.0846397
 1.0836	 0.0831376
 1.07287	 0.0817302
 1.06225	 0.080416
 1.05173	 0.0791933
 1.04131	 0.0780604
 1.031	 0.0770156
 1.0208	 0.0760572
 1.01069	 0.0751834
 1.00068	 0.0743922
 0.990775	 0.0736818
 0.980966	 0.0730502
 0.971253	 0.0724955
 0.961637	 0.0720155
 0.952115	 0.071608
 0.942689	 0.071271
 0.933355	 0.0710022
 0.924114	 0.0707991
 0.914964	 0.0706595
 0.905905	 0.0705809
 0.896936	 0.0705607
 0.888055	 0.0705964
 0.879263	 0.0706854
 0.870557	 0.0708248
 0.861938	 0.0710121
 0.853404	 0.0712444
 0.844954	 0.0715188
 0.836588	 0.0718324
 0.828305	 0.0721823
 0.820104	 0.0725657
 0.811984	 0.0729794
 0.803945	 0.0734206
 0.795985	 0.0738862
 0.788104	 0.0743733
 0.780301	 0.0748789
 0.772575	 0.0754001
 0.764926	 0.0759339
 0.757352	 0.0764776
 0.749854	 0.0770284
 0.74243	 0.0775836
 0.735079	 0.0781405
 0.727801	 0.0786965
 0.720595	 0.0792493
 0.71346	 0.0797965
 0.706396	 0.0803358
 0.699402	 0.0808653
 0.692477	 0.081383
 0.685621	 0.081887
 0.678833	 0.0823757
 0.672112	 0.0828477
 0.665457	 0.0833015
 0.658869	 0.0837361
 0.652345	 0.0841503
 0.645886	 0.0845436
 0.639491	 0.084915
 0.63316	 0.0852643
 0.626891	 0.0855911
 0.620684	 0.0858952
 0.614539	 0.0861768
 0.608454	 0.086436
 0.60243	 0.0866732
 0.596465	 0.086889
 0.59056	 0.0870841
 0.584712	 0.0872593
 0.578923	 0.0874156
 0.573191	 0.0875542
 0.567516	 0.0876763
 0.561897	 0.0877833
 0.556334	 0.0878767
 0.550826	 0.0879582
 0.545372	 0.0880294
 0.539972	 0.0880922
 0.534626	 0.0881485
 0.529333	 0.0882002
 0.524092	 0.0882493
 0.518903	 0.088298
 0.513765	 0.0883485
 0.508678	 0.0884028
 0.503642	 0.0884633
 0.498655	 0.0885322
 0.493718	 0.0886118
 0.48883	 0.0887044
 0.48399	 0.0888122
 0.479198	 0.0889376
 0.474453	 0.0890829
 0.469756	 0.0892505
 0.465105	 0.0894425
 0.4605	 0.0896612
 0.45594	 0.0899089
 0.451426	 0.0901878
 0.446956	 0.0905
 0.442531	 0.0908478
 0.43815	 0.0912332
 0.433812	 0.0916584
 0.429516	 0.0921252
 0.425264	 0.0926358
 0.421053	 0.0931921
 0.416884	 0.0937959
 0.412757	 0.0944491
 0.40867	 0.0951535
 0.404624	 0.0959109
 0.400618	 0.0967229
 0.396651	 0.0975911
 0.392724	 0.0985173
 0.388836	 0.099503
 0.384986	 0.10055
 0.381174	 0.101658
 0.3774	 0.102831
 0.373663	 0.104069
 0.369964	 0.105373
 0.366301	 0.106745
 0.362674	 0.108186
 0.359083	 0.109697
 0.355528	 0.111279
 0.352008	 0.112934
 0.348523	 0.114662
 0.345072	 0.116464
 0.341655	 0.118342
 0.338273	 0.120296
 0.334923	 0.122327
 0.331607	 0.124436
 0.328324	 0.126624
 0.325073	 0.128892
 0.321855	 0.13124
 0.318668	 0.13367
 0.315513	 0.136181
 0.312389	 0.138776
 0.309296	 0.141453
 0.306234	 0.144215
 0.303202	 0.147061
 0.3002	 0.149992
 0.297227	 0.153009
 0.294285	 0.156113
 0.291371	 0.159303
 0.288486	 0.16258
 0.28563	 0.165945
 0.282802	 0.169398
 0.280002	 0.172939
 0.277229	 0.176568
 0.274485	 0.180287
 0.271767	 0.184094
 0.269076	 0.18799
 0.266412	 0.191976
 0.263774	 0.19605
 0.261163	 0.200214
 0.258577	 0.204466
 0.256017	 0.208806
 0.253482	 0.213234
 0.250972	 0.217749
 0.248487	 0.222351
 0.246027	 0.227039
 0.243591	 0.231811
 0.241179	 0.236668
 0.238791	 0.241607
 0.236427	 0.246627
 0.234086	 0.251727
 0.231769	 0.256905
 0.229474	 0.262159
 0.227202	 0.267487
 0.224952	 0.272886
 0.222725	 0.278356
 0.22052	 0.283892
 0.218336	 0.289492
 0.216175	 0.295154
 0.214034	 0.300874
 0.211915	 0.306649
 0.209817	 0.312476
 0.20774	 0.318351
 0.205683	 0.324271
 0.203646	 0.330233
 0.20163	 0.336232
 0.199634	 0.342266
 0.197657	 0.348329
 0.1957	 0.354418
 0.193763	 0.36053
 0.191844	 0.36666
 0.189945	 0.372804
 0.188064	 0.378959
 0.186202	 0.38512
 0.184358	 0.391285
 0.182533	 0.397449
 0.180726	 0.403608
 0.178936	 0.409759
 0.177165	 0.415898
 0.175411	 0.422023
 0.173674	 0.428129
 0.171954	 0.434213
 0.170252	 0.440273
 0.168566	 0.446306
 0.166897	 0.452307
 0.165245	 0.458276
 0.163609	 0.464209
 0.161989	 0.470104
 0.160385	 0.475958
 0.158797	 0.481769
 0.157225	 0.487535
 0.155668	 0.493253
 0.154127	 0.498923
 0.152601	 0.504542
 0.15109	 0.510108
 0.149594	 0.51562
 0.148113	 0.521076
 0.146646	 0.526475
 0.145194	 0.531815
 0.143757	 0.537096
 0.142334	 0.542315
 0.140924	 0.547472
 0.139529	 0.552566
 0.138148	 0.557596
 0.13678	 0.562561
 0.135425	 0.56746
 0.134085	 0.572292
 0.132757	 0.577057
 0.131443	 0.581754
 0.130141	 0.586382
 0.128853	 0.590942
 0.127577	 0.595431
 0.126314	 0.599851
 0.125063	 0.604201
 0.123825	 0.60848
 0.122599	 0.612689
 0.121385	 0.616826
 0.120183	 0.620893
 0.118993	 0.624888
 0.117815	 0.628813
 0.116649	 0.632667
 0.115494	 0.63645
 0.11435	 0.640162
 0.113218	 0.643804
 0.112097	 0.647377
 0.110987	 0.650879
 0.109888	 0.654313
 0.1088	 0.657678
 0.107723	 0.660975
 0.106657	 0.664204
 0.105601	 0.667367
 0.104555	 0.670463
 0.10352	 0.673494
 0.102495	 0.676461
 0.10148	 0.679364
 0.100475	 0.6822
 0.0994805	 0.684975
 0.0984955	 0.6877
 0.0975203	 0.690363
 0.0965548	 0.692969
 0.0955988	 0.695517
 0.0946522	 0.698011
 0.0937151	 0.700451
 0.0927872	 0.702839
 0.0918685	 0.705175
 0.0909589	 0.707463
 0.0900584	 0.709702
 0.0891667	 0.711895
 0.0882839	 0.714043
 0.0874098	 0.716147
 0.0865443	 0.71821
 0.0856874	 0.720233
 0.084839	 0.722217
 0.0839991	 0.724165
 0.0831674	 0.726077
 0.0823439	 0.727956
 0.0815287	 0.729803
 0.0807214	 0.73162
 0.0799222	 0.733408
 0.0791309	 0.73517
 0.0783474	 0.736907
 0.0775717	 0.738621
 0.0768037	 0.740313
 0.0760433	 0.741985
 0.0752903	 0.74364
 0.0745449	 0.745278
 0.0738068	 0.746901
 0.0730761	 0.748511
 0.0723525	 0.75011
 0.0716362	 0.751699
 0.0709269	 0.753281
 0.0702247	 0.754856
 0.0695294	 0.756426
 0.068841	 0.757992
 0.0681594	 0.759558
 0.0674845	 0.761123
 0.0668164	 0.762689
 0.0661548	 0.764259
 0.0654998	 0.765832
 0.0648513	 0.767412
 0.0642092	 0.768998
 0.0635735	 0.770593
 0.062944	 0.772198
 0.0623208	 0.773814
 0.0617038	 0.775443
 0.0610929	 0.777084
 0.060488	 0.778741
 0.0598891	 0.780413
 0.0592961	 0.782102
 0.058709	 0.783809
 0.0581278	 0.785534
 0.0575522	 0.787279
 0.0569824	 0.789044
 0.0564182	 0.790831
 0.0558596	 0.792639
 0.0553066	 0.79447
 0.054759	 0.796325
 0.0542168	 0.798203
 0.05368	 0.800106
 0.0531485	 0.802033
 0.0526223	 0.803986
 0.0521013	 0.805964
 0.0515854	 0.807968
 0.0510747	 0.809998
 0.050569	 0.812055
 0.0500683	 0.814138
 0.0495726	 0.816248
 0.0490818	 0.818384
 0.0485958	 0.820548
 0.0481147	 0.822738
 0.0476383	 0.824954
 0.0471666	 0.827198
 0.0466996	 0.829467
 0.0462372	 0.831764
 0.0457795	 0.834086
 0.0453262	 0.836434
 0.0448774	 0.838808
 0.0444331	 0.841208
 0.0439932	 0.843633
 0.0435576	 0.846082
 0.0431263	 0.848556
 0.0426993	 0.851055
 0.0422766	 0.853577
 0.041858	 0.856122
 0.0414435	 0.858691
 0.0410332	 0.861282
 0.0406269	 0.863895
 0.0402247	 0.86653
 0.0398264	 0.869186
 0.0394321	 0.871863
 0.0390417	 0.87456
 0.0386551	 0.877276
 0.0382724	 0.880012
 0.0378935	 0.882766
 0.0375183	 0.885538
 0.0371468	 0.888328
 0.036779	 0.891134
 0.0364149	 0.893957
 0.0360543	 0.896794
 0.0356974	 0.899647
 0.0353439	 0.902514
 0.034994	 0.905394
 0.0346475	 0.908287
 0.0343045	 0.911191
 0.0339648	 0.914107
 0.0336285	 0.917033
 0.0332956	 0.919969
 0.0329659	 0.922914
 0.0326395	 0.925866
 0.0323164	 0.928826
 0.0319964	 0.931792
 0.0316796	 0.934763
 0.0313659	 0.937739
 0.0310554	 0.940719
 0.0307479	 0.943702
 0.0304435	 0.946687
 0.0301421	 0.949673
 0.0298436	 0.952659
 0.0295481	 0.955645
 0.0292556	 0.95863
 0.0289659	 0.961612
 0.0286791	 0.964591
 0.0283952	 0.967567
 0.028114	 0.970538
 0.0278357	 0.973504
 0.0275601	 0.976463
 0.0272872	 0.979416
 0.027017	 0.982361
 0.0267495	 0.985298
 0.0264847	 0.988225
 0.0262225	 0.991143
 0.0259628	 0.994051
 0.0257058	 0.996948
 0.0254513	 0.999834
 0.0251993	 1.00271
 0.0249498	 1.00557
 0.0247028	 1.00842
 0.0244582	 1.01125
 0.024216	 1.01407
 0.0239763	 1.01688
 0.0237389	 1.01967
 0.0235038	 1.02244
 0.0232711	 1.0252
 0.0230407	 1.02795
 0.0228126	 1.03068
 0.0225867	 1.03339
 0.0223631	 1.03608
 0.0221417	 1.03876
 0.0219224	 1.04142
 0.0217054	 1.04406
 0.0214905	 1.04668
 0.0212777	 1.04928
 0.021067	 1.05187
 0.0208585	 1.05443
 0.0206519	 1.05698
 0.0204475	 1.05951
 0.020245	 1.06202
 0.0200446	 1.0645
 0.0198461	 1.06697
 0.0196496	 1.06942
 0.0194551	 1.07185
 0.0192624	 1.07426
 0.0190717	 1.07664
 0.0188829	 1.07901
 0.0186959	 1.08135
 0.0185108	 1.08368
 0.0183275	 1.08598
 0.0181461	 1.08826
 0.0179664	 1.09052
 0.0177885	 1.09276
 0.0176124	 1.09498
 0.017438	 1.09717
 0.0172654	 1.09934
 0.0170944	 1.1015
 0.0169252	 1.10363
 0.0167576	 1.10573
 0.0165917	 1.10782
 0.0164274	 1.10988
 0.0162648	 1.11192
 0.0161037	 1.11394
 0.0159443	 1.11594
 0.0157864	 1.11791
 0.0156301	 1.11987
 0.0154754	 1.1218
 0.0153221	 1.1237
 0.0151704	 1.12559
 0.0150202	 1.12745
 0.0148715	 1.1293
 0.0147243	 1.13112
 0.0145785	 1.13291
 0.0144342	 1.13469
 0.0142912	 1.13644
 0.0141497	 1.13817
 0.0140096	 1.13988
 0.0138709	 1.14157
 0.0137336	 1.14324
 0.0135976	 1.14488
 0.013463	 1.1465
 0.0133297	 1.14811
 0.0131977	 1.14969
 0.013067	 1.15125
 0.0129377	 1.15278
 0.0128096	 1.1543
 0.0126827	 1.1558
 0.0125572	 1.15727
 0.0124328	 1.15873
 0.0123098	 1.16016
 0.0121879	 1.16158
 0.0120672	 1.16297
 0.0119477	 1.16435
 0.0118294	 1.1657
 0.0117123	 1.16703
 0.0115963	 1.16835
 0.0114815	 1.16965
 0.0113678	 1.17092
 0.0112553	 1.17218
 0.0111439	 1.17342
 0.0110335	 1.17464
 0.0109243	 1.17585
 0.0108161	 1.17703
 0.010709	 1.1782
 0.010603	 1.17935
 0.010498	 1.18048
 0.0103941	 1.1816
 0.0102912	 1.1827
 0.0101893	 1.18378
 0.0100884	 1.18485
 0.0099885	 1.1859
 0.00988961	 1.18693
 0.00979169	 1.18795
 0.00969474	 1.18896
 0.00959876	 1.18994
 0.00950372	 1.19092
 0.00940962	 1.19188
 0.00931646	 1.19282
 0.00922422	 1.19376
 0.00913289	 1.19467
 0.00904246	 1.19558
 0.00895293	 1.19647
 0.00886429	 1.19712
 0.00877652	 1.19758
 0.00868963	 1.19803
 0.00860359	 1.19848
 0.00851841	 1.19892
 0.00843407	 1.19935
 0.00835056	 1.19978
 0.00826788	 1.20021
 0.00818602	 1.20062
 0.00810497	 1.20104
 0.00802473	 1.20145
 0.00794527	 1.20185
 0.00786661	 1.20225
 0.00778872	 1.20265
 0.0077116	 1.20304
 0.00763525	 1.20342
 0.00755965	 1.2038
 0.00748481	 1.20418
 0.0074107	 1.20455
 0.00733733	 1.20492
 0.00726468	 1.20528
 0.00719275	 1.20564
 0.00712154	 1.20599
 0.00705103	 1.20634
 0.00698121	 1.20669
 0.00691209	 1.20703
 0.00684366	 1.20737
 0.0067759	 1.2077
 0.00670881	 1.20803
 0.00664239	 1.20836
 0.00657662	 1.20868
 0.0065115	 1.209
 0.00644703	 1.20932
 0.0063832	 1.20963
 0.00632	 1.20994
 0.00625743	 1.21025
 0.00619547	 1.21055
 0.00613413	 1.21085
 0.0060734	 1.21114
 0.00601327	 1.21143
 0.00595373	 1.21172
 0.00589478	 1.21201
 0.00583642	 1.21229
 0.00577863	 1.21257
 0.00572142	 1.21285
 0.00566477	 1.21312
 0.00560868	 1.21339
 0.00555315	 1.21366
 0.00549817	 1.21392
 0.00544373	 1.21419
 0.00538983	 1.21444
 0.00533647	 1.2147
 0.00528363	 1.21495
 0.00523132	 1.21521
 0.00517952	 1.21545
 0.00512824	 1.2157
 0.00507747	 1.21594
 0.00502719	 1.21618
 0.00497742	 1.21642
 0.00492814	 1.21665
 0.00487934	 1.21689
 0.00483103	 1.21712
 0.0047832	 1.21734
 0.00473584	 1.21757
 0.00468895	 1.21779
 0.00464253	 1.21801
 0.00459656	 1.21823
 0.00455105	 1.21845
 0.00450599	 1.21866
 0.00446138	 1.21887
 0.00441721	 1.21908
 0.00437347	 1.21928
 0.00433017	 1.21949
 0.0042873	 1.21969
 0.00424485	 1.21989
 0.00420282	 1.22009
 0.00416121	 1.22028
 0.00412001	 1.22048
 0.00407922	 1.22067
 0.00403883	 1.22086
 0.00399884	 1.22104
 0.00395925	 1.22123
 0.00392005	 1.22141
 0.00388123	 1.22159
 0.00384281	 1.22177
 0.00380476	 1.22195
 0.00376709	 1.22212
 0.00372979	 1.2223
 0.00369286	 1.22247
 0.0036563	 1.22264
 0.0036201	 1.2228
 0.00358426	 1.22297
 0.00354877	 1.22313
 0.00351363	 1.22329
 0.00347884	 1.22345
 0.0034444	 1.22361
 0.0034103	 1.22377
 0.00337653	 1.22392
 0.0033431	 1.22408
 0.00331	 1.22423
 0.00327723	 1.22438
 0.00324478	 1.22452
 0.00321265	 1.22467
 0.00318084	 1.22481
 0.00314935	 1.22496
 0.00311817	 1.2251
 0.0030873	 1.22524
 0.00305673	 1.22538
 0.00302646	 1.22551
 0.0029965	 1.22565
 0.00296683	 1.22578
 0.00293746	 1.22591
 0.00290837	 1.22604
 0.00287958	 1.22617
 0.00285107	 1.2263
 0.00282284	 1.22642
 0.00279489	 1.22655
 0.00276722	 1.22667
 0.00273982	 1.22679
 0.00271269	 1.22691
 0.00268583	 1.22703
 0.00265924	 1.22715
 0.00263291	 1.22727
 0.00260684	 1.22738
 0.00258103	 1.22749
 0.00255548	 1.22761
 0.00253018	 1.22772
 0.00250513	 1.22783
 0.00248032	 1.22793
 0.00245576	 1.22804
 0.00243145	 1.22815
 0.00240738	 1.22825
 0.00238354	 1.22836
 0.00235994	 1.22846
 0.00233658	 1.22856
 0.00231344	 1.22866
 0.00229054	 1.22876
 0.00226786	 1.22886
 0.0022454	 1.22895
 0.00222317	 1.22905
 0.00220116	 1.22914
 0.00217937	 1.22924
 0.00215779	 1.22933
 0.00213642	 1.22942
 0.00211527	 1.22951
 0.00209433	 1.2296
 0.00207359	 1.22969
 0.00205306	 1.22978
 0.00203273	 1.22986
 0.00201261	 1.22995
 0.00199268	 1.23003
 0.00197295	 1.23012
 0.00195342	 1.2302
 0.00193408	 1.23028
 0.00191493	 1.23036
 0.00189597	 1.23044
 0.0018772	 1.23052
 0.00185861	 1.2306
 0.00184021	 1.23068
 0.00182199	 1.23075
 0.00180395	 1.23083
 0.00178609	 1.2309
 0.0017684	 1.23098
 0.00175089	 1.23105
 0.00173356	 1.23112
 0.0017164	 1.2312
 0.0016994	 1.23127
 0.00168258	 1.23134
 0.00166592	 1.23141
 0.00164942	 1.23147
 0.00163309	 1.23154
 0.00161692	 1.23161
 0.00160091	 1.23168
 0.00158506	 1.23174
 0.00156937	 1.23181
 0.00155383	 1.23187
 0.00153845	 1.23193
 0.00152321	 1.232
 0.00150813	 1.23206
 0.0014932	 1.23212
 0.00147842	 1.23218
 0.00146378	 1.23224
 0.00144929	 1.2323
 0.00143494	 1.23236
 0.00142073	 1.23242
 0.00140666	 1.23248
 0.00139273	 1.23253
 0.00137895	 1.23259
 0.00136529	 1.23265
 0.00135177	 1.2327
 0.00133839	 1.23276
 0.00132514	 1.23281
 0.00131202	 1.23286
 0.00129903	 1.23292
 0.00128617	 1.23297
 0.00127343	 1.23302
 0.00126082	 1.23307
 0.00124834	 1.23312
 0.00123598	 1.23317
 0.00122374	 1.23322
 0.00121163	 1.23327
 0.00119963	 1.23332
 0.00118775	 1.23337
 0.00117599	 1.23342
 0.00116435	 1.23346
 0.00115282	 1.23351
 0.00114141	 1.23356
 0.00113011	 1.2336
 0.00111892	 1.23365
 0.00110784	 1.23369
 0.00109687	 1.23374
 0.00108601	 1.23378
 0.00107526	 1.23382
 0.00106461	 1.23387
 0.00105407	 1.23391
 0.00104363	 1.23395
 0.0010333	 1.23399
 0.00102307	 1.23403
 0.00101294	 1.23407
 0.00100291	 1.23411
 0.000992983	 1.23415
 0.000983151	 1.23419
 0.000973417	 1.23423
 0.000963779	 1.23427
 0.000954237	 1.23431
 0.000944789	 1.23435
 0.000935435	 1.23438
 0.000926173	 1.23442
 0.000917003	 1.23446
 0.000907924	 1.23449
 0.000898934	 1.23453
 0.000890034	 1.23456
 0.000881222	 1.2346
 0.000872497	 1.23463
 0.000863858	 1.23467
 0.000855305	 1.2347
 0.000846837	 1.23474
 0.000838452	 1.23477
 0.000830151	 1.2348
 0.000821931	 1.23483
 0.000813794	 1.23487
 0.000805736	 1.2349
 0.000797759	 1.23493
 0.00078986	 1.23496
 0.00078204	 1.23499
 0.000774297	 1.23502
 0.00076663	 1.23505
 0.00075904	 1.23508
 0.000751525	 1.23511
 0.000744084	 1.23514
 0.000736717	 1.23517
 0.000729422	 1.2352
 0.0007222	 1.23523
 0.00071505	 1.23526
 0.00070797	 1.23528
 0.000700961	 1.23531
 0.00069402	 1.23534
 0.000687149	 1.23537
 0.000680345	 1.23539
 0.000673609	 1.23542
 0.00066694	 1.23545
 0.000660337	 1.23547
 0.000653799	 1.2355
 0.000647325	 1.23552
 0.000640916	 1.23555
 0.000634571	 1.23557
 0.000628288	 1.2356
 0.000622067	 1.23562
 0.000615908	 1.23565
 0.00060981	 1.23567
 0.000603772	 1.23569
 0.000597794	 1.23572
 0.000591875	 1.23574
 0.000586015	 1.23576
 0.000580213	 1.23579
 0.000574468	 1.23581
 0.000568781	 1.23583
 0.000563149	 1.23585
 0.000557573	 1.23588
 0.000552053	 1.2359
 0.000546587	 1.23592
 0.000541175	 1.23594
 0.000535817	 1.23596
 0.000530512	 1.23598
 0.000525259	 1.236
 0.000520059	 1.23602
 0.00051491	 1.23604
 0.000509812	 1.23606
 0.000504764	 1.23608
 0.000499766	 1.2361
 0.000494818	 1.23612
 0.000489919	 1.23614
 0.000485068	 1.23616
 0.000480266	 1.23618
 0.00047551	 1.2362
 0.000470802	 1.23621
 0.000466141	 1.23623
 0.000461526	 1.23625
 0.000456956	 1.23627
 0.000452432	 1.23628
 0.000447952	 1.2363
 0.000443517	 1.23632
 0.000439126	 1.23634
 0.000434778	 1.23635
 0.000430473	 1.23637
 0.000426211	 1.23639
 0.000421991	 1.2364
 0.000417813	 1.23642
 0.000413676	 1.23644
 0.000409581	 1.23645
 0.000405525	 1.23647
 0.00040151	 1.23648
 0.000397535	 1.2365
 0.000393599	 1.23651
 0.000389702	 1.23653
 0.000385844	 1.23654
 0.000382023	 1.23656
 0.000378241	 1.23657
 0.000374496	 1.23659
 0.000370788	 1.2366
 0.000367117	 1.23662
 0.000363482	 1.23663
 0.000359883	 1.23664
 0.00035632	 1.23666
 0.000352792	 1.23667
 0.000349299	 1.23668
 0.000345841	 1.2367
 0.000342417	 1.23671
 0.000339026	 1.23672
 0.00033567	 1.23674
 0.000332346	 1.23675
 0.000329056	 1.23676
 0.000325798	 1.23677
 0.000322572	 1.23679
 0.000319378	 1.2368
 0.000316216	 1.23681
 0.000313085	 1.23682
 0.000309985	 1.23684
 0.000306916	 1.23685
 0.000303877	 1.23686
 0.000300869	 1.23687
 0.00029789	 1.23688
 0.00029494	 1.23689
 0.00029202	 1.2369
 0.000289129	 1.23692
 0.000286266	 1.23693
 0.000283432	 1.23694
 0.000280626	 1.23695
 0.000277847	 1.23696
 0.000275096	 1.23697
 0.000272372	 1.23698
 0.000269676	 1.23699
 0.000267006	 1.237
 0.000264362	 1.23701
 0.000261745	 1.23702
 0.000259153	 1.23703
 0.000256587	 1.23704
 0.000254047	 1.23705
 0.000251531	 1.23706
 0.000249041	 1.23707
 0.000246575	 1.23708
 0.000244134	 1.23709
 0.000241717	 1.2371
 0.000239323	 1.23711
 0.000236954	 1.23712
 0.000234608	 1.23713
 0.000232285	 1.23713
 0.000229985	 1.23714
 0.000227708	 1.23715
 0.000225454	 1.23716
 0.000223221	 1.23717
 0.000221011	 1.23718
 0.000218823	 1.23719
 0.000216656	 1.23719
 0.000214511	 1.2372
 0.000212387	 1.23721
 0.000210285	 1.23722
 0.000208203	 1.23723
 0.000206141	 1.23723
 0.0002041	 1.23724
 0.000202079	 1.23725
 0.000200079	 1.23726
 0.000198098	 1.23727
 0.000196136	 1.23727
 0.000194194	 1.23728
 0.000192272	 1.23729
 0.000190368	 1.23729
 0.000188483	 1.2373
 0.000186617	 1.23731
 0.000184769	 1.23732
 0.00018294	 1.23732
 0.000181129	 1.23733
 0.000179335	 1.23734
 0.00017756	 1.23734
 0.000175802	 1.23735
 0.000174061	 1.23736
 0.000172338	 1.23736
 0.000170631	 1.23737
 0.000168942	 1.23738
 0.000167269	 1.23738
 0.000165613	 1.23739
 0.000163973	 1.2374
 0.00016235	 1.2374
 0.000160742	 1.23741
 0.000159151	 1.23741
 0.000157575	 1.23742
 0.000156015	 1.23743
 0.00015447	 1.23743
 0.000152941	 1.23744
 0.000151427	 1.23744
 0.000149927	 1.23745
 0.000148443	 1.23745
 0.000146973	 1.23746
 0.000145518	 1.23747
 0.000144077	 1.23747
 0.000142651	 1.23748
 0.000141238	 1.23748
 0.00013984	 1.23749
 0.000138455	 1.23749
 0.000137084	 1.2375
 0.000135727	 1.2375
 0.000134383	 1.23751
 0.000133053	 1.23751
 0.000131736	 1.23752
 0.000130431	 1.23752
 0.00012914	 1.23753
 0.000127861	 1.23753
 0.000126595	 1.23754
 0.000125342	 1.23754
 0.000124101	 1.23755
 0.000122872	 1.23755
 0.000121656	 1.23756
 0.000120451	 1.23756
 0.000119258	 1.23757
 0.000118078	 1.23757
 0.000116909	 1.23757
 0.000115751	 1.23758
 0.000114605	 1.23758
 0.00011347	 1.23759
 0.000112347	 1.23759
 0.000111234	 1.2376
 0.000110133	 1.2376
 0.000109043	 1.2376
 0.000107963	 1.23761
 0.000106894	 1.23761
 0.000105836	 1.23762
 0.000104788	 1.23762
 0.00010375	 1.23763
 0.000102723	 1.23763
 0.000101706	 1.23763
 0.000100699	 1.23764
 9.97021e-05	 1.23764
 9.8715e-05	 1.23764
 9.77376e-05	 1.23765
 9.67699e-05	 1.23765
 9.58118e-05	 1.23766
 9.48631e-05	 1.23766
 9.39239e-05	 1.23766
 9.2994e-05	 1.23767
 9.20732e-05	 1.23767
 9.11616e-05	 1.23767
 9.0259e-05	 1.23768
 8.93654e-05	 1.23768
 8.84806e-05	 1.23768
 8.76045e-05	 1.23769
 8.67371e-05	 1.23769
 8.58784e-05	 1.23769
 8.50281e-05	 1.2377
 8.41862e-05	 1.2377
 8.33527e-05	 1.2377
 8.25274e-05	 1.23771
 8.17103e-05	 1.23771
 8.09013e-05	 1.23771
 8.01003e-05	 1.23771
 7.93072e-05	 1.23772
 7.8522e-05	 1.23772
 7.77446e-05	 1.23772
 7.69748e-05	 1.23773
 7.62127e-05	 1.23773
 7.54581e-05	 1.23773
 7.4711e-05	 1.23774
 7.39713e-05	 1.23774
 7.32389e-05	 1.23774
 7.25138e-05	 1.23774
 7.17958e-05	 1.23775
 7.10849e-05	 1.23775
 7.03811e-05	 1.23775
 6.96843e-05	 1.23775
 6.89944e-05	 1.23776
 6.83112e-05	 1.23776
 6.76349e-05	 1.23776
 6.69652e-05	 1.23776
 6.63022e-05	 1.23777
 6.56458e-05	 1.23777
 6.49958e-05	 1.23777
 6.43523e-05	 1.23777
 6.37151e-05	 1.23778
 6.30843e-05	 1.23778
 6.24597e-05	 1.23778
 6.18413e-05	 1.23778
 6.1229e-05	 1.23779
 6.06228e-05	 1.23779
 6.00225e-05	 1.23779
 5.94282e-05	 1.23779
 5.88398e-05	 1.2378
 5.82573e-05	 1.2378
 5.76805e-05	 1.2378
 5.71094e-05	 1.2378
 5.65439e-05	 1.2378
 5.59841e-05	 1.23781
 5.54298e-05	 1.23781
 5.4881e-05	 1.23781
 5.43376e-05	 1.23781
 5.37996e-05	 1.23781
 5.32669e-05	 1.23782
 5.27396e-05	 1.23782
 5.22174e-05	 1.23782
 5.17004e-05	 1.23782
 5.11885e-05	 1.23782
 5.06817e-05	 1.23783
 5.01799e-05	 1.23783
 4.9683e-05	 1.23783
 4.91911e-05	 1.23783
 4.87041e-05	 1.23783
 4.82219e-05	 1.23784
 4.77444e-05	 1.23784
 4.72717e-05	 1.23784
 4.68037e-05	 1.23784
 4.63403e-05	 1.23784
 4.58815e-05	 1.23784
 4.54272e-05	 1.23785
 4.49774e-05	 1.23785
 4.45321e-05	 1.23785
 4.40912e-05	 1.23785
 4.36546e-05	 1.23785
 4.32224e-05	 1.23785
 4.27945e-05	 1.23786
 4.23708e-05	 1.23786
 4.19512e-05	 1.23786
 4.15359e-05	 1.23786
 4.11246e-05	 1.23786
 4.07175e-05	 1.23786
 4.03143e-05	 1.23787
 3.99152e-05	 1.23787
 3.952e-05	 1.23787
 3.91287e-05	 1.23787
 3.87413e-05	 1.23787
 3.83577e-05	 1.23787
 3.79779e-05	 1.23787
 3.76019e-05	 1.23788
 3.72296e-05	 1.23788
 3.6861e-05	 1.23788
 3.6496e-05	 1.23788
 3.61347e-05	 1.23788
 3.57769e-05	 1.23788
 3.54227e-05	 1.23788
 3.5072e-05	 1.23789
 3.47247e-05	 1.23789
 3.43809e-05	 1.23789
 3.40405e-05	 1.23789
 3.37035e-05	 1.23789
 3.33698e-05	 1.23789
 3.30394e-05	 1.23789
 3.27123e-05	 1.23789
 3.23884e-05	 1.2379
 3.20677e-05	 1.2379
 3.17502e-05	 1.2379
 3.14358e-05	 1.2379
 3.11246e-05	 1.2379
 3.08164e-05	 1.2379
 3.05113e-05	 1.2379
 3.02092e-05	 1.2379
 2.99101e-05	 1.23791
 2.9614e-05	 1.23791
 2.93208e-05	 1.23791
 2.90305e-05	 1.23791
 2.8743e-05	 1.23791
 2.84585e-05	 1.23791
 2.81767e-05	 1.23791
 2.78977e-05	 1.23791
 2.76215e-05	 1.23791
 2.7348e-05	 1.23791
 2.70772e-05	 1.23792
 2.68091e-05	 1.23792
 2.65437e-05	 1.23792
 2.62809e-05	 1.23792
 2.60207e-05	 1.23792
 2.57631e-05	 1.23792
 2.5508e-05	 1.23792
 2.52554e-05	 1.23792
 2.50054e-05	 1.23792
 2.47578e-05	 1.23792
 2.45127e-05	 1.23793
 2.427e-05	 1.23793
 2.40297e-05	 1.23793
 2.37918e-05	 1.23793
 2.35562e-05	 1.23793
 2.3323e-05	 1.23793
 2.3092e-05	 1.23793
 2.28634e-05	 1.23793
 2.2637e-05	 1.23793
 2.24129e-05	 1.23793
 2.2191e-05	 1.23793
 2.19713e-05	 1.23794
 2.17538e-05	 1.23794
 2.15384e-05	 1.23794
 2.13251e-05	 1.23794
 2.1114e-05	 1.23794
 2.09049e-05	 1.23794
 2.06979e-05	 1.23794
 2.0493e-05	 1.23794
 2.02901e-05	 1.23794
 2.00892e-05	 1.23794
 1.98903e-05	 1.23794
 1.96934e-05	 1.23794
 1.94984e-05	 1.23794
 1.93054e-05	 1.23795
 1.91142e-05	 1.23795
 1.8925e-05	 1.23795
 1.87376e-05	 1.23795
 1.85521e-05	 1.23795
 1.83684e-05	 1.23795
 1.81865e-05	 1.23795
 1.80064e-05	 1.23795
 1.78282e-05	 1.23795
 1.76517e-05	 1.23795
 1.74769e-05	 1.23795
 1.73038e-05	 1.23795
 1.71325e-05	 1.23795
 1.69629e-05	 1.23795
 1.67949e-05	 1.23795
 1.66287e-05	 1.23796
 1.6464e-05	 1.23796
 1.6301e-05	 1.23796
 1.61396e-05	 1.23796
 1.59798e-05	 1.23796
 1.58216e-05	 1.23796
 1.56649e-05	 1.23796
 1.55098e-05	 1.23796
 1.53563e-05	 1.23796
 1.52042e-05	 1.23796
 1.50537e-05	 1.23796
 1.49047e-05	 1.23796
 1.47571e-05	 1.23796
 1.4611e-05	 1.23796
 1.44663e-05	 1.23796
 1.43231e-05	 1.23796
 1.41813e-05	 1.23796
 1.40409e-05	 1.23797
 1.39018e-05	 1.23797
 1.37642e-05	 1.23797
 1.36279e-05	 1.23797
 1.3493e-05	 1.23797
 1.33594e-05	 1.23797
 1.32271e-05	 1.23797
 1.30962e-05	 1.23797
 1.29665e-05	 1.23797
 1.28381e-05	 1.23797
 1.2711e-05	 1.23797
 1.25852e-05	 1.23797
 1.24606e-05	 1.23797
 1.23372e-05	 1.23797
 1.2215e-05	 1.23797
 1.20941e-05	 1.23797
 1.19743e-05	 1.23797
 1.18558e-05	 1.23797
 1.17384e-05	 1.23797
 1.16222e-05	 1.23797
 1.15071e-05	 1.23797
 1.13932e-05	 1.23798
 1.12804e-05	 1.23798
 1.11687e-05	 1.23798
 1.10581e-05	 1.23798
 1.09486e-05	 1.23798
 1.08402e-05	 1.23798
 1.07329e-05	 1.23798
 1.06266e-05	 1.23798
 1.05214e-05	 1.23798
 1.04172e-05	 1.23798
 1.03141e-05	 1.23798
 1.0212e-05	 1.23798
 1.01109e-05	 1.23798
 1.00108e-05	 1.23798
 -1.00108e-05	 1.23806
 -1.01109e-05	 1.23806
 -1.0212e-05	 1.23806
 -1.03141e-05	 1.23806
 -1.04172e-05	 1.23806
 -1.05214e-05	 1.23806
 -1.06266e-05	 1.23806
 -1.07329e-05	 1.23806
 -1.08402e-05	 1.23806
 -1.09486e-05	 1.23806
 -1.10581e-05	 1.23806
 -1.11687e-05	 1.23806
 -1.12804e-05	 1.23806
 -1.13932e-05	 1.23806
 -1.15071e-05	 1.23806
 -1.16222e-05	 1.23806
 -1.17384e-05	 1.23806
 -1.18558e-05	 1.23806
 -1.19743e-05	 1.23806
 -1.20941e-05	 1.23806
 -1.2215e-05	 1.23806
 -1.23372e-05	 1.23806
 -1.24606e-05	 1.23807
 -1.25852e-05	 1.23807
 -1.2711e-05	 1.23807
 -1.28381e-05	 1.23807
 -1.29665e-05	 1.23807
 -1.30962e-05	 1.23807
 -1.32271e-05	 1.23807
 -1.33594e-05	 1.23807
 -1.3493e-05	 1.23807
 -1.36279e-05	 1.23807
 -1.37642e-05	 1.23807
 -1.39018e-05	 1.23807
 -1.40409e-05	 1.23807
 -1.41813e-05	 1.23807
 -1.43231e-05	 1.23807
 -1.44663e-05	 1.23807
 -1.4611e-05	 1.23807
 -1.47571e-05	 1.23807
 -1.49047e-05	 1.23807
 -1.50537e-05	 1.23808
 -1.52042e-05	 1.23808
 -1.53563e-05	 1.23808
 -1.55098e-05	 1.23808
 -1.56649e-05	 1.23808
 -1.58216e-05	 1.23808
 -1.59798e-05	 1.23808
 -1.61396e-05	 1.23808
 -1.6301e-05	 1.23808
 -1.6464e-05	 1.23808
 -1.66287e-05	 1.23808
 -1.67949e-05	 1.23808
 -1.69629e-05	 1.23808
 -1.71325e-05	 1.23808
 -1.73038e-05	 1.23808
 -1.74769e-05	 1.23808
 -1.76517e-05	 1.23809
 -1.78282e-05	 1.23809
 -1.80064e-05	 1.23809
 -1.81865e-05	 1.23809
 -1.83684e-05	 1.23809
 -1.85521e-05	 1.23809
 -1.87376e-05	 1.23809
 -1.8925e-05	 1.23809
 -1.91142e-05	 1.23809
 -1.93054e-05	 1.23809
 -1.94984e-05	 1.23809
 -1.96934e-05	 1.23809
 -1.98903e-05	 1.23809
 -2.00892e-05	 1.23809
 -2.02901e-05	 1.23809
 -2.0493e-05	 1.2381
 -2.06979e-05	 1.2381
 -2.09049e-05	 1.2381
 -2.1114e-05	 1.2381
 -2.13251e-05	 1.2381
 -2.15384e-05	 1.2381
 -2.17538e-05	 1.2381
 -2.19713e-05	 1.2381
 -2.2191e-05	 1.2381
 -2.24129e-05	 1.2381
 -2.2637e-05	 1.2381
 -2.28634e-05	 1.2381
 -2.3092e-05	 1.23811
 -2.3323e-05	 1.23811
 -2.35562e-05	 1.23811
 -2.37918e-05	 1.23811
 -2.40297e-05	 1.23811
 -2.427e-05	 1.23811
 -2.45127e-05	 1.23811
 -2.47578e-05	 1.23811
 -2.50054e-05	 1.23811
 -2.52554e-05	 1.23811
 -2.5508e-05	 1.23811
 -2.57631e-05	 1.23812
 -2.60207e-05	 1.23812
 -2.62809e-05	 1.23812
 -2.65437e-05	 1.23812
 -2.68091e-05	 1.23812
 -2.70772e-05	 1.23812
 -2.7348e-05	 1.23812
 -2.76215e-05	 1.23812
 -2.78977e-05	 1.23812
 -2.81767e-05	 1.23812
 -2.84585e-05	 1.23813
 -2.8743e-05	 1.23813
 -2.90305e-05	 1.23813
 -2.93208e-05	 1.23813
 -2.9614e-05	 1.23813
 -2.99101e-05	 1.23813
 -3.02092e-05	 1.23813
 -3.05113e-05	 1.23813
 -3.08164e-05	 1.23813
 -3.11246e-05	 1.23814
 -3.14358e-05	 1.23814
 -3.17502e-05	 1.23814
 -3.20677e-05	 1.23814
 -3.23884e-05	 1.23814
 -3.27123e-05	 1.23814
 -3.30394e-05	 1.23814
 -3.33698e-05	 1.23814
 -3.37035e-05	 1.23815
 -3.40405e-05	 1.23815
 -3.43809e-05	 1.23815
 -3.47247e-05	 1.23815
 -3.5072e-05	 1.23815
 -3.54227e-05	 1.23815
 -3.57769e-05	 1.23815
 -3.61347e-05	 1.23815
 -3.6496e-05	 1.23816
 -3.6861e-05	 1.23816
 -3.72296e-05	 1.23816
 -3.76019e-05	 1.23816
 -3.79779e-05	 1.23816
 -3.83577e-05	 1.23816
 -3.87413e-05	 1.23816
 -3.91287e-05	 1.23817
 -3.952e-05	 1.23817
 -3.99152e-05	 1.23817
 -4.03143e-05	 1.23817
 -4.07175e-05	 1.23817
 -4.11246e-05	 1.23817
 -4.15359e-05	 1.23818
 -4.19512e-05	 1.23818
 -4.23708e-05	 1.23818
 -4.27945e-05	 1.23818
 -4.32224e-05	 1.23818
 -4.36546e-05	 1.23818
 -4.40912e-05	 1.23818
 -4.45321e-05	 1.23819
 -4.49774e-05	 1.23819
 -4.54272e-05	 1.23819
 -4.58815e-05	 1.23819
 -4.63403e-05	 1.23819
 -4.68037e-05	 1.23819
 -4.72717e-05	 1.2382
 -4.77444e-05	 1.2382
 -4.82219e-05	 1.2382
 -4.87041e-05	 1.2382
 -4.91911e-05	 1.2382
 -4.9683e-05	 1.23821
 -5.01799e-05	 1.23821
 -5.06817e-05	 1.23821
 -5.11885e-05	 1.23821
 -5.17004e-05	 1.23821
 -5.22174e-05	 1.23822
 -5.27396e-05	 1.23822
 -5.32669e-05	 1.23822
 -5.37996e-05	 1.23822
 -5.43376e-05	 1.23822
 -5.4881e-05	 1.23823
 -5.54298e-05	 1.23823
 -5.59841e-05	 1.23823
 -5.65439e-05	 1.23823
 -5.71094e-05	 1.23823
 -5.76805e-05	 1.23824
 -5.82573e-05	 1.23824
 -5.88398e-05	 1.23824
 -5.94282e-05	 1.23824
 -6.00225e-05	 1.23824
 -6.06228e-05	 1.23825
 -6.1229e-05	 1.23825
 -6.18413e-05	 1.23825
 -6.24597e-05	 1.23825
 -6.30843e-05	 1.23826
 -6.37151e-05	 1.23826
 -6.43523e-05	 1.23826
 -6.49958e-05	 1.23826
 -6.56458e-05	 1.23827
 -6.63022e-05	 1.23827
 -6.69652e-05	 1.23827
 -6.76349e-05	 1.23827
 -6.83112e-05	 1.23828
 -6.89944e-05	 1.23828
 -6.96843e-05	 1.23828
 -7.03811e-05	 1.23828
 -7.10849e-05	 1.23829
 -7.17958e-05	 1.23829
 -7.25138e-05	 1.23829
 -7.32389e-05	 1.23829
 -7.39713e-05	 1.2383
 -7.4711e-05	 1.2383
 -7.54581e-05	 1.2383
 -7.62127e-05	 1.23831
 -7.69748e-05	 1.23831
 -7.77446e-05	 1.23831
 -7.8522e-05	 1.23831
 -7.93072e-05	 1.23832
 -8.01003e-05	 1.23832
 -8.09013e-05	 1.23832
 -8.17103e-05	 1.23833
 -8.25274e-05	 1.23833
 -8.33527e-05	 1.23833
 -8.41862e-05	 1.23834
 -8.50281e-05	 1.23834
 -8.58784e-05	 1.23834
 -8.67371e-05	 1.23835
 -8.76045e-05	 1.23835
 -8.84806e-05	 1.23835
 -8.93654e-05	 1.23836
 -9.0259e-05	 1.23836
 -9.11616e-05	 1.23836
 -9.20732e-05	 1.23837
 -9.2994e-05	 1.23837
 -9.39239e-05	 1.23837
 -9.48631e-05	 1.23838
 -9.58118e-05	 1.23838
 -9.67699e-05	 1.23838
 -9.77376e-05	 1.23839
 -9.8715e-05	 1.23839
 -9.97021e-05	 1.23839
 -0.000100699	 1.2384
 -0.000101706	 1.2384
 -0.000102723	 1.23841
 -0.00010375	 1.23841
 -0.000104788	 1.23841
 -0.000105836	 1.23842
 -0.000106894	 1.23842
 -0.000107963	 1.23842
 -0.000109043	 1.23843
 -0.000110133	 1.23843
 -0.000111234	 1.23844
 -0.000112347	 1.23844
 -0.00011347	 1.23845
 -0.000114605	 1.23845
 -0.000115751	 1.23845
 -0.000116909	 1.23846
 -0.000118078	 1.23846
 -0.000119258	 1.23847
 -0.000120451	 1.23847
 -0.000121656	 1.23848
 -0.000122872	 1.23848
 -0.000124101	 1.23849
 -0.000125342	 1.23849
 -0.000126595	 1.23849
 -0.000127861	 1.2385
 -0.00012914	 1.2385
 -0.000130431	 1.23851
 -0.000131736	 1.23851
 -0.000133053	 1.23852
 -0.000134383	 1.23852
 -0.000135727	 1.23853
 -0.000137084	 1.23853
 -0.000138455	 1.23854
 -0.00013984	 1.23854
 -0.000141238	 1.23855
 -0.000142651	 1.23855
 -0.000144077	 1.23856
 -0.000145518	 1.23857
 -0.000146973	 1.23857
 -0.000148443	 1.23858
 -0.000149927	 1.23858
 -0.000151427	 1.23859
 -0.000152941	 1.23859
 -0.00015447	 1.2386
 -0.000156015	 1.2386
 -0.000157575	 1.23861
 -0.000159151	 1.23862
 -0.000160742	 1.23862
 -0.00016235	 1.23863
 -0.000163973	 1.23863
 -0.000165613	 1.23864
 -0.000167269	 1.23865
 -0.000168942	 1.23865
 -0.000170631	 1.23866
 -0.000172338	 1.23867
 -0.000174061	 1.23867
 -0.000175802	 1.23868
 -0.00017756	 1.23869
 -0.000179335	 1.23869
 -0.000181129	 1.2387
 -0.00018294	 1.23871
 -0.000184769	 1.23871
 -0.000186617	 1.23872
 -0.000188483	 1.23873
 -0.000190368	 1.23873
 -0.000192272	 1.23874
 -0.000194194	 1.23875
 -0.000196136	 1.23875
 -0.000198098	 1.23876
 -0.000200079	 1.23877
 -0.000202079	 1.23878
 -0.0002041	 1.23878
 -0.000206141	 1.23879
 -0.000208203	 1.2388
 -0.000210285	 1.23881
 -0.000212387	 1.23882
 -0.000214511	 1.23882
 -0.000216656	 1.23883
 -0.000218823	 1.23884
 -0.000221011	 1.23885
 -0.000223221	 1.23886
 -0.000225454	 1.23886
 -0.000227708	 1.23887
 -0.000229985	 1.23888
 -0.000232285	 1.23889
 -0.000234608	 1.2389
 -0.000236954	 1.23891
 -0.000239323	 1.23892
 -0.000241717	 1.23892
 -0.000244134	 1.23893
 -0.000246575	 1.23894
 -0.000249041	 1.23895
 -0.000251531	 1.23896
 -0.000254047	 1.23897
 -0.000256587	 1.23898
 -0.000259153	 1.23899
 -0.000261745	 1.239
 -0.000264362	 1.23901
 -0.000267006	 1.23902
 -0.000269676	 1.23903
 -0.000272372	 1.23904
 -0.000275096	 1.23905
 -0.000277847	 1.23906
 -0.000280626	 1.23907
 -0.000283432	 1.23908
 -0.000286266	 1.23909
 -0.000289129	 1.2391
 -0.00029202	 1.23911
 -0.00029494	 1.23912
 -0.00029789	 1.23913
 -0.000300869	 1.23914
 -0.000303877	 1.23916
 -0.000306916	 1.23917
 -0.000309985	 1.23918
 -0.000313085	 1.23919
 -0.000316216	 1.2392
 -0.000319378	 1.23921
 -0.000322572	 1.23922
 -0.000325798	 1.23924
 -0.000329056	 1.23925
 -0.000332346	 1.23926
 -0.00033567	 1.23927
 -0.000339026	 1.23929
 -0.000342417	 1.2393
 -0.000345841	 1.23931
 -0.000349299	 1.23932
 -0.000352792	 1.23934
 -0.00035632	 1.23935
 -0.000359883	 1.23936
 -0.000363482	 1.23938
 -0.000367117	 1.23939
 -0.000370788	 1.2394
 -0.000374496	 1.23942
 -0.000378241	 1.23943
 -0.000382023	 1.23944
 -0.000385844	 1.23946
 -0.000389702	 1.23947
 -0.000393599	 1.23949
 -0.000397535	 1.2395
 -0.00040151	 1.23952
 -0.000405525	 1.23953
 -0.000409581	 1.23955
 -0.000413676	 1.23956
 -0.000417813	 1.23958
 -0.000421991	 1.23959
 -0.000426211	 1.23961
 -0.000430473	 1.23962
 -0.000434778	 1.23964
 -0.000439126	 1.23965
 -0.000443517	 1.23967
 -0.000447952	 1.23969
 -0.000452432	 1.2397
 -0.000456956	 1.23972
 -0.000461526	 1.23974
 -0.000466141	 1.23975
 -0.000470802	 1.23977
 -0.00047551	 1.23979
 -0.000480266	 1.23981
 -0.000485068	 1.23982
 -0.000489919	 1.23984
 -0.000494818	 1.23986
 -0.000499766	 1.23988
 -0.000504764	 1.2399
 -0.000509812	 1.23991
 -0.00051491	 1.23993
 -0.000520059	 1.23995
 -0.000525259	 1.23997
 -0.000530512	 1.23999
 -0.000535817	 1.24001
 -0.000541175	 1.24003
 -0.000546587	 1.24005
 -0.000552053	 1.24007
 -0.000557573	 1.24009
 -0.000563149	 1.24011
 -0.000568781	 1.24013
 -0.000574468	 1.24015
 -0.000580213	 1.24017
 -0.000586015	 1.24019
 -0.000591875	 1.24021
 -0.000597794	 1.24023
 -0.000603772	 1.24026
 -0.00060981	 1.24028
 -0.000615908	 1.2403
 -0.000622067	 1.24032
 -0.000628288	 1.24034
 -0.000634571	 1.24037
 -0.000640916	 1.24039
 -0.000647325	 1.24041
 -0.000653799	 1.24044
 -0.000660337	 1.24046
 -0.00066694	 1.24048
 -0.000673609	 1.24051
 -0.000680345	 1.24053
 -0.000687149	 1.24056
 -0.00069402	 1.24058
 -0.000700961	 1.24061
 -0.00070797	 1.24063
 -0.00071505	 1.24066
 -0.0007222	 1.24068
 -0.000729422	 1.24071
 -0.000736717	 1.24074
 -0.000744084	 1.24076
 -0.000751525	 1.24079
 -0.00075904	 1.24082
 -0.00076663	 1.24084
 -0.000774297	 1.24087
 -0.00078204	 1.2409
 -0.00078986	 1.24093
 -0.000797759	 1.24096
 -0.000805736	 1.24098
 -0.000813794	 1.24101
 -0.000821931	 1.24104
 -0.000830151	 1.24107
 -0.000838452	 1.2411
 -0.000846837	 1.24113
 -0.000855305	 1.24116
 -0.000863858	 1.24119
 -0.000872497	 1.24122
 -0.000881222	 1.24125
 -0.000890034	 1.24129
 -0.000898934	 1.24132
 -0.000907924	 1.24135
 -0.000917003	 1.24138
 -0.000926173	 1.24141
 -0.000935435	 1.24145
 -0.000944789	 1.24148
 -0.000954237	 1.24151
 -0.000963779	 1.24155
 -0.000973417	 1.24158
 -0.000983151	 1.24162
 -0.000992983	 1.24165
 -0.00100291	 1.24169
 -0.00101294	 1.24172
 -0.00102307	 1.24176
 -0.0010333	 1.24179
 -0.00104363	 1.24183
 -0.00105407	 1.24187
 -0.00106461	 1.2419
 -0.00107526	 1.24194
 -0.00108601	 1.24198
 -0.00109687	 1.24202
 -0.00110784	 1.24206
 -0.00111892	 1.24209
 -0.00113011	 1.24213
 -0.00114141	 1.24217
 -0.00115282	 1.24221
 -0.00116435	 1.24225
 -0.00117599	 1.24229
 -0.00118775	 1.24234
 -0.00119963	 1.24238
 -0.00121163	 1.24242
 -0.00122374	 1.24246
 -0.00123598	 1.2425
 -0.00124834	 1.24255
 -0.00126082	 1.24259
 -0.00127343	 1.24263
 -0.00128617	 1.24268
 -0.00129903	 1.24272
 -0.00131202	 1.24277
 -0.00132514	 1.24281
 -0.00133839	 1.24286
 -0.00135177	 1.2429
 -0.00136529	 1.24295
 -0.00137895	 1.243
 -0.00139273	 1.24305
 -0.00140666	 1.24309
 -0.00142073	 1.24314
 -0.00143494	 1.24319
 -0.00144929	 1.24324
 -0.00146378	 1.24329
 -0.00147842	 1.24334
 -0.0014932	 1.24339
 -0.00150813	 1.24344
 -0.00152321	 1.24349
 -0.00153845	 1.24354
 -0.00155383	 1.2436
 -0.00156937	 1.24365
 -0.00158506	 1.2437
 -0.00160091	 1.24376
 -0.00161692	 1.24381
 -0.00163309	 1.24387
 -0.00164942	 1.24392
 -0.00166592	 1.24398
 -0.00168258	 1.24403
 -0.0016994	 1.24409
 -0.0017164	 1.24415
 -0.00173356	 1.2442
 -0.00175089	 1.24426
 -0.0017684	 1.24432
 -0.00178609	 1.24438
 -0.00180395	 1.24444
 -0.00182199	 1.2445
 -0.00184021	 1.24456
 -0.00185861	 1.24462
 -0.0018772	 1.24468
 -0.00189597	 1.24475
 -0.00191493	 1.24481
 -0.00193408	 1.24487
 -0.00195342	 1.24494
 -0.00197295	 1.245
 -0.00199268	 1.24507
 -0.00201261	 1.24513
 -0.00203273	 1.2452
 -0.00205306	 1.24526
 -0.00207359	 1.24533
 -0.00209433	 1.2454
 -0.00211527	 1.24547
 -0.00213642	 1.24554
 -0.00215779	 1.24561
 -0.00217937	 1.24568
 -0.00220116	 1.24575
 -0.00222317	 1.24582
 -0.0022454	 1.24589
 -0.00226786	 1.24596
 -0.00229054	 1.24603
 -0.00231344	 1.24611
 -0.00233658	 1.24618
 -0.00235994	 1.24626
 -0.00238354	 1.24633
 -0.00240738	 1.24641
 -0.00243145	 1.24649
 -0.00245576	 1.24656
 -0.00248032	 1.24664
 -0.00250513	 1.24672
 -0.00253018	 1.2468
 -0.00255548	 1.24688
 -0.00258103	 1.24696
 -0.00260684	 1.24704
 -0.00263291	 1.24712
 -0.00265924	 1.2472
 -0.00268583	 1.24729
 -0.00271269	 1.24737
 -0.00273982	 1.24745
 -0.00276722	 1.24754
 -0.00279489	 1.24762
 -0.00282284	 1.24771
 -0.00285107	 1.2478
 -0.00287958	 1.24788
 -0.00290837	 1.24797
 -0.00293746	 1.24806
 -0.00296683	 1.24815
 -0.0029965	 1.24824
 -0.00302646	 1.24833
 -0.00305673	 1.24842
 -0.0030873	 1.24851
 -0.00311817	 1.2486
 -0.00314935	 1.2487
 -0.00318084	 1.24879
 -0.00321265	 1.24889
 -0.00324478	 1.24898
 -0.00327723	 1.24908
 -0.00331	 1.24917
 -0.0033431	 1.24927
 -0.00337653	 1.24937
 -0.0034103	 1.24947
 -0.0034444	 1.24956
 -0.00347884	 1.24966
 -0.00351363	 1.24976
 -0.00354877	 1.24986
 -0.00358426	 1.24997
 -0.0036201	 1.25007
 -0.0036563	 1.25017
 -0.00369286	 1.25027
 -0.00372979	 1.25038
 -0.00376709	 1.25048
 -0.00380476	 1.25059
 -0.00384281	 1.2507
 -0.00388123	 1.2508
 -0.00392005	 1.25091
 -0.00395925	 1.25102
 -0.00399884	 1.25113
 -0.00403883	 1.25124
 -0.00407922	 1.25135
 -0.00412001	 1.25146
 -0.00416121	 1.25157
 -0.00420282	 1.25168
 -0.00424485	 1.25179
 -0.0042873	 1.25191
 -0.00433017	 1.25202
 -0.00437347	 1.25214
 -0.00441721	 1.25225
 -0.00446138	 1.25237
 -0.00450599	 1.25249
 -0.00455105	 1.2526
 -0.00459656	 1.25272
 -0.00464253	 1.25284
 -0.00468895	 1.25296
 -0.00473584	 1.25308
 -0.0047832	 1.2532
 -0.00483103	 1.25332
 -0.00487934	 1.25345
 -0.00492814	 1.25357
 -0.00497742	 1.25369
 -0.00502719	 1.25382
 -0.00507747	 1.25394
 -0.00512824	 1.25407
 -0.00517952	 1.2542
 -0.00523132	 1.25433
 -0.00528363	 1.25445
 -0.00533647	 1.25458
 -0.00538983	 1.25471
 -0.00544373	 1.25484
 -0.00549817	 1.25498
 -0.00555315	 1.25511
 -0.00560868	 1.25524
 -0.00566477	 1.25537
 -0.00572142	 1.25551
 -0.00577863	 1.25564
 -0.00583642	 1.25578
 -0.00589478	 1.25592
 -0.00595373	 1.25605
 -0.00601327	 1.25619
 -0.0060734	 1.25633
 -0.00613413	 1.25647
 -0.00619547	 1.25661
 -0.00625743	 1.25675
 -0.00632	 1.25689
 -0.0063832	 1.25704
 -0.00644703	 1.25718
 -0.0065115	 1.25732
 -0.00657662	 1.25747
 -0.00664239	 1.25761
 -0.00670881	 1.25776
 -0.0067759	 1.25791
 -0.00684366	 1.25805
 -0.00691209	 1.2582
 -0.00698121	 1.25835
 -0.00705103	 1.2585
 -0.00712154	 1.25865
 -0.00719275	 1.2588
 -0.00726468	 1.25895
 -0.00733733	 1.2591
 -0.0074107	 1.25925
 -0.00748481	 1.25941
 -0.00755965	 1.25956
 -0.00763525	 1.25971
 -0.0077116	 1.25987
 -0.00778872	 1.26002
 -0.00786661	 1.26018
 -0.00794527	 1.26033
 -0.00802473	 1.26049
 -0.00810497	 1.26064
 -0.00818602	 1.2608
 -0.00826788	 1.26095
 -0.00835056	 1.26111
 -0.00843407	 1.26127
 -0.00851841	 1.26143
 -0.00860359	 1.26158
 -0.00868963	 1.26174
 -0.00877652	 1.2619
 -0.00886429	 1.26206
 -0.00895293	 1.26221
 -0.00904246	 1.26237
 -0.00913289	 1.26253
 -0.00922422	 1.26269
 -0.00931646	 1.26285
 -0.00940962	 1.26301
 -0.00950372	 1.26316
 -0.00959876	 1.26332
 -0.00969474	 1.26348
 -0.00979169	 1.26364
 -0.00988961	 1.2638
 -0.0099885	 1.26395
 -0.0100884	 1.26411
 -0.0101893	 1.26427
 -0.0102912	 1.26443
 -0.0103941	 1.26458
 -0.010498	 1.26474
 -0.010603	 1.2649
 -0.010709	 1.26505
 -0.0108161	 1.26521
 -0.0109243	 1.26536
 -0.0110335	 1.26552
 -0.0111439	 1.26567
 -0.0112553	 1.26583
 -0.0113678	 1.26567
 -0.0114815	 1.2654
 -0.0115963	 1.26513
 -0.0117123	 1.26485
 -0.0118294	 1.26456
 -0.0119477	 1.26427
 -0.0120672	 1.26397
 -0.0121879	 1.26366
 -0.0123098	 1.26335
 -0.0124328	 1.26302
 -0.0125572	 1.26269
 -0.0126827	 1.26236
 -0.0128096	 1.26201
 -0.0129377	 1.26166
 -0.013067	 1.2613
 -0.0131977	 1.26093
 -0.0133297	 1.26055
 -0.013463	 1.26017
 -0.0135976	 1.25977
 -0.0137336	 1.25937
 -0.0138709	 1.25896
 -0.0140096	 1.25855
 -0.0141497	 1.25812
 -0.0142912	 1.25768
 -0.0144342	 1.25724
 -0.0145785	 1.25679
 -0.0147243	 1.25633
 -0.0148715	 1.25586
 -0.0150202	 1.25538
 -0.0151704	 1.2549
 -0.0153221	 1.2544
 -0.0154754	 1.2539
 -0.0156301	 1.25338
 -0.0157864	 1.25286
 -0.0159443	 1.25233
 -0.0161037	 1.25179
 -0.0162648	 1.25124
 -0.0164274	 1.25069
 -0.0165917	 1.25012
 -0.0167576	 1.24955
 -0.0169252	 1.24896
 -0.0170944	 1.24837
 -0.0172654	 1.24777
 -0.017438	 1.24716
 -0.0176124	 1.24654
 -0.0177885	 1.24591
 -0.0179664	 1.24527
 -0.0181461	 1.24462
 -0.0183275	 1.24396
 -0.0185108	 1.2433
 -0.0186959	 1.24262
 -0.0188829	 1.24194
 -0.0190717	 1.24124
 -0.0192624	 1.24054
 -0.0194551	 1.23983
 -0.0196496	 1.2391
 -0.0198461	 1.23837
 -0.0200446	 1.23763
 -0.020245	 1.23688
 -0.0204475	 1.23612
 -0.0206519	 1.23534
 -0.0208585	 1.23456
 -0.021067	 1.23377
 -0.0212777	 1.23297
 -0.0214905	 1.23215
 -0.0217054	 1.23133
 -0.0219224	 1.2305
 -0.0221417	 1.22965
 -0.0223631	 1.2288
 -0.0225867	 1.22793
 -0.0228126	 1.22706
 -0.0230407	 1.22617
 -0.0232711	 1.22527
 -0.0235038	 1.22436
 -0.0237389	 1.22344
 -0.0239763	 1.22251
 -0.024216	 1.22157
 -0.0244582	 1.22061
 -0.0247028	 1.21965
 -0.0249498	 1.21867
 -0.0251993	 1.21768
 -0.0254513	 1.21668
 -0.0257058	 1.21567
 -0.0259628	 1.21464
 -0.0262225	 1.21361
 -0.0264847	 1.21256
 -0.0267495	 1.2115
 -0.027017	 1.21043
 -0.0272872	 1.20934
 -0.0275601	 1.20825
 -0.0278357	 1.20714
 -0.028114	 1.20601
 -0.0283952	 1.20488
 -0.0286791	 1.20373
 -0.0289659	 1.20257
 -0.0292556	 1.2014
 -0.0295481	 1.20021
 -0.0298436	 1.19901
 -0.0301421	 1.19779
 -0.0304435	 1.19657
 -0.0307479	 1.19532
 -0.0310554	 1.19407
 -0.0313659	 1.1928
 -0.0316796	 1.19151
 -0.0319964	 1.19021
 -0.0323164	 1.1889
 -0.0326395	 1.18757
 -0.0329659	 1.18622
 -0.0332956	 1.18486
 -0.0336285	 1.18348
 -0.0339648	 1.18209
 -0.0343045	 1.18067
 -0.0346475	 1.17925
 -0.034994	 1.1778
 -0.0353439	 1.17634
 -0.0356974	 1.17485
 -0.0360543	 1.17335
 -0.0364149	 1.17184
 -0.036779	 1.1703
 -0.0371468	 1.16874
 -0.0375183	 1.16716
 -0.0378935	 1.16557
 -0.0382724	 1.16395
 -0.0386551	 1.16231
 -0.0390417	 1.16065
 -0.0394321	 1.15897
 -0.0398264	 1.15727
 -0.0402247	 1.15554
 -0.0406269	 1.15379
 -0.0410332	 1.15202
 -0.0414435	 1.15023
 -0.041858	 1.14841
 -0.0422766	 1.14656
 -0.0426993	 1.1447
 -0.0431263	 1.14281
 -0.0435576	 1.14089
 -0.0439932	 1.13895
 -0.0444331	 1.13698
 -0.0448774	 1.13498
 -0.0453262	 1.13296
 -0.0457795	 1.13092
 -0.0462372	 1.12884
 -0.0466996	 1.12674
 -0.0471666	 1.12461
 -0.0476383	 1.12245
 -0.0481147	 1.12027
 -0.0485958	 1.11806
 -0.0490818	 1.11581
 -0.0495726	 1.11354
 -0.0500683	 1.11125
 -0.050569	 1.10892
 -0.0510747	 1.10656
 -0.0515854	 1.10417
 -0.0521013	 1.10175
 -0.0526223	 1.0993
 -0.0531485	 1.09682
 -0.05368	 1.09431
 -0.0542168	 1.09177
 -0.054759	 1.0892
 -0.0553066	 1.0866
 -0.0558596	 1.08396
 -0.0564182	 1.0813
 -0.0569824	 1.0786
 -0.0575522	 1.07586
 -0.0581278	 1.0731
 -0.058709	 1.0703
 -0.0592961	 1.06747
 -0.0598891	 1.0646
 -0.060488	 1.0617
 -0.0610929	 1.05877
 -0.0617038	 1.0558
 -0.0623208	 1.05279
 -0.062944	 1.04975
 -0.0635735	 1.04668
 -0.0642092	 1.04356
 -0.0648513	 1.04041
 -0.0654998	 1.03723
 -0.0661548	 1.034
 -0.0668164	 1.03074
 -0.0674845	 1.02744
 -0.0681594	 1.0241
 -0.068841	 1.02072
 -0.0695294	 1.0173
 -0.0702247	 1.01384
 -0.0709269	 1.01034
 -0.0716362	 1.00679
 -0.0723525	 1.00321
 -0.0730761	 0.999578
 -0.0738068	 0.995906
 -0.0745449	 0.992191
 -0.0752903	 0.98843
 -0.0760433	 0.984625
 -0.0768037	 0.980774
 -0.0775717	 0.976877
 -0.0783474	 0.972933
 -0.0791309	 0.968941
 -0.0799222	 0.964901
 -0.0807214	 0.960812
 -0.0815287	 0.956674
 -0.0823439	 0.952486
 -0.0831674	 0.948248
 -0.0839991	 0.943958
 -0.084839	 0.939617
 -0.0856874	 0.935224
 -0.0865443	 0.930778
 -0.0874098	 0.926279
 -0.0882839	 0.921726
 -0.0891667	 0.917118
 -0.0900584	 0.912457
 -0.0909589	 0.90774
 -0.0918685	 0.902968
 -0.0927872	 0.89814
 -0.0937151	 0.893256
 -0.0946522	 0.888317
 -0.0955988	 0.883321
 -0.0965548	 0.87827
 -0.0975203	 0.873163
 -0.0984955	 0.868002
 -0.0994805	 0.862813
 -0.100475	 0.857498
 -0.10148	 0.8521
 -0.102495	 0.846686
 -0.10352	 0.841215
 -0.104555	 0.835689
 -0.105601	 0.830107
 -0.106657	 0.824469
 -0.107723	 0.818776
 -0.1088	 0.813027
 -0.109888	 0.807222
 -0.110987	 0.801362
 -0.112097	 0.795448
 -0.113218	 0.789478
 -0.11435	 0.783455
 -0.115494	 0.777379
 -0.116649	 0.77125
 -0.117815	 0.765069
 -0.118993	 0.758836
 -0.120183	 0.752552
 -0.121385	 0.746218
 -0.122599	 0.739835
 -0.123825	 0.733403
 -0.125063	 0.726923
 -0.126314	 0.720396
 -0.127577	 0.713823
 -0.128853	 0.707204
 -0.130141	 0.700541
 -0.131443	 0.693834
 -0.132757	 0.687084
 -0.134085	 0.680293
 -0.135425	 0.67346
 -0.13678	 0.666588
 -0.138148	 0.659676
 -0.139529	 0.652727
 -0.140924	 0.645741
 -0.142334	 0.638719
 -0.143757	 0.631663
 -0.145194	 0.624573
 -0.146646	 0.617452
 -0.148113	 0.610299
 -0.149594	 0.603118
 -0.15109	 0.595909
 -0.152601	 0.588674
 -0.154127	 0.581414
 -0.155668	 0.574131
 -0.157225	 0.566827
 -0.158797	 0.559505
 -0.160385	 0.552165
 -0.161989	 0.544811
 -0.163609	 0.537444
 -0.165245	 0.530068
 -0.166897	 0.522683
 -0.168566	 0.515294
 -0.170252	 0.507903
 -0.171954	 0.500513
 -0.173674	 0.493127
 -0.175411	 0.485748
 -0.177165	 0.478379
 -0.178936	 0.471024
 -0.180726	 0.463686
 -0.182533	 0.456369
 -0.184358	 0.449076
 -0.186202	 0.441812
 -0.188064	 0.434579
 -0.189945	 0.427382
 -0.191844	 0.420225
 -0.193763	 0.413111
 -0.1957	 0.406045
 -0.197657	 0.39903
 -0.199634	 0.392069
 -0.20163	 0.385168
 -0.203646	 0.378328
 -0.205683	 0.371555
 -0.20774	 0.364852
 -0.209817	 0.358221
 -0.211915	 0.351667
 -0.214034	 0.345192
 -0.216175	 0.3388
 -0.218336	 0.332493
 -0.22052	 0.326275
 -0.222725	 0.320147
 -0.224952	 0.314112
 -0.227202	 0.308173
 -0.229474	 0.302332
 -0.231769	 0.29659
 -0.234086	 0.29095
 -0.236427	 0.285412
 -0.238791	 0.279979
 -0.241179	 0.274653
 -0.243591	 0.269433
 -0.246027	 0.264322
 -0.248487	 0.25932
 -0.250972	 0.254428
 -0.253482	 0.249647
 -0.256017	 0.244978
 -0.258577	 0.240421
 -0.261163	 0.235976
 -0.263774	 0.231645
 -0.266412	 0.227428
 -0.269076	 0.223325
 -0.271767	 0.219336
 -0.274485	 0.215461
 -0.277229	 0.211701
 -0.280002	 0.208056
 -0.282802	 0.204526
 -0.28563	 0.201111
 -0.288486	 0.197811
 -0.291371	 0.194627
 -0.294285	 0.191557
 -0.297227	 0.188604
 -0.3002	 0.185765
 -0.303202	 0.183043
 -0.306234	 0.180435
 -0.309296	 0.177943
 -0.312389	 0.175566
 -0.315513	 0.173305
 -0.318668	 0.171159
 -0.321855	 0.169128
 -0.325073	 0.167213
 -0.328324	 0.165412
 -0.331607	 0.163726
 -0.334923	 0.162154
 -0.338273	 0.160696
 -0.341655	 0.159352
 -0.345072	 0.158122
 -0.348523	 0.157004
 -0.352008	 0.155999
 -0.355528	 0.155106
 -0.359083	 0.154323
 -0.362674	 0.153651
 -0.366301	 0.153088
 -0.369964	 0.152633
 -0.373663	 0.152286
 -0.3774	 0.152044
 -0.381174	 0.151907
 -0.384986	 0.151873
 -0.388836	 0.151939
 -0.392724	 0.152106
 -0.396651	 0.152369
 -0.400618	 0.152728
 -0.404624	 0.15318
 -0.40867	 0.153722
 -0.412757	 0.154351
 -0.416884	 0.155065
 -0.421053	 0.155861
 -0.425264	 0.156735
 -0.429516	 0.157683
 -0.433812	 0.158703
 -0.43815	 0.159789
 -0.442531	 0.160938
 -0.446956	 0.162145
 -0.451426	 0.163406
 -0.45594	 0.164716
 -0.4605	 0.16607
 -0.465105	 0.167463
 -0.469756	 0.168889
 -0.474453	 0.170343
 -0.479198	 0.17182
 -0.48399	 0.173312
 -0.48883	 0.174815
 -0.493718	 0.176323
 -0.498655	 0.177828
 -0.503642	 0.179326
 -0.508678	 0.180809
 -0.513765	 0.182271
 -0.518903	 0.183706
 -0.524092	 0.185108
 -0.529333	 0.186471
 -0.534626	 0.187788
 -0.539972	 0.189053
 -0.545372	 0.190261
 -0.550826	 0.191406
 -0.556334	 0.192482
 -0.561897	 0.193483
 -0.567516	 0.194406
 -0.573191	 0.195245
 -0.578923	 0.195995
 -0.584712	 0.196653
 -0.59056	 0.197214
 -0.596465	 0.197677
 -0.60243	 0.198036
 -0.608454	 0.19829
 -0.614539	 0.198437
 -0.620684	 0.198474
 -0.626891	 0.198401
 -0.63316	 0.198217
 -0.639491	 0.197922
 -0.645886	 0.197515
 -0.652345	 0.196997
 -0.658869	 0.19637
 -0.665457	 0.195635
 -0.672112	 0.194794
 -0.678833	 0.193849
 -0.685621	 0.192803
 -0.692477	 0.191661
 -0.699402	 0.190425
 -0.706396	 0.189099
 -0.71346	 0.187689
 -0.720595	 0.1862
 -0.727801	 0.184635
 -0.735079	 0.183002
 -0.74243	 0.181305
 -0.749854	 0.179552
 -0.757352	 0.177747
 -0.764926	 0.175898
 -0.772575	 0.174011
 -0.780301	 0.172093
 -0.788104	 0.17015
 -0.795985	 0.16819
 -0.803945	 0.16622
 -0.811984	 0.164245
 -0.820104	 0.162273
 -0.828305	 0.160312
 -0.836588	 0.158366
 -0.844954	 0.156444
 -0.853404	 0.154552
 -0.861938	 0.152696
 -0.870557	 0.150882
 -0.879263	 0.149116
 -0.888055	 0.147405
 -0.896936	 0.145754
 -0.905905	 0.144168
 -0.914964	 0.142654
 -0.924114	 0.141215
 -0.933355	 0.139858
 -0.942689	 0.138587
 -0.952115	 0.137407
 -0.961637	 0.136322
 -0.971253	 0.135336
 -0.980966	 0.134454
 -0.990775	 0.13368
 -1.00068	 0.133017
 -1.01069	 0.13247
 -1.0208	 0.132042
 -1.031	 0.131736
 -1.04131	 0.131556
 -1.05173	 0.131505
 -1.06225	 0.131587
 -1.07287	 0.131805
 -1.0836	 0.132161
 -1.09443	 0.132659
 -1.10538	 0.133302
 -1.11643	 0.134092
 -1.12759	 0.135033
 -1.13887	 0.136127
 -1.15026	 0.137378
 -1.16176	 0.138788
 -1.17338	 0.140359
 -1.18511	 0.142095
 -1.19696	 0.143998
 -1.20893	 0.146071
 -1.22102	 0.148316
 -1.23323	 0.150736
 -1.24557	 0.153333
 -1.25802	 0.156109
 -1.2706	 0.159067
 -1.28331	 0.162208
 -1.29614	 0.165534
 -1.3091	 0.169048
 -1.32219	 0.172749
 -1.33542	 0.17664
 -1.34877	 0.180722
 -1.36226	 0.184994
 -1.37588	 0.189457
 -1.38964	 0.19411
 -1.40353	 0.198954
 -1.41757	 0.203986
 -1.43175	 0.209205
 -1.44606	 0.214608
 -1.46052	 0.220193
 -1.47513	 0.225956
 -1.48988	 0.231892
 -1.50478	 0.237997
 -1.51983	 0.244264
 -1.53503	 0.250687
 -1.55038	 0.257259
 -1.56588	 0.263971
 -1.58154	 0.270816
 -1.59735	 0.277782
 -1.61333	 0.284861
 -1.62946	 0.292039
 -1.64575	 0.299307
 -1.66221	 0.306651
 -1.67883	 0.31406
 -1.69562	 0.321519
 -1.71258	 0.329015
 -1.72971	 0.336534
 -1.747	 0.344062
 -1.76447	 0.351584
 -1.78212	 0.359086
 -1.79994	 0.366553
 -1.81794	 0.37397
 -1.83612	 0.381324
 -1.85448	 0.388599
 -1.87302	 0.395782
 -1.89175	 0.402858
 -1.91067	 0.409813
 -1.92978	 0.416635
 -1.94907	 0.423309
 -1.96857	 0.429821
 -1.98825	 0.436159
 -2.00813	 0.442311
 -2.02822	 0.448263
 -2.0485	 0.454002
 -2.06898	 0.459517
 -2.08967	 0.464795
 -2.11057	 0.469821
 -2.13167	 0.474586
 -2.15299	 0.479074
 -2.17452	 0.483274
 -2.19627	 0.487173
 -2.21823	 0.490756
 -2.24041	 0.494011
 -2.26282	 0.496923
 -2.28544	 0.499478
 -2.3083	 0.501662
 -2.33138	 0.50346
 -2.35469	 0.504857
 -2.37824	 0.505836
 -2.40202	 0.506382
 -2.42604	 0.50648
 -2.4503	 0.506111
 -2.47481	 0.505261
 -2.49956	 0.503913
 -2.52455	 0.502049
 -2.5498	 0.499655
 -2.5753	 0.496713
 -2.60105	 0.49321
 -2.62706	 0.48913
 -2.65333	 0.48446
 -2.67986	 0.479189
 -2.70666	 0.473307
 -2.73373	 0.466807
 -2.76106	 0.459684
 -2.78868	 0.451937
 -2.81656	 0.443568
 -2.84473	 0.434586
 -2.87318	 0.425003
 -2.90191	 0.414837
 -2.93093	 0.404113
 -2.96024	 0.392864
 -2.98984	 0.381127
 -3.01974	 0.368951
 -3.04993	 0.356388
 -3.08043	 0.343499
 -3.11124	 0.330352
 -3.14235	 0.317017
 -3.17377	 0.303572
 -3.20551	 0.290092
 -3.23757	 0.276656
 -3.26994	 0.263341
 -3.30264	 0.250214
 -3.33567	 0.237345
 -3.36902	 0.224793
 -3.40271	 0.212608
 -3.43674	 0.200833
 -3.47111	 0.189501
 -3.50582	 0.178637
 -3.54088	 0.168257
 -3.57629	 0.15837
 -3.61205	 0.148979
 -3.64817	 0.14008
 -3.68465	 0.131664
 -3.7215	 0.123721
 -3.75871	 0.116235
 -3.7963	 0.109189
 -3.83426	 0.102565
 -3.87261	 0.0963434
 -3.91133	 0.0905038
 -3.95045	 0.0850266
 -3.98995	 0.0798917
 -4.02985	 0.0750798
 -4.07015	 0.0705721
 -4.11085	 0.0663505
 -4.15196	 0.0623975
 -4.19348	 0.0586966
 -4.23541	 0.0552321
 -4.27777	 0.0519893
 -4.32054	 0.0489541
 -4.36375	 0.0461134
 -4.40739	 0.0434549
 -4.45146	 0.0409669
 -4.49598	 0.0386387
 -4.54094	 0.03646
 -4.58634	 0.0344213
 -4.63221	 0.0325138
 -4.67853	 0.0307291
 -4.72532	 0.0290594
 -4.77257	 0.0274975
 -4.82029	 0.0260365
 -4.8685	 0.02467
 -4.91718	 0.0233921
 -4.96635	 0.0221972
 -5.01602	 0.02108
 -5.06618	 0.0200356
 -5.11684	 0.0190593
 -5.16801	 0.0181469
 -5.21969	 0.0172942
 -5.27188	 0.0164974
 -5.3246	 0.0157529
 -5.37785	 0.0150572
 -5.43163	 0.0144073
 -5.48594	 0.0137999
 -5.5408	 0.0132324
 -5.59621	 0.0127019
 -5.65217	 0.012206
 -5.7087	 0.0117422
 -5.76578	 0.0113082
 -5.82344	 0.010902
 -5.88167	 0.0105214
 -5.94049	 0.0101646
 -5.9999	 0.00982978
 -6.0599	 0.00951516
 -6.12049	 0.00921915
 -6.1817	 0.00894026
 -6.24352	 0.00867702
 -6.30595	 0.0084281
 -6.36901	 0.00819222
 -6.4327	 0.0079682
 -6.49703	 0.00775492
 -6.562	 0.00755134
 -6.62762	 0.00735649
 -6.69389	 0.00716949
 -6.76083	 0.00698949
 -6.82844	 0.00681571
 -6.89673	 0.00664747
 -6.96569	 0.0064841
 -7.03535	 0.00632502
 -7.1057	 0.0061697
 -7.17676	 0.00601767
 -7.24853	 0.00586848
 -7.32101	 0.00572178
 -7.39422	 0.00557722
 -7.46817	 0.00543453
 -7.54285	 0.00529345
 -7.61828	 0.0051538
 -7.69446	 0.00501541
 -7.7714	 0.00487814
 -7.84912	 0.0047419
 -7.92761	 0.00460664
 -8.00689	 0.00447231
 -8.08695	 0.00433889
 -8.16782	 0.00420641
 -8.2495	 0.0040749
 -8.332	 0.00394439
 -8.41532	 0.00381497
 -8.49947	 0.0036867
 -8.58446	 0.00355968
 -8.67031	 0.003434
 -8.75701	 0.00330977
 -8.84458	 0.0031871
 -8.93303	 0.0030661
 -9.02236	 0.00294688
 -9.11258	 0.00282957
 -9.20371	 0.00271426
 -9.29575	 0.00260108
 -9.3887	 0.00249011
 -9.48259	 0.00238147
 -9.57742	 0.00227525
 -9.67319	 0.00217154
 -9.76992	 0.0020704
 -9.86762	 0.00197192
 -9.9663	 0.00187616
 -10.066	 0.00178316
 -10.1666	 0.00169299
 -10.2683	 0.00160566
 -10.371	 0.00152122
 -10.4747	 0.00143967
 -10.5794	 0.00136103
 -10.6852	 0.00128531
 -10.7921	 0.00121248
 -10.9	 0.00114254
 -11.009	 0.00107547
 -11.1191	 0.00101124
 -11.2303	 0.000949805
 -11.3426	 0.000891131
 -11.456	 0.000835167
 -11.5706	 0.000781861
 -11.6863	 0.000731156
 -11.8031	 0.000682989
 -11.9212	 0.000637295
 -12.0404	 0.000594005
 -12.1608	 0.000553046
 -12.2824	 0.000514346
 -12.4052	 0.000477827
 -12.5293	 0.000443413
 -12.6546	 0.000411024
 -12.7811	 0.000380583
 -12.9089	 0.000352009
 -13.038	 0.000325222
 -13.1684	 0.000300145
 -13.3001	 0.000276698
 -13.4331	 0.000254804
 -13.5674	 0.000234387
 -13.7031	 0.000215371
 -13.8401	 0.000197684
 -13.9785	 0.000181253
 -14.1183	 0.000166009
 -14.2595	 0.000151885
 -14.4021	 0.000138815
 -14.5461	 0.000126736
 -14.6915	 0.000115586
 -14.8385	 0.000105308
 -14.9868	 9.58444e-05
 -15.1367	 8.71425e-05
 -15.2881	 7.91509e-05
 -15.441	 7.18205e-05
 -15.5954	 6.51051e-05
 -15.7513	 5.89606e-05
 -15.9088	 5.33453e-05
 -16.0679	 4.82199e-05
 -16.2286	 4.35473e-05
 -16.3909	 3.92925e-05
 -16.5548	 3.54228e-05
 -16.7203	 3.19074e-05
 -16.8875	 2.87176e-05
 -17.0564	 2.58265e-05
 -17.227	 2.32091e-05
 -17.3993	 2.08421e-05
 -17.5733	 1.87038e-05
 -17.749	 1.67742e-05
 -17.9265	 1.50348e-05
 -18.1057	 1.34684e-05
 -18.2868	 1.20591e-05
 -18.4697	 1.07924e-05
 -18.6544	 9.65497e-06
 -18.8409	 8.63446e-06
 -19.0293	 7.71964e-06
 -19.2196	 6.90021e-06
 -19.4118	 6.16677e-06
 -19.6059	 5.51072e-06
 -19.802	 4.92419e-06
 -20	 4.40383e-06
