# 3-orbital orbitally-degenerate Hubbard-Kanamori model
# DMFT, semicircular DOS
# U/D=3.8 Jh/D=0.35 n=4
# density of states DOS(omega) on one orbital
# omega-Ef, DOS(omega)

 20	 9.58304e-08
 19.802	 1.11095e-07
 19.6059	 1.28669e-07
 19.4118	 1.48873e-07
 19.2196	 1.72077e-07
 19.0293	 1.98698e-07
 18.8409	 2.29206e-07
 18.6544	 2.64131e-07
 18.4697	 3.04069e-07
 18.2868	 3.4969e-07
 18.1057	 4.01747e-07
 17.9265	 4.61081e-07
 17.749	 5.28637e-07
 17.5733	 6.05469e-07
 17.3993	 6.92753e-07
 17.227	 7.91803e-07
 17.0564	 9.04078e-07
 16.8875	 1.0312e-06
 16.7203	 1.17498e-06
 16.5548	 1.33741e-06
 16.3909	 1.5207e-06
 16.2286	 1.7273e-06
 16.0679	 1.95991e-06
 15.9088	 2.2215e-06
 15.7513	 2.51535e-06
 15.5954	 2.84507e-06
 15.441	 3.21458e-06
 15.2881	 3.62824e-06
 15.1367	 4.09076e-06
 14.9868	 4.60733e-06
 14.8385	 5.18359e-06
 14.6915	 5.82567e-06
 14.5461	 6.54027e-06
 14.4021	 7.33462e-06
 14.2595	 8.2166e-06
 14.1183	 9.1947e-06
 13.9785	 1.02781e-05
 13.8401	 1.14768e-05
 13.7031	 1.28013e-05
 13.5674	 1.42632e-05
 13.4331	 1.58747e-05
 13.3001	 1.76491e-05
 13.1684	 1.96005e-05
 13.038	 2.17438e-05
 12.9089	 2.40951e-05
 12.7811	 2.66715e-05
 12.6546	 2.94909e-05
 12.5293	 3.25727e-05
 12.4052	 3.5937e-05
 12.2824	 3.96052e-05
 12.1608	 4.35999e-05
 12.0404	 4.79446e-05
 11.9212	 5.26642e-05
 11.8031	 5.77847e-05
 11.6863	 6.33332e-05
 11.5706	 6.93378e-05
 11.456	 7.5828e-05
 11.3426	 8.28341e-05
 11.2303	 9.03877e-05
 11.1191	 9.85212e-05
 11.009	 0.000107268
 10.9	 0.000116662
 10.7921	 0.00012674
 10.6852	 0.000137535
 10.5794	 0.000149085
 10.4747	 0.000161428
 10.371	 0.000174599
 10.2683	 0.000188636
 10.1666	 0.000203578
 10.066	 0.000219461
 9.9663	 0.000236323
 9.86762	 0.000254201
 9.76992	 0.000273132
 9.67319	 0.00029315
 9.57742	 0.00031429
 9.48259	 0.000336586
 9.3887	 0.00036007
 9.29575	 0.000384773
 9.20371	 0.000410722
 9.11258	 0.000437944
 9.02236	 0.000466463
 8.93303	 0.000496301
 8.84458	 0.000527478
 8.75701	 0.000560008
 8.67031	 0.000593906
 8.58446	 0.00062918
 8.49947	 0.000665837
 8.41532	 0.00070388
 8.332	 0.000743307
 8.2495	 0.000784113
 8.16782	 0.00082629
 8.08695	 0.000869825
 8.00689	 0.000914701
 7.92761	 0.000960898
 7.84912	 0.00100839
 7.7714	 0.00105715
 7.69446	 0.00110715
 7.61828	 0.00115835
 7.54285	 0.00121072
 7.46817	 0.00126421
 7.39422	 0.00131879
 7.32101	 0.0013744
 7.24853	 0.001431
 7.17676	 0.00148856
 7.1057	 0.00154701
 7.03535	 0.00160633
 6.96569	 0.00166645
 6.89673	 0.00172735
 6.82844	 0.00178899
 6.76083	 0.00185134
 6.69389	 0.00191436
 6.62762	 0.00197804
 6.562	 0.00204236
 6.49703	 0.00210733
 6.4327	 0.00217296
 6.36901	 0.00223925
 6.30595	 0.00230626
 6.24352	 0.00237401
 6.1817	 0.00244259
 6.12049	 0.00251208
 6.0599	 0.00258257
 5.9999	 0.00265419
 5.94049	 0.00272709
 5.88167	 0.00280144
 5.82344	 0.00287744
 5.76578	 0.00295531
 5.7087	 0.00303531
 5.65217	 0.00311773
 5.59621	 0.00320287
 5.5408	 0.00329111
 5.48594	 0.00338282
 5.43163	 0.00347843
 5.37785	 0.00357841
 5.3246	 0.00368327
 5.27188	 0.00379356
 5.21969	 0.00390986
 5.16801	 0.00403283
 5.11684	 0.00416314
 5.06618	 0.00430153
 5.01602	 0.00444879
 4.96635	 0.00460575
 4.91718	 0.0047733
 4.8685	 0.00495239
 4.82029	 0.00514403
 4.77257	 0.00534926
 4.72532	 0.00556921
 4.67853	 0.00580507
 4.63221	 0.00605808
 4.58634	 0.00632955
 4.54094	 0.00662086
 4.49598	 0.00693346
 4.45146	 0.00726888
 4.40739	 0.00762871
 4.36375	 0.00801463
 4.32054	 0.00842839
 4.27777	 0.00887184
 4.23541	 0.0093469
 4.19348	 0.0098556
 4.15196	 0.0104
 4.11085	 0.0109824
 4.07015	 0.0116051
 4.02985	 0.0122705
 3.98995	 0.012981
 3.95045	 0.0137395
 3.91133	 0.0145486
 3.87261	 0.0154113
 3.83426	 0.0163305
 3.7963	 0.0173095
 3.75871	 0.0183516
 3.7215	 0.0194603
 3.68465	 0.0206391
 3.64817	 0.021892
 3.61205	 0.0232228
 3.57629	 0.0246357
 3.54088	 0.026135
 3.50582	 0.0277252
 3.47111	 0.0294111
 3.43674	 0.0311976
 3.40271	 0.0330896
 3.36902	 0.0350926
 3.33567	 0.037212
 3.30264	 0.0394535
 3.26994	 0.0418229
 3.23757	 0.0443262
 3.20551	 0.0469696
 3.17377	 0.0497593
 3.14235	 0.0527019
 3.11124	 0.0558037
 3.08043	 0.0590713
 3.04993	 0.0625111
 3.01974	 0.0661294
 2.98984	 0.0699325
 2.96024	 0.0739263
 2.93093	 0.0781164
 2.90191	 0.0825079
 2.87318	 0.0871054
 2.84473	 0.0919127
 2.81656	 0.0969326
 2.78868	 0.102167
 2.76106	 0.107616
 2.73373	 0.113279
 2.70666	 0.119154
 2.67986	 0.125235
 2.65333	 0.131517
 2.62706	 0.137991
 2.60105	 0.144644
 2.5753	 0.151466
 2.5498	 0.158437
 2.52455	 0.165539
 2.49956	 0.172751
 2.47481	 0.180048
 2.4503	 0.187405
 2.42604	 0.194792
 2.40202	 0.202179
 2.37824	 0.209533
 2.35469	 0.216821
 2.33138	 0.22401
 2.3083	 0.231064
 2.28544	 0.237951
 2.26282	 0.244635
 2.24041	 0.251086
 2.21823	 0.257273
 2.19627	 0.263166
 2.17452	 0.268739
 2.15299	 0.273967
 2.13167	 0.27883
 2.11057	 0.283308
 2.08967	 0.287385
 2.06898	 0.291049
 2.0485	 0.294288
 2.02822	 0.297097
 2.00813	 0.299469
 1.98825	 0.301404
 1.96857	 0.302902
 1.94907	 0.303967
 1.92978	 0.304603
 1.91067	 0.304818
 1.89175	 0.304622
 1.87302	 0.304026
 1.85448	 0.303044
 1.83612	 0.301689
 1.81794	 0.299978
 1.79994	 0.297928
 1.78212	 0.295556
 1.76447	 0.292883
 1.747	 0.289927
 1.72971	 0.286709
 1.71258	 0.283249
 1.69562	 0.279569
 1.67883	 0.275689
 1.66221	 0.271631
 1.64575	 0.267415
 1.62946	 0.263061
 1.61333	 0.25859
 1.59735	 0.254022
 1.58154	 0.249376
 1.56588	 0.244669
 1.55038	 0.23992
 1.53503	 0.235144
 1.51983	 0.230359
 1.50478	 0.225579
 1.48988	 0.220817
 1.47513	 0.216087
 1.46052	 0.2114
 1.44606	 0.206768
 1.43175	 0.202201
 1.41757	 0.197707
 1.40353	 0.193294
 1.38964	 0.188972
 1.37588	 0.184744
 1.36226	 0.180616
 1.34877	 0.176594
 1.33542	 0.172682
 1.32219	 0.168882
 1.3091	 0.165198
 1.29614	 0.161631
 1.28331	 0.158182
 1.2706	 0.154854
 1.25802	 0.151645
 1.24557	 0.148556
 1.23323	 0.145588
 1.22102	 0.142738
 1.20893	 0.140005
 1.19696	 0.137389
 1.18511	 0.134887
 1.17338	 0.132497
 1.16176	 0.130218
 1.15026	 0.128046
 1.13887	 0.125978
 1.12759	 0.124013
 1.11643	 0.122147
 1.10538	 0.120376
 1.09443	 0.118697
 1.0836	 0.117107
 1.07287	 0.115603
 1.06225	 0.11418
 1.05173	 0.112835
 1.04131	 0.111564
 1.031	 0.110364
 1.0208	 0.10923
 1.01069	 0.108158
 1.00068	 0.107145
 0.990775	 0.106187
 0.980966	 0.10528
 0.971253	 0.104419
 0.961637	 0.103603
 0.952115	 0.102825
 0.942689	 0.102084
 0.933355	 0.101375
 0.924114	 0.100695
 0.914964	 0.100041
 0.905905	 0.099409
 0.896936	 0.0987966
 0.888055	 0.0982006
 0.879263	 0.0976183
 0.870557	 0.0970472
 0.861938	 0.0964848
 0.853404	 0.095929
 0.844954	 0.0953776
 0.836588	 0.0948289
 0.828305	 0.0942812
 0.820104	 0.0937332
 0.811984	 0.0931835
 0.803945	 0.0926313
 0.795985	 0.0920756
 0.788104	 0.0915158
 0.780301	 0.0909517
 0.772575	 0.0903828
 0.764926	 0.0898094
 0.757352	 0.0892314
 0.749854	 0.0886492
 0.74243	 0.0880634
 0.735079	 0.0874745
 0.727801	 0.0868835
 0.720595	 0.0862913
 0.71346	 0.085699
 0.706396	 0.0851077
 0.699402	 0.0845188
 0.692477	 0.0839337
 0.685621	 0.083354
 0.678833	 0.0827812
 0.672112	 0.0822169
 0.665457	 0.081663
 0.658869	 0.081121
 0.652345	 0.0805929
 0.645886	 0.0800805
 0.639491	 0.0795855
 0.63316	 0.07911
 0.626891	 0.0786556
 0.620684	 0.0782243
 0.614539	 0.0778179
 0.608454	 0.0774382
 0.60243	 0.0770871
 0.596465	 0.0767663
 0.59056	 0.0764775
 0.584712	 0.0762225
 0.578923	 0.0760029
 0.573191	 0.0758203
 0.567516	 0.0756763
 0.561897	 0.0755724
 0.556334	 0.0755101
 0.550826	 0.0754908
 0.545372	 0.0755159
 0.539972	 0.0755866
 0.534626	 0.0757042
 0.529333	 0.07587
 0.524092	 0.0760851
 0.518903	 0.0763504
 0.513765	 0.0766672
 0.508678	 0.0770364
 0.503642	 0.0774589
 0.498655	 0.0779357
 0.493718	 0.0784675
 0.48883	 0.0790551
 0.48399	 0.0796994
 0.479198	 0.080401
 0.474453	 0.0811606
 0.469756	 0.0819789
 0.465105	 0.0828564
 0.4605	 0.0837938
 0.45594	 0.0847916
 0.451426	 0.0858503
 0.446956	 0.0869704
 0.442531	 0.0881524
 0.43815	 0.0893967
 0.433812	 0.0907037
 0.429516	 0.092074
 0.425264	 0.0935078
 0.421053	 0.0950056
 0.416884	 0.0965678
 0.412757	 0.0981947
 0.40867	 0.0998867
 0.404624	 0.101644
 0.400618	 0.103467
 0.396651	 0.105357
 0.392724	 0.107313
 0.388836	 0.109336
 0.384986	 0.111426
 0.381174	 0.113583
 0.3774	 0.115808
 0.373663	 0.118102
 0.369964	 0.120464
 0.366301	 0.122895
 0.362674	 0.125395
 0.359083	 0.127965
 0.355528	 0.130605
 0.352008	 0.133315
 0.348523	 0.136095
 0.345072	 0.138947
 0.341655	 0.141869
 0.338273	 0.144863
 0.334923	 0.147928
 0.331607	 0.151065
 0.328324	 0.154275
 0.325073	 0.157557
 0.321855	 0.160911
 0.318668	 0.164338
 0.315513	 0.167838
 0.312389	 0.171411
 0.309296	 0.175056
 0.306234	 0.178775
 0.303202	 0.182566
 0.3002	 0.18643
 0.297227	 0.190366
 0.294285	 0.194375
 0.291371	 0.198455
 0.288486	 0.202607
 0.28563	 0.206831
 0.282802	 0.211124
 0.280002	 0.215488
 0.277229	 0.219921
 0.274485	 0.224422
 0.271767	 0.22899
 0.269076	 0.233625
 0.266412	 0.238325
 0.263774	 0.243089
 0.261163	 0.247916
 0.258577	 0.252804
 0.256017	 0.257751
 0.253482	 0.262757
 0.250972	 0.267819
 0.248487	 0.272935
 0.246027	 0.278104
 0.243591	 0.283323
 0.241179	 0.288591
 0.238791	 0.293904
 0.236427	 0.299261
 0.234086	 0.30466
 0.231769	 0.310097
 0.229474	 0.315571
 0.227202	 0.321079
 0.224952	 0.326617
 0.222725	 0.332185
 0.22052	 0.337778
 0.218336	 0.343395
 0.216175	 0.349032
 0.214034	 0.354688
 0.211915	 0.360358
 0.209817	 0.366041
 0.20774	 0.371734
 0.205683	 0.377435
 0.203646	 0.38314
 0.20163	 0.388848
 0.199634	 0.394556
 0.197657	 0.400261
 0.1957	 0.405962
 0.193763	 0.411655
 0.191844	 0.417339
 0.189945	 0.423011
 0.188064	 0.42867
 0.186202	 0.434312
 0.184358	 0.439938
 0.182533	 0.445543
 0.180726	 0.451127
 0.178936	 0.456688
 0.177165	 0.462223
 0.175411	 0.467732
 0.173674	 0.473213
 0.171954	 0.478663
 0.170252	 0.484082
 0.168566	 0.489467
 0.166897	 0.494819
 0.165245	 0.500134
 0.163609	 0.505411
 0.161989	 0.51065
 0.160385	 0.515849
 0.158797	 0.521006
 0.157225	 0.52612
 0.155668	 0.53119
 0.154127	 0.536214
 0.152601	 0.541192
 0.15109	 0.546122
 0.149594	 0.551003
 0.148113	 0.555833
 0.146646	 0.560612
 0.145194	 0.565337
 0.143757	 0.570009
 0.142334	 0.574626
 0.140924	 0.579186
 0.139529	 0.583688
 0.138148	 0.588132
 0.13678	 0.592516
 0.135425	 0.596839
 0.134085	 0.6011
 0.132757	 0.605298
 0.131443	 0.609431
 0.130141	 0.6135
 0.128853	 0.617503
 0.127577	 0.621439
 0.126314	 0.625307
 0.125063	 0.629106
 0.123825	 0.632836
 0.122599	 0.636496
 0.121385	 0.640084
 0.120183	 0.643602
 0.118993	 0.647047
 0.117815	 0.650419
 0.116649	 0.653719
 0.115494	 0.656945
 0.11435	 0.660097
 0.113218	 0.663175
 0.112097	 0.666179
 0.110987	 0.669109
 0.109888	 0.671964
 0.1088	 0.674745
 0.107723	 0.677452
 0.106657	 0.680084
 0.105601	 0.682644
 0.104555	 0.68513
 0.10352	 0.687543
 0.102495	 0.689883
 0.10148	 0.692151
 0.100475	 0.694341
 0.0994805	 0.696452
 0.0984955	 0.698514
 0.0975203	 0.700503
 0.0965548	 0.702426
 0.0955988	 0.704282
 0.0946522	 0.706074
 0.0937151	 0.707801
 0.0927872	 0.709465
 0.0918685	 0.711068
 0.0909589	 0.71261
 0.0900584	 0.714094
 0.0891667	 0.71552
 0.0882839	 0.716891
 0.0874098	 0.718206
 0.0865443	 0.719469
 0.0856874	 0.720681
 0.084839	 0.721844
 0.0839991	 0.722958
 0.0831674	 0.724026
 0.0823439	 0.72505
 0.0815287	 0.726031
 0.0807214	 0.726971
 0.0799222	 0.727872
 0.0791309	 0.728736
 0.0783474	 0.729565
 0.0775717	 0.73036
 0.0768037	 0.731124
 0.0760433	 0.731858
 0.0752903	 0.732565
 0.0745449	 0.733246
 0.0738068	 0.733903
 0.0730761	 0.734539
 0.0723525	 0.735155
 0.0716362	 0.735753
 0.0709269	 0.736336
 0.0702247	 0.736906
 0.0695294	 0.737463
 0.068841	 0.738011
 0.0681594	 0.738552
 0.0674845	 0.739087
 0.0668164	 0.739618
 0.0661548	 0.740148
 0.0654998	 0.740678
 0.0648513	 0.74121
 0.0642092	 0.741747
 0.0635735	 0.74229
 0.062944	 0.742841
 0.0623208	 0.743401
 0.0617038	 0.743974
 0.0610929	 0.74456
 0.060488	 0.745161
 0.0598891	 0.74578
 0.0592961	 0.746417
 0.058709	 0.747074
 0.0581278	 0.747753
 0.0575522	 0.748456
 0.0569824	 0.749183
 0.0564182	 0.749937
 0.0558596	 0.750718
 0.0553066	 0.751528
 0.054759	 0.752368
 0.0542168	 0.753239
 0.05368	 0.754142
 0.0531485	 0.755079
 0.0526223	 0.756049
 0.0521013	 0.757055
 0.0515854	 0.758097
 0.0510747	 0.759175
 0.050569	 0.76029
 0.0500683	 0.761443
 0.0495726	 0.762634
 0.0490818	 0.763864
 0.0485958	 0.765132
 0.0481147	 0.76644
 0.0476383	 0.767788
 0.0471666	 0.769175
 0.0466996	 0.770602
 0.0462372	 0.772069
 0.0457795	 0.773576
 0.0453262	 0.775122
 0.0448774	 0.776709
 0.0444331	 0.778334
 0.0439932	 0.779999
 0.0435576	 0.781704
 0.0431263	 0.783447
 0.0426993	 0.785228
 0.0422766	 0.787048
 0.041858	 0.788906
 0.0414435	 0.790802
 0.0410332	 0.792734
 0.0406269	 0.794704
 0.0402247	 0.796709
 0.0398264	 0.798751
 0.0394321	 0.800828
 0.0390417	 0.80294
 0.0386551	 0.805087
 0.0382724	 0.807268
 0.0378935	 0.809482
 0.0375183	 0.811729
 0.0371468	 0.814009
 0.036779	 0.816321
 0.0364149	 0.818665
 0.0360543	 0.82104
 0.0356974	 0.823446
 0.0353439	 0.825882
 0.034994	 0.828347
 0.0346475	 0.830841
 0.0343045	 0.833364
 0.0339648	 0.835915
 0.0336285	 0.838494
 0.0332956	 0.841099
 0.0329659	 0.843731
 0.0326395	 0.846389
 0.0323164	 0.849072
 0.0319964	 0.85178
 0.0316796	 0.854511
 0.0313659	 0.857266
 0.0310554	 0.860044
 0.0307479	 0.862845
 0.0304435	 0.865666
 0.0301421	 0.868509
 0.0298436	 0.871371
 0.0295481	 0.874254
 0.0292556	 0.877155
 0.0289659	 0.880074
 0.0286791	 0.883011
 0.0283952	 0.885964
 0.028114	 0.888933
 0.0278357	 0.891917
 0.0275601	 0.894916
 0.0272872	 0.897928
 0.027017	 0.900953
 0.0267495	 0.90399
 0.0264847	 0.907039
 0.0262225	 0.910097
 0.0259628	 0.913166
 0.0257058	 0.916244
 0.0254513	 0.919329
 0.0251993	 0.922422
 0.0249498	 0.925521
 0.0247028	 0.928626
 0.0244582	 0.931736
 0.024216	 0.93485
 0.0239763	 0.937967
 0.0237389	 0.941087
 0.0235038	 0.944209
 0.0232711	 0.947331
 0.0230407	 0.950453
 0.0228126	 0.953575
 0.0225867	 0.956696
 0.0223631	 0.959814
 0.0221417	 0.96293
 0.0219224	 0.966041
 0.0217054	 0.969149
 0.0214905	 0.972251
 0.0212777	 0.975347
 0.021067	 0.978436
 0.0208585	 0.981518
 0.0206519	 0.984592
 0.0204475	 0.987658
 0.020245	 0.990713
 0.0200446	 0.993759
 0.0198461	 0.996793
 0.0196496	 0.999816
 0.0194551	 1.00283
 0.0192624	 1.00582
 0.0190717	 1.00881
 0.0188829	 1.01178
 0.0186959	 1.01473
 0.0185108	 1.01767
 0.0183275	 1.0206
 0.0181461	 1.0235
 0.0179664	 1.02639
 0.0177885	 1.02926
 0.0176124	 1.03212
 0.017438	 1.03495
 0.0172654	 1.03777
 0.0170944	 1.04056
 0.0169252	 1.04334
 0.0167576	 1.04609
 0.0165917	 1.04882
 0.0164274	 1.05153
 0.0162648	 1.05422
 0.0161037	 1.05688
 0.0159443	 1.05952
 0.0157864	 1.06214
 0.0156301	 1.06474
 0.0154754	 1.06731
 0.0153221	 1.06985
 0.0151704	 1.07237
 0.0150202	 1.07487
 0.0148715	 1.07734
 0.0147243	 1.07978
 0.0145785	 1.0822
 0.0144342	 1.0846
 0.0142912	 1.08696
 0.0141497	 1.0893
 0.0140096	 1.09162
 0.0138709	 1.09391
 0.0137336	 1.09617
 0.0135976	 1.09841
 0.013463	 1.10061
 0.0133297	 1.1028
 0.0131977	 1.10495
 0.013067	 1.10708
 0.0129377	 1.10918
 0.0128096	 1.11126
 0.0126827	 1.11331
 0.0125572	 1.11533
 0.0124328	 1.11733
 0.0123098	 1.1193
 0.0121879	 1.12124
 0.0120672	 1.12316
 0.0119477	 1.12505
 0.0118294	 1.12692
 0.0117123	 1.12876
 0.0115963	 1.13058
 0.0114815	 1.13237
 0.0113678	 1.13413
 0.0112553	 1.13587
 0.0111439	 1.13759
 0.0110335	 1.13928
 0.0109243	 1.14095
 0.0108161	 1.14259
 0.010709	 1.14421
 0.010603	 1.14581
 0.010498	 1.14738
 0.0103941	 1.14893
 0.0102912	 1.15046
 0.0101893	 1.15197
 0.0100884	 1.15345
 0.0099885	 1.15491
 0.00988961	 1.15635
 0.00979169	 1.15777
 0.00969474	 1.15917
 0.00959876	 1.16055
 0.00950372	 1.16191
 0.00940962	 1.16324
 0.00931646	 1.16456
 0.00922422	 1.16586
 0.00913289	 1.16714
 0.00904246	 1.1684
 0.00895293	 1.16964
 0.00886429	 1.17087
 0.00877652	 1.17207
 0.00868963	 1.17326
 0.00860359	 1.17443
 0.00851841	 1.17558
 0.00843407	 1.17672
 0.00835056	 1.17784
 0.00826788	 1.17895
 0.00818602	 1.18003
 0.00810497	 1.18111
 0.00802473	 1.18216
 0.00794527	 1.18321
 0.00786661	 1.18423
 0.00778872	 1.18525
 0.0077116	 1.18625
 0.00763525	 1.18723
 0.00755965	 1.1882
 0.00748481	 1.18916
 0.0074107	 1.1901
 0.00733733	 1.19103
 0.00726468	 1.19195
 0.00719275	 1.19286
 0.00712154	 1.19375
 0.00705103	 1.19463
 0.00698121	 1.1955
 0.00691209	 1.19635
 0.00684366	 1.1972
 0.0067759	 1.19803
 0.00670881	 1.19886
 0.00664239	 1.19967
 0.00657662	 1.20047
 0.0065115	 1.20126
 0.00644703	 1.20204
 0.0063832	 1.20281
 0.00632	 1.20328
 0.00625743	 1.20366
 0.00619547	 1.20404
 0.00613413	 1.20441
 0.0060734	 1.20478
 0.00601327	 1.20515
 0.00595373	 1.20551
 0.00589478	 1.20587
 0.00583642	 1.20622
 0.00577863	 1.20657
 0.00572142	 1.20691
 0.00566477	 1.20725
 0.00560868	 1.20759
 0.00555315	 1.20793
 0.00549817	 1.20826
 0.00544373	 1.20858
 0.00538983	 1.2089
 0.00533647	 1.20922
 0.00528363	 1.20954
 0.00523132	 1.20985
 0.00517952	 1.21016
 0.00512824	 1.21046
 0.00507747	 1.21077
 0.00502719	 1.21106
 0.00497742	 1.21136
 0.00492814	 1.21165
 0.00487934	 1.21194
 0.00483103	 1.21223
 0.0047832	 1.21251
 0.00473584	 1.21279
 0.00468895	 1.21306
 0.00464253	 1.21334
 0.00459656	 1.21361
 0.00455105	 1.21387
 0.00450599	 1.21414
 0.00446138	 1.2144
 0.00441721	 1.21466
 0.00437347	 1.21491
 0.00433017	 1.21517
 0.0042873	 1.21542
 0.00424485	 1.21566
 0.00420282	 1.21591
 0.00416121	 1.21615
 0.00412001	 1.21639
 0.00407922	 1.21663
 0.00403883	 1.21686
 0.00399884	 1.21709
 0.00395925	 1.21732
 0.00392005	 1.21755
 0.00388123	 1.21777
 0.00384281	 1.21799
 0.00380476	 1.21821
 0.00376709	 1.21843
 0.00372979	 1.21864
 0.00369286	 1.21885
 0.0036563	 1.21906
 0.0036201	 1.21927
 0.00358426	 1.21947
 0.00354877	 1.21968
 0.00351363	 1.21988
 0.00347884	 1.22008
 0.0034444	 1.22027
 0.0034103	 1.22046
 0.00337653	 1.22066
 0.0033431	 1.22085
 0.00331	 1.22103
 0.00327723	 1.22122
 0.00324478	 1.2214
 0.00321265	 1.22158
 0.00318084	 1.22176
 0.00314935	 1.22194
 0.00311817	 1.22211
 0.0030873	 1.22228
 0.00305673	 1.22246
 0.00302646	 1.22262
 0.0029965	 1.22279
 0.00296683	 1.22296
 0.00293746	 1.22312
 0.00290837	 1.22328
 0.00287958	 1.22344
 0.00285107	 1.2236
 0.00282284	 1.22376
 0.00279489	 1.22391
 0.00276722	 1.22406
 0.00273982	 1.22421
 0.00271269	 1.22436
 0.00268583	 1.22451
 0.00265924	 1.22466
 0.00263291	 1.2248
 0.00260684	 1.22494
 0.00258103	 1.22508
 0.00255548	 1.22522
 0.00253018	 1.22536
 0.00250513	 1.2255
 0.00248032	 1.22563
 0.00245576	 1.22576
 0.00243145	 1.2259
 0.00240738	 1.22603
 0.00238354	 1.22615
 0.00235994	 1.22628
 0.00233658	 1.22641
 0.00231344	 1.22653
 0.00229054	 1.22665
 0.00226786	 1.22677
 0.0022454	 1.2269
 0.00222317	 1.22701
 0.00220116	 1.22713
 0.00217937	 1.22725
 0.00215779	 1.22736
 0.00213642	 1.22748
 0.00211527	 1.22759
 0.00209433	 1.2277
 0.00207359	 1.22781
 0.00205306	 1.22792
 0.00203273	 1.22802
 0.00201261	 1.22813
 0.00199268	 1.22823
 0.00197295	 1.22834
 0.00195342	 1.22844
 0.00193408	 1.22854
 0.00191493	 1.22864
 0.00189597	 1.22874
 0.0018772	 1.22884
 0.00185861	 1.22894
 0.00184021	 1.22903
 0.00182199	 1.22913
 0.00180395	 1.22922
 0.00178609	 1.22931
 0.0017684	 1.2294
 0.00175089	 1.2295
 0.00173356	 1.22958
 0.0017164	 1.22967
 0.0016994	 1.22976
 0.00168258	 1.22985
 0.00166592	 1.22993
 0.00164942	 1.23002
 0.00163309	 1.2301
 0.00161692	 1.23018
 0.00160091	 1.23027
 0.00158506	 1.23035
 0.00156937	 1.23043
 0.00155383	 1.23051
 0.00153845	 1.23059
 0.00152321	 1.23066
 0.00150813	 1.23074
 0.0014932	 1.23082
 0.00147842	 1.23089
 0.00146378	 1.23096
 0.00144929	 1.23104
 0.00143494	 1.23111
 0.00142073	 1.23118
 0.00140666	 1.23125
 0.00139273	 1.23132
 0.00137895	 1.23139
 0.00136529	 1.23146
 0.00135177	 1.23153
 0.00133839	 1.2316
 0.00132514	 1.23166
 0.00131202	 1.23173
 0.00129903	 1.2318
 0.00128617	 1.23186
 0.00127343	 1.23192
 0.00126082	 1.23199
 0.00124834	 1.23205
 0.00123598	 1.23211
 0.00122374	 1.23217
 0.00121163	 1.23223
 0.00119963	 1.23229
 0.00118775	 1.23235
 0.00117599	 1.23241
 0.00116435	 1.23247
 0.00115282	 1.23252
 0.00114141	 1.23258
 0.00113011	 1.23264
 0.00111892	 1.23269
 0.00110784	 1.23275
 0.00109687	 1.2328
 0.00108601	 1.23285
 0.00107526	 1.23291
 0.00106461	 1.23296
 0.00105407	 1.23301
 0.00104363	 1.23306
 0.0010333	 1.23311
 0.00102307	 1.23316
 0.00101294	 1.23321
 0.00100291	 1.23326
 0.000992983	 1.23331
 0.000983151	 1.23336
 0.000973417	 1.23341
 0.000963779	 1.23345
 0.000954237	 1.2335
 0.000944789	 1.23355
 0.000935435	 1.23359
 0.000926173	 1.23364
 0.000917003	 1.23368
 0.000907924	 1.23373
 0.000898934	 1.23377
 0.000890034	 1.23381
 0.000881222	 1.23386
 0.000872497	 1.2339
 0.000863858	 1.23394
 0.000855305	 1.23398
 0.000846837	 1.23402
 0.000838452	 1.23406
 0.000830151	 1.23411
 0.000821931	 1.23414
 0.000813794	 1.23418
 0.000805736	 1.23422
 0.000797759	 1.23426
 0.00078986	 1.2343
 0.00078204	 1.23434
 0.000774297	 1.23438
 0.00076663	 1.23441
 0.00075904	 1.23445
 0.000751525	 1.23448
 0.000744084	 1.23452
 0.000736717	 1.23456
 0.000729422	 1.23459
 0.0007222	 1.23463
 0.00071505	 1.23466
 0.00070797	 1.23469
 0.000700961	 1.23473
 0.00069402	 1.23476
 0.000687149	 1.23479
 0.000680345	 1.23483
 0.000673609	 1.23486
 0.00066694	 1.23489
 0.000660337	 1.23492
 0.000653799	 1.23495
 0.000647325	 1.23498
 0.000640916	 1.23502
 0.000634571	 1.23505
 0.000628288	 1.23508
 0.000622067	 1.23511
 0.000615908	 1.23513
 0.00060981	 1.23516
 0.000603772	 1.23519
 0.000597794	 1.23522
 0.000591875	 1.23525
 0.000586015	 1.23528
 0.000580213	 1.2353
 0.000574468	 1.23533
 0.000568781	 1.23536
 0.000563149	 1.23539
 0.000557573	 1.23541
 0.000552053	 1.23544
 0.000546587	 1.23546
 0.000541175	 1.23549
 0.000535817	 1.23552
 0.000530512	 1.23554
 0.000525259	 1.23557
 0.000520059	 1.23559
 0.00051491	 1.23561
 0.000509812	 1.23564
 0.000504764	 1.23566
 0.000499766	 1.23569
 0.000494818	 1.23571
 0.000489919	 1.23573
 0.000485068	 1.23576
 0.000480266	 1.23578
 0.00047551	 1.2358
 0.000470802	 1.23582
 0.000466141	 1.23584
 0.000461526	 1.23587
 0.000456956	 1.23589
 0.000452432	 1.23591
 0.000447952	 1.23593
 0.000443517	 1.23595
 0.000439126	 1.23597
 0.000434778	 1.23599
 0.000430473	 1.23601
 0.000426211	 1.23603
 0.000421991	 1.23605
 0.000417813	 1.23607
 0.000413676	 1.23609
 0.000409581	 1.23611
 0.000405525	 1.23613
 0.00040151	 1.23615
 0.000397535	 1.23617
 0.000393599	 1.23619
 0.000389702	 1.2362
 0.000385844	 1.23622
 0.000382023	 1.23624
 0.000378241	 1.23626
 0.000374496	 1.23628
 0.000370788	 1.23629
 0.000367117	 1.23631
 0.000363482	 1.23633
 0.000359883	 1.23634
 0.00035632	 1.23636
 0.000352792	 1.23638
 0.000349299	 1.23639
 0.000345841	 1.23641
 0.000342417	 1.23643
 0.000339026	 1.23644
 0.00033567	 1.23646
 0.000332346	 1.23647
 0.000329056	 1.23649
 0.000325798	 1.2365
 0.000322572	 1.23652
 0.000319378	 1.23653
 0.000316216	 1.23655
 0.000313085	 1.23656
 0.000309985	 1.23658
 0.000306916	 1.23659
 0.000303877	 1.2366
 0.000300869	 1.23662
 0.00029789	 1.23663
 0.00029494	 1.23665
 0.00029202	 1.23666
 0.000289129	 1.23667
 0.000286266	 1.23669
 0.000283432	 1.2367
 0.000280626	 1.23671
 0.000277847	 1.23673
 0.000275096	 1.23674
 0.000272372	 1.23675
 0.000269676	 1.23676
 0.000267006	 1.23678
 0.000264362	 1.23679
 0.000261745	 1.2368
 0.000259153	 1.23681
 0.000256587	 1.23682
 0.000254047	 1.23684
 0.000251531	 1.23685
 0.000249041	 1.23686
 0.000246575	 1.23687
 0.000244134	 1.23688
 0.000241717	 1.23689
 0.000239323	 1.2369
 0.000236954	 1.23692
 0.000234608	 1.23693
 0.000232285	 1.23694
 0.000229985	 1.23695
 0.000227708	 1.23696
 0.000225454	 1.23697
 0.000223221	 1.23698
 0.000221011	 1.23699
 0.000218823	 1.237
 0.000216656	 1.23701
 0.000214511	 1.23702
 0.000212387	 1.23703
 0.000210285	 1.23704
 0.000208203	 1.23705
 0.000206141	 1.23706
 0.0002041	 1.23707
 0.000202079	 1.23708
 0.000200079	 1.23709
 0.000198098	 1.2371
 0.000196136	 1.2371
 0.000194194	 1.23711
 0.000192272	 1.23712
 0.000190368	 1.23713
 0.000188483	 1.23714
 0.000186617	 1.23715
 0.000184769	 1.23716
 0.00018294	 1.23717
 0.000181129	 1.23717
 0.000179335	 1.23718
 0.00017756	 1.23719
 0.000175802	 1.2372
 0.000174061	 1.23721
 0.000172338	 1.23721
 0.000170631	 1.23722
 0.000168942	 1.23723
 0.000167269	 1.23724
 0.000165613	 1.23725
 0.000163973	 1.23725
 0.00016235	 1.23726
 0.000160742	 1.23727
 0.000159151	 1.23727
 0.000157575	 1.23728
 0.000156015	 1.23729
 0.00015447	 1.2373
 0.000152941	 1.2373
 0.000151427	 1.23731
 0.000149927	 1.23732
 0.000148443	 1.23732
 0.000146973	 1.23733
 0.000145518	 1.23734
 0.000144077	 1.23734
 0.000142651	 1.23735
 0.000141238	 1.23736
 0.00013984	 1.23736
 0.000138455	 1.23737
 0.000137084	 1.23738
 0.000135727	 1.23738
 0.000134383	 1.23739
 0.000133053	 1.23739
 0.000131736	 1.2374
 0.000130431	 1.23741
 0.00012914	 1.23741
 0.000127861	 1.23742
 0.000126595	 1.23742
 0.000125342	 1.23743
 0.000124101	 1.23744
 0.000122872	 1.23744
 0.000121656	 1.23745
 0.000120451	 1.23745
 0.000119258	 1.23746
 0.000118078	 1.23746
 0.000116909	 1.23747
 0.000115751	 1.23747
 0.000114605	 1.23748
 0.00011347	 1.23748
 0.000112347	 1.23749
 0.000111234	 1.23749
 0.000110133	 1.2375
 0.000109043	 1.2375
 0.000107963	 1.23751
 0.000106894	 1.23751
 0.000105836	 1.23752
 0.000104788	 1.23752
 0.00010375	 1.23753
 0.000102723	 1.23753
 0.000101706	 1.23754
 0.000100699	 1.23754
 9.97021e-05	 1.23755
 9.8715e-05	 1.23755
 9.77376e-05	 1.23756
 9.67699e-05	 1.23756
 9.58118e-05	 1.23757
 9.48631e-05	 1.23757
 9.39239e-05	 1.23757
 9.2994e-05	 1.23758
 9.20732e-05	 1.23758
 9.11616e-05	 1.23759
 9.0259e-05	 1.23759
 8.93654e-05	 1.2376
 8.84806e-05	 1.2376
 8.76045e-05	 1.2376
 8.67371e-05	 1.23761
 8.58784e-05	 1.23761
 8.50281e-05	 1.23761
 8.41862e-05	 1.23762
 8.33527e-05	 1.23762
 8.25274e-05	 1.23763
 8.17103e-05	 1.23763
 8.09013e-05	 1.23763
 8.01003e-05	 1.23764
 7.93072e-05	 1.23764
 7.8522e-05	 1.23764
 7.77446e-05	 1.23765
 7.69748e-05	 1.23765
 7.62127e-05	 1.23766
 7.54581e-05	 1.23766
 7.4711e-05	 1.23766
 7.39713e-05	 1.23767
 7.32389e-05	 1.23767
 7.25138e-05	 1.23767
 7.17958e-05	 1.23768
 7.10849e-05	 1.23768
 7.03811e-05	 1.23768
 6.96843e-05	 1.23769
 6.89944e-05	 1.23769
 6.83112e-05	 1.23769
 6.76349e-05	 1.23769
 6.69652e-05	 1.2377
 6.63022e-05	 1.2377
 6.56458e-05	 1.2377
 6.49958e-05	 1.23771
 6.43523e-05	 1.23771
 6.37151e-05	 1.23771
 6.30843e-05	 1.23772
 6.24597e-05	 1.23772
 6.18413e-05	 1.23772
 6.1229e-05	 1.23772
 6.06228e-05	 1.23773
 6.00225e-05	 1.23773
 5.94282e-05	 1.23773
 5.88398e-05	 1.23773
 5.82573e-05	 1.23774
 5.76805e-05	 1.23774
 5.71094e-05	 1.23774
 5.65439e-05	 1.23775
 5.59841e-05	 1.23775
 5.54298e-05	 1.23775
 5.4881e-05	 1.23775
 5.43376e-05	 1.23776
 5.37996e-05	 1.23776
 5.32669e-05	 1.23776
 5.27396e-05	 1.23776
 5.22174e-05	 1.23776
 5.17004e-05	 1.23777
 5.11885e-05	 1.23777
 5.06817e-05	 1.23777
 5.01799e-05	 1.23777
 4.9683e-05	 1.23778
 4.91911e-05	 1.23778
 4.87041e-05	 1.23778
 4.82219e-05	 1.23778
 4.77444e-05	 1.23779
 4.72717e-05	 1.23779
 4.68037e-05	 1.23779
 4.63403e-05	 1.23779
 4.58815e-05	 1.23779
 4.54272e-05	 1.2378
 4.49774e-05	 1.2378
 4.45321e-05	 1.2378
 4.40912e-05	 1.2378
 4.36546e-05	 1.2378
 4.32224e-05	 1.23781
 4.27945e-05	 1.23781
 4.23708e-05	 1.23781
 4.19512e-05	 1.23781
 4.15359e-05	 1.23781
 4.11246e-05	 1.23782
 4.07175e-05	 1.23782
 4.03143e-05	 1.23782
 3.99152e-05	 1.23782
 3.952e-05	 1.23782
 3.91287e-05	 1.23782
 3.87413e-05	 1.23783
 3.83577e-05	 1.23783
 3.79779e-05	 1.23783
 3.76019e-05	 1.23783
 3.72296e-05	 1.23783
 3.6861e-05	 1.23783
 3.6496e-05	 1.23784
 3.61347e-05	 1.23784
 3.57769e-05	 1.23784
 3.54227e-05	 1.23784
 3.5072e-05	 1.23784
 3.47247e-05	 1.23784
 3.43809e-05	 1.23785
 3.40405e-05	 1.23785
 3.37035e-05	 1.23785
 3.33698e-05	 1.23785
 3.30394e-05	 1.23785
 3.27123e-05	 1.23785
 3.23884e-05	 1.23786
 3.20677e-05	 1.23786
 3.17502e-05	 1.23786
 3.14358e-05	 1.23786
 3.11246e-05	 1.23786
 3.08164e-05	 1.23786
 3.05113e-05	 1.23786
 3.02092e-05	 1.23787
 2.99101e-05	 1.23787
 2.9614e-05	 1.23787
 2.93208e-05	 1.23787
 2.90305e-05	 1.23787
 2.8743e-05	 1.23787
 2.84585e-05	 1.23787
 2.81767e-05	 1.23787
 2.78977e-05	 1.23788
 2.76215e-05	 1.23788
 2.7348e-05	 1.23788
 2.70772e-05	 1.23788
 2.68091e-05	 1.23788
 2.65437e-05	 1.23788
 2.62809e-05	 1.23788
 2.60207e-05	 1.23788
 2.57631e-05	 1.23789
 2.5508e-05	 1.23789
 2.52554e-05	 1.23789
 2.50054e-05	 1.23789
 2.47578e-05	 1.23789
 2.45127e-05	 1.23789
 2.427e-05	 1.23789
 2.40297e-05	 1.23789
 2.37918e-05	 1.23789
 2.35562e-05	 1.2379
 2.3323e-05	 1.2379
 2.3092e-05	 1.2379
 2.28634e-05	 1.2379
 2.2637e-05	 1.2379
 2.24129e-05	 1.2379
 2.2191e-05	 1.2379
 2.19713e-05	 1.2379
 2.17538e-05	 1.2379
 2.15384e-05	 1.2379
 2.13251e-05	 1.23791
 2.1114e-05	 1.23791
 2.09049e-05	 1.23791
 2.06979e-05	 1.23791
 2.0493e-05	 1.23791
 2.02901e-05	 1.23791
 2.00892e-05	 1.23791
 1.98903e-05	 1.23791
 1.96934e-05	 1.23791
 1.94984e-05	 1.23791
 1.93054e-05	 1.23791
 1.91142e-05	 1.23792
 1.8925e-05	 1.23792
 1.87376e-05	 1.23792
 1.85521e-05	 1.23792
 1.83684e-05	 1.23792
 1.81865e-05	 1.23792
 1.80064e-05	 1.23792
 1.78282e-05	 1.23792
 1.76517e-05	 1.23792
 1.74769e-05	 1.23792
 1.73038e-05	 1.23792
 1.71325e-05	 1.23792
 1.69629e-05	 1.23793
 1.67949e-05	 1.23793
 1.66287e-05	 1.23793
 1.6464e-05	 1.23793
 1.6301e-05	 1.23793
 1.61396e-05	 1.23793
 1.59798e-05	 1.23793
 1.58216e-05	 1.23793
 1.56649e-05	 1.23793
 1.55098e-05	 1.23793
 1.53563e-05	 1.23793
 1.52042e-05	 1.23793
 1.50537e-05	 1.23793
 1.49047e-05	 1.23793
 1.47571e-05	 1.23794
 1.4611e-05	 1.23794
 1.44663e-05	 1.23794
 1.43231e-05	 1.23794
 1.41813e-05	 1.23794
 1.40409e-05	 1.23794
 1.39018e-05	 1.23794
 1.37642e-05	 1.23794
 1.36279e-05	 1.23794
 1.3493e-05	 1.23794
 1.33594e-05	 1.23794
 1.32271e-05	 1.23794
 1.30962e-05	 1.23794
 1.29665e-05	 1.23794
 1.28381e-05	 1.23794
 1.2711e-05	 1.23794
 1.25852e-05	 1.23795
 1.24606e-05	 1.23795
 1.23372e-05	 1.23795
 1.2215e-05	 1.23795
 1.20941e-05	 1.23795
 1.19743e-05	 1.23795
 1.18558e-05	 1.23795
 1.17384e-05	 1.23795
 1.16222e-05	 1.23795
 1.15071e-05	 1.23795
 1.13932e-05	 1.23795
 1.12804e-05	 1.23795
 1.11687e-05	 1.23795
 1.10581e-05	 1.23795
 1.09486e-05	 1.23795
 1.08402e-05	 1.23795
 1.07329e-05	 1.23795
 1.06266e-05	 1.23795
 1.05214e-05	 1.23795
 1.04172e-05	 1.23796
 1.03141e-05	 1.23796
 1.0212e-05	 1.23796
 1.01109e-05	 1.23796
 1.00108e-05	 1.23796
 -1.00108e-05	 1.23805
 -1.01109e-05	 1.23805
 -1.0212e-05	 1.23805
 -1.03141e-05	 1.23805
 -1.04172e-05	 1.23805
 -1.05214e-05	 1.23805
 -1.06266e-05	 1.23805
 -1.07329e-05	 1.23805
 -1.08402e-05	 1.23805
 -1.09486e-05	 1.23805
 -1.10581e-05	 1.23805
 -1.11687e-05	 1.23805
 -1.12804e-05	 1.23805
 -1.13932e-05	 1.23805
 -1.15071e-05	 1.23805
 -1.16222e-05	 1.23806
 -1.17384e-05	 1.23806
 -1.18558e-05	 1.23806
 -1.19743e-05	 1.23806
 -1.20941e-05	 1.23806
 -1.2215e-05	 1.23806
 -1.23372e-05	 1.23806
 -1.24606e-05	 1.23806
 -1.25852e-05	 1.23806
 -1.2711e-05	 1.23806
 -1.28381e-05	 1.23806
 -1.29665e-05	 1.23806
 -1.30962e-05	 1.23806
 -1.32271e-05	 1.23806
 -1.33594e-05	 1.23806
 -1.3493e-05	 1.23806
 -1.36279e-05	 1.23806
 -1.37642e-05	 1.23807
 -1.39018e-05	 1.23807
 -1.40409e-05	 1.23807
 -1.41813e-05	 1.23807
 -1.43231e-05	 1.23807
 -1.44663e-05	 1.23807
 -1.4611e-05	 1.23807
 -1.47571e-05	 1.23807
 -1.49047e-05	 1.23807
 -1.50537e-05	 1.23807
 -1.52042e-05	 1.23807
 -1.53563e-05	 1.23807
 -1.55098e-05	 1.23807
 -1.56649e-05	 1.23807
 -1.58216e-05	 1.23807
 -1.59798e-05	 1.23808
 -1.61396e-05	 1.23808
 -1.6301e-05	 1.23808
 -1.6464e-05	 1.23808
 -1.66287e-05	 1.23808
 -1.67949e-05	 1.23808
 -1.69629e-05	 1.23808
 -1.71325e-05	 1.23808
 -1.73038e-05	 1.23808
 -1.74769e-05	 1.23808
 -1.76517e-05	 1.23808
 -1.78282e-05	 1.23808
 -1.80064e-05	 1.23808
 -1.81865e-05	 1.23809
 -1.83684e-05	 1.23809
 -1.85521e-05	 1.23809
 -1.87376e-05	 1.23809
 -1.8925e-05	 1.23809
 -1.91142e-05	 1.23809
 -1.93054e-05	 1.23809
 -1.94984e-05	 1.23809
 -1.96934e-05	 1.23809
 -1.98903e-05	 1.23809
 -2.00892e-05	 1.23809
 -2.02901e-05	 1.23809
 -2.0493e-05	 1.2381
 -2.06979e-05	 1.2381
 -2.09049e-05	 1.2381
 -2.1114e-05	 1.2381
 -2.13251e-05	 1.2381
 -2.15384e-05	 1.2381
 -2.17538e-05	 1.2381
 -2.19713e-05	 1.2381
 -2.2191e-05	 1.2381
 -2.24129e-05	 1.2381
 -2.2637e-05	 1.23811
 -2.28634e-05	 1.23811
 -2.3092e-05	 1.23811
 -2.3323e-05	 1.23811
 -2.35562e-05	 1.23811
 -2.37918e-05	 1.23811
 -2.40297e-05	 1.23811
 -2.427e-05	 1.23811
 -2.45127e-05	 1.23811
 -2.47578e-05	 1.23812
 -2.50054e-05	 1.23812
 -2.52554e-05	 1.23812
 -2.5508e-05	 1.23812
 -2.57631e-05	 1.23812
 -2.60207e-05	 1.23812
 -2.62809e-05	 1.23812
 -2.65437e-05	 1.23812
 -2.68091e-05	 1.23812
 -2.70772e-05	 1.23813
 -2.7348e-05	 1.23813
 -2.76215e-05	 1.23813
 -2.78977e-05	 1.23813
 -2.81767e-05	 1.23813
 -2.84585e-05	 1.23813
 -2.8743e-05	 1.23813
 -2.90305e-05	 1.23813
 -2.93208e-05	 1.23814
 -2.9614e-05	 1.23814
 -2.99101e-05	 1.23814
 -3.02092e-05	 1.23814
 -3.05113e-05	 1.23814
 -3.08164e-05	 1.23814
 -3.11246e-05	 1.23814
 -3.14358e-05	 1.23815
 -3.17502e-05	 1.23815
 -3.20677e-05	 1.23815
 -3.23884e-05	 1.23815
 -3.27123e-05	 1.23815
 -3.30394e-05	 1.23815
 -3.33698e-05	 1.23815
 -3.37035e-05	 1.23816
 -3.40405e-05	 1.23816
 -3.43809e-05	 1.23816
 -3.47247e-05	 1.23816
 -3.5072e-05	 1.23816
 -3.54227e-05	 1.23816
 -3.57769e-05	 1.23816
 -3.61347e-05	 1.23817
 -3.6496e-05	 1.23817
 -3.6861e-05	 1.23817
 -3.72296e-05	 1.23817
 -3.76019e-05	 1.23817
 -3.79779e-05	 1.23817
 -3.83577e-05	 1.23818
 -3.87413e-05	 1.23818
 -3.91287e-05	 1.23818
 -3.952e-05	 1.23818
 -3.99152e-05	 1.23818
 -4.03143e-05	 1.23819
 -4.07175e-05	 1.23819
 -4.11246e-05	 1.23819
 -4.15359e-05	 1.23819
 -4.19512e-05	 1.23819
 -4.23708e-05	 1.23819
 -4.27945e-05	 1.2382
 -4.32224e-05	 1.2382
 -4.36546e-05	 1.2382
 -4.40912e-05	 1.2382
 -4.45321e-05	 1.2382
 -4.49774e-05	 1.23821
 -4.54272e-05	 1.23821
 -4.58815e-05	 1.23821
 -4.63403e-05	 1.23821
 -4.68037e-05	 1.23821
 -4.72717e-05	 1.23822
 -4.77444e-05	 1.23822
 -4.82219e-05	 1.23822
 -4.87041e-05	 1.23822
 -4.91911e-05	 1.23823
 -4.9683e-05	 1.23823
 -5.01799e-05	 1.23823
 -5.06817e-05	 1.23823
 -5.11885e-05	 1.23823
 -5.17004e-05	 1.23824
 -5.22174e-05	 1.23824
 -5.27396e-05	 1.23824
 -5.32669e-05	 1.23824
 -5.37996e-05	 1.23825
 -5.43376e-05	 1.23825
 -5.4881e-05	 1.23825
 -5.54298e-05	 1.23825
 -5.59841e-05	 1.23826
 -5.65439e-05	 1.23826
 -5.71094e-05	 1.23826
 -5.76805e-05	 1.23826
 -5.82573e-05	 1.23827
 -5.88398e-05	 1.23827
 -5.94282e-05	 1.23827
 -6.00225e-05	 1.23827
 -6.06228e-05	 1.23828
 -6.1229e-05	 1.23828
 -6.18413e-05	 1.23828
 -6.24597e-05	 1.23829
 -6.30843e-05	 1.23829
 -6.37151e-05	 1.23829
 -6.43523e-05	 1.23829
 -6.49958e-05	 1.2383
 -6.56458e-05	 1.2383
 -6.63022e-05	 1.2383
 -6.69652e-05	 1.23831
 -6.76349e-05	 1.23831
 -6.83112e-05	 1.23831
 -6.89944e-05	 1.23832
 -6.96843e-05	 1.23832
 -7.03811e-05	 1.23832
 -7.10849e-05	 1.23832
 -7.17958e-05	 1.23833
 -7.25138e-05	 1.23833
 -7.32389e-05	 1.23833
 -7.39713e-05	 1.23834
 -7.4711e-05	 1.23834
 -7.54581e-05	 1.23834
 -7.62127e-05	 1.23835
 -7.69748e-05	 1.23835
 -7.77446e-05	 1.23835
 -7.8522e-05	 1.23836
 -7.93072e-05	 1.23836
 -8.01003e-05	 1.23837
 -8.09013e-05	 1.23837
 -8.17103e-05	 1.23837
 -8.25274e-05	 1.23838
 -8.33527e-05	 1.23838
 -8.41862e-05	 1.23838
 -8.50281e-05	 1.23839
 -8.58784e-05	 1.23839
 -8.67371e-05	 1.2384
 -8.76045e-05	 1.2384
 -8.84806e-05	 1.2384
 -8.93654e-05	 1.23841
 -9.0259e-05	 1.23841
 -9.11616e-05	 1.23842
 -9.20732e-05	 1.23842
 -9.2994e-05	 1.23842
 -9.39239e-05	 1.23843
 -9.48631e-05	 1.23843
 -9.58118e-05	 1.23844
 -9.67699e-05	 1.23844
 -9.77376e-05	 1.23844
 -9.8715e-05	 1.23845
 -9.97021e-05	 1.23845
 -0.000100699	 1.23846
 -0.000101706	 1.23846
 -0.000102723	 1.23847
 -0.00010375	 1.23847
 -0.000104788	 1.23848
 -0.000105836	 1.23848
 -0.000106894	 1.23849
 -0.000107963	 1.23849
 -0.000109043	 1.2385
 -0.000110133	 1.2385
 -0.000111234	 1.23851
 -0.000112347	 1.23851
 -0.00011347	 1.23852
 -0.000114605	 1.23852
 -0.000115751	 1.23853
 -0.000116909	 1.23853
 -0.000118078	 1.23854
 -0.000119258	 1.23854
 -0.000120451	 1.23855
 -0.000121656	 1.23855
 -0.000122872	 1.23856
 -0.000124101	 1.23856
 -0.000125342	 1.23857
 -0.000126595	 1.23857
 -0.000127861	 1.23858
 -0.00012914	 1.23859
 -0.000130431	 1.23859
 -0.000131736	 1.2386
 -0.000133053	 1.2386
 -0.000134383	 1.23861
 -0.000135727	 1.23862
 -0.000137084	 1.23862
 -0.000138455	 1.23863
 -0.00013984	 1.23863
 -0.000141238	 1.23864
 -0.000142651	 1.23865
 -0.000144077	 1.23865
 -0.000145518	 1.23866
 -0.000146973	 1.23867
 -0.000148443	 1.23867
 -0.000149927	 1.23868
 -0.000151427	 1.23869
 -0.000152941	 1.23869
 -0.00015447	 1.2387
 -0.000156015	 1.23871
 -0.000157575	 1.23871
 -0.000159151	 1.23872
 -0.000160742	 1.23873
 -0.00016235	 1.23874
 -0.000163973	 1.23874
 -0.000165613	 1.23875
 -0.000167269	 1.23876
 -0.000168942	 1.23876
 -0.000170631	 1.23877
 -0.000172338	 1.23878
 -0.000174061	 1.23879
 -0.000175802	 1.2388
 -0.00017756	 1.2388
 -0.000179335	 1.23881
 -0.000181129	 1.23882
 -0.00018294	 1.23883
 -0.000184769	 1.23884
 -0.000186617	 1.23884
 -0.000188483	 1.23885
 -0.000190368	 1.23886
 -0.000192272	 1.23887
 -0.000194194	 1.23888
 -0.000196136	 1.23889
 -0.000198098	 1.2389
 -0.000200079	 1.2389
 -0.000202079	 1.23891
 -0.0002041	 1.23892
 -0.000206141	 1.23893
 -0.000208203	 1.23894
 -0.000210285	 1.23895
 -0.000212387	 1.23896
 -0.000214511	 1.23897
 -0.000216656	 1.23898
 -0.000218823	 1.23899
 -0.000221011	 1.239
 -0.000223221	 1.23901
 -0.000225454	 1.23902
 -0.000227708	 1.23903
 -0.000229985	 1.23904
 -0.000232285	 1.23905
 -0.000234608	 1.23906
 -0.000236954	 1.23907
 -0.000239323	 1.23908
 -0.000241717	 1.23909
 -0.000244134	 1.2391
 -0.000246575	 1.23911
 -0.000249041	 1.23912
 -0.000251531	 1.23913
 -0.000254047	 1.23914
 -0.000256587	 1.23916
 -0.000259153	 1.23917
 -0.000261745	 1.23918
 -0.000264362	 1.23919
 -0.000267006	 1.2392
 -0.000269676	 1.23921
 -0.000272372	 1.23923
 -0.000275096	 1.23924
 -0.000277847	 1.23925
 -0.000280626	 1.23926
 -0.000283432	 1.23928
 -0.000286266	 1.23929
 -0.000289129	 1.2393
 -0.00029202	 1.23931
 -0.00029494	 1.23933
 -0.00029789	 1.23934
 -0.000300869	 1.23935
 -0.000303877	 1.23937
 -0.000306916	 1.23938
 -0.000309985	 1.23939
 -0.000313085	 1.23941
 -0.000316216	 1.23942
 -0.000319378	 1.23943
 -0.000322572	 1.23945
 -0.000325798	 1.23946
 -0.000329056	 1.23948
 -0.000332346	 1.23949
 -0.00033567	 1.23951
 -0.000339026	 1.23952
 -0.000342417	 1.23954
 -0.000345841	 1.23955
 -0.000349299	 1.23957
 -0.000352792	 1.23958
 -0.00035632	 1.2396
 -0.000359883	 1.23961
 -0.000363482	 1.23963
 -0.000367117	 1.23965
 -0.000370788	 1.23966
 -0.000374496	 1.23968
 -0.000378241	 1.23969
 -0.000382023	 1.23971
 -0.000385844	 1.23973
 -0.000389702	 1.23975
 -0.000393599	 1.23976
 -0.000397535	 1.23978
 -0.00040151	 1.2398
 -0.000405525	 1.23981
 -0.000409581	 1.23983
 -0.000413676	 1.23985
 -0.000417813	 1.23987
 -0.000421991	 1.23989
 -0.000426211	 1.23991
 -0.000430473	 1.23992
 -0.000434778	 1.23994
 -0.000439126	 1.23996
 -0.000443517	 1.23998
 -0.000447952	 1.24
 -0.000452432	 1.24002
 -0.000456956	 1.24004
 -0.000461526	 1.24006
 -0.000466141	 1.24008
 -0.000470802	 1.2401
 -0.00047551	 1.24012
 -0.000480266	 1.24014
 -0.000485068	 1.24016
 -0.000489919	 1.24018
 -0.000494818	 1.24021
 -0.000499766	 1.24023
 -0.000504764	 1.24025
 -0.000509812	 1.24027
 -0.00051491	 1.24029
 -0.000520059	 1.24032
 -0.000525259	 1.24034
 -0.000530512	 1.24036
 -0.000535817	 1.24038
 -0.000541175	 1.24041
 -0.000546587	 1.24043
 -0.000552053	 1.24045
 -0.000557573	 1.24048
 -0.000563149	 1.2405
 -0.000568781	 1.24053
 -0.000574468	 1.24055
 -0.000580213	 1.24058
 -0.000586015	 1.2406
 -0.000591875	 1.24063
 -0.000597794	 1.24065
 -0.000603772	 1.24068
 -0.00060981	 1.2407
 -0.000615908	 1.24073
 -0.000622067	 1.24076
 -0.000628288	 1.24078
 -0.000634571	 1.24081
 -0.000640916	 1.24084
 -0.000647325	 1.24087
 -0.000653799	 1.24089
 -0.000660337	 1.24092
 -0.00066694	 1.24095
 -0.000673609	 1.24098
 -0.000680345	 1.24101
 -0.000687149	 1.24104
 -0.00069402	 1.24107
 -0.000700961	 1.2411
 -0.00070797	 1.24113
 -0.00071505	 1.24116
 -0.0007222	 1.24119
 -0.000729422	 1.24122
 -0.000736717	 1.24125
 -0.000744084	 1.24128
 -0.000751525	 1.24131
 -0.00075904	 1.24134
 -0.00076663	 1.24138
 -0.000774297	 1.24141
 -0.00078204	 1.24144
 -0.00078986	 1.24147
 -0.000797759	 1.24151
 -0.000805736	 1.24154
 -0.000813794	 1.24158
 -0.000821931	 1.24161
 -0.000830151	 1.24165
 -0.000838452	 1.24168
 -0.000846837	 1.24172
 -0.000855305	 1.24175
 -0.000863858	 1.24179
 -0.000872497	 1.24182
 -0.000881222	 1.24186
 -0.000890034	 1.2419
 -0.000898934	 1.24194
 -0.000907924	 1.24197
 -0.000917003	 1.24201
 -0.000926173	 1.24205
 -0.000935435	 1.24209
 -0.000944789	 1.24213
 -0.000954237	 1.24217
 -0.000963779	 1.24221
 -0.000973417	 1.24225
 -0.000983151	 1.24229
 -0.000992983	 1.24233
 -0.00100291	 1.24237
 -0.00101294	 1.24241
 -0.00102307	 1.24246
 -0.0010333	 1.2425
 -0.00104363	 1.24254
 -0.00105407	 1.24258
 -0.00106461	 1.24263
 -0.00107526	 1.24267
 -0.00108601	 1.24272
 -0.00109687	 1.24276
 -0.00110784	 1.24281
 -0.00111892	 1.24285
 -0.00113011	 1.2429
 -0.00114141	 1.24295
 -0.00115282	 1.24299
 -0.00116435	 1.24304
 -0.00117599	 1.24309
 -0.00118775	 1.24314
 -0.00119963	 1.24318
 -0.00121163	 1.24323
 -0.00122374	 1.24328
 -0.00123598	 1.24333
 -0.00124834	 1.24338
 -0.00126082	 1.24343
 -0.00127343	 1.24349
 -0.00128617	 1.24354
 -0.00129903	 1.24359
 -0.00131202	 1.24364
 -0.00132514	 1.2437
 -0.00133839	 1.24375
 -0.00135177	 1.2438
 -0.00136529	 1.24386
 -0.00137895	 1.24391
 -0.00139273	 1.24397
 -0.00140666	 1.24402
 -0.00142073	 1.24408
 -0.00143494	 1.24414
 -0.00144929	 1.2442
 -0.00146378	 1.24425
 -0.00147842	 1.24431
 -0.0014932	 1.24437
 -0.00150813	 1.24443
 -0.00152321	 1.24449
 -0.00153845	 1.24455
 -0.00155383	 1.24461
 -0.00156937	 1.24468
 -0.00158506	 1.24474
 -0.00160091	 1.2448
 -0.00161692	 1.24486
 -0.00163309	 1.24493
 -0.00164942	 1.24499
 -0.00166592	 1.24506
 -0.00168258	 1.24512
 -0.0016994	 1.24519
 -0.0017164	 1.24525
 -0.00173356	 1.24532
 -0.00175089	 1.24539
 -0.0017684	 1.24546
 -0.00178609	 1.24553
 -0.00180395	 1.2456
 -0.00182199	 1.24567
 -0.00184021	 1.24574
 -0.00185861	 1.24581
 -0.0018772	 1.24588
 -0.00189597	 1.24595
 -0.00191493	 1.24603
 -0.00193408	 1.2461
 -0.00195342	 1.24617
 -0.00197295	 1.24625
 -0.00199268	 1.24632
 -0.00201261	 1.2464
 -0.00203273	 1.24648
 -0.00205306	 1.24655
 -0.00207359	 1.24663
 -0.00209433	 1.24671
 -0.00211527	 1.24679
 -0.00213642	 1.24687
 -0.00215779	 1.24695
 -0.00217937	 1.24703
 -0.00220116	 1.24711
 -0.00222317	 1.2472
 -0.0022454	 1.24728
 -0.00226786	 1.24736
 -0.00229054	 1.24745
 -0.00231344	 1.24753
 -0.00233658	 1.24762
 -0.00235994	 1.24771
 -0.00238354	 1.24779
 -0.00240738	 1.24788
 -0.00243145	 1.24797
 -0.00245576	 1.24806
 -0.00248032	 1.24815
 -0.00250513	 1.24824
 -0.00253018	 1.24833
 -0.00255548	 1.24842
 -0.00258103	 1.24852
 -0.00260684	 1.24861
 -0.00263291	 1.2487
 -0.00265924	 1.2488
 -0.00268583	 1.24889
 -0.00271269	 1.24899
 -0.00273982	 1.24909
 -0.00276722	 1.24919
 -0.00279489	 1.24928
 -0.00282284	 1.24938
 -0.00285107	 1.24948
 -0.00287958	 1.24958
 -0.00290837	 1.24968
 -0.00293746	 1.24979
 -0.00296683	 1.24989
 -0.0029965	 1.24999
 -0.00302646	 1.25009
 -0.00305673	 1.2502
 -0.0030873	 1.2503
 -0.00311817	 1.25041
 -0.00314935	 1.25052
 -0.00318084	 1.25062
 -0.00321265	 1.25073
 -0.00324478	 1.25084
 -0.00327723	 1.25095
 -0.00331	 1.25106
 -0.0033431	 1.25117
 -0.00337653	 1.25128
 -0.0034103	 1.25139
 -0.0034444	 1.25151
 -0.00347884	 1.25162
 -0.00351363	 1.25173
 -0.00354877	 1.25185
 -0.00358426	 1.25196
 -0.0036201	 1.25208
 -0.0036563	 1.2522
 -0.00369286	 1.25231
 -0.00372979	 1.25243
 -0.00376709	 1.25255
 -0.00380476	 1.25267
 -0.00384281	 1.25279
 -0.00388123	 1.25291
 -0.00392005	 1.25303
 -0.00395925	 1.25315
 -0.00399884	 1.25327
 -0.00403883	 1.25339
 -0.00407922	 1.25352
 -0.00412001	 1.25364
 -0.00416121	 1.25376
 -0.00420282	 1.25389
 -0.00424485	 1.25401
 -0.0042873	 1.25414
 -0.00433017	 1.25426
 -0.00437347	 1.25439
 -0.00441721	 1.25452
 -0.00446138	 1.25464
 -0.00450599	 1.25477
 -0.00455105	 1.2549
 -0.00459656	 1.25503
 -0.00464253	 1.25516
 -0.00468895	 1.25529
 -0.00473584	 1.25542
 -0.0047832	 1.25555
 -0.00483103	 1.25568
 -0.00487934	 1.25581
 -0.00492814	 1.25594
 -0.00497742	 1.25607
 -0.00502719	 1.25621
 -0.00507747	 1.25634
 -0.00512824	 1.25647
 -0.00517952	 1.25661
 -0.00523132	 1.25674
 -0.00528363	 1.25687
 -0.00533647	 1.25701
 -0.00538983	 1.25715
 -0.00544373	 1.25728
 -0.00549817	 1.25742
 -0.00555315	 1.25755
 -0.00560868	 1.25769
 -0.00566477	 1.25783
 -0.00572142	 1.25797
 -0.00577863	 1.2581
 -0.00583642	 1.25824
 -0.00589478	 1.25838
 -0.00595373	 1.25852
 -0.00601327	 1.25866
 -0.0060734	 1.2588
 -0.00613413	 1.25894
 -0.00619547	 1.25908
 -0.00625743	 1.25922
 -0.00632	 1.25936
 -0.0063832	 1.2595
 -0.00644703	 1.25964
 -0.0065115	 1.25979
 -0.00657662	 1.25993
 -0.00664239	 1.26007
 -0.00670881	 1.26022
 -0.0067759	 1.26036
 -0.00684366	 1.2605
 -0.00691209	 1.26065
 -0.00698121	 1.26079
 -0.00705103	 1.26094
 -0.00712154	 1.26108
 -0.00719275	 1.26123
 -0.00726468	 1.26137
 -0.00733733	 1.26152
 -0.0074107	 1.26167
 -0.00748481	 1.26181
 -0.00755965	 1.26196
 -0.00763525	 1.26211
 -0.0077116	 1.26226
 -0.00778872	 1.2624
 -0.00786661	 1.26255
 -0.00794527	 1.2627
 -0.00802473	 1.26269
 -0.00810497	 1.26254
 -0.00818602	 1.26239
 -0.00826788	 1.26223
 -0.00835056	 1.26207
 -0.00843407	 1.26191
 -0.00851841	 1.26174
 -0.00860359	 1.26157
 -0.00868963	 1.2614
 -0.00877652	 1.26122
 -0.00886429	 1.26104
 -0.00895293	 1.26085
 -0.00904246	 1.26066
 -0.00913289	 1.26046
 -0.00922422	 1.26026
 -0.00931646	 1.26005
 -0.00940962	 1.25984
 -0.00950372	 1.25963
 -0.00959876	 1.2594
 -0.00969474	 1.25917
 -0.00979169	 1.25894
 -0.00988961	 1.2587
 -0.0099885	 1.25845
 -0.0100884	 1.25819
 -0.0101893	 1.25793
 -0.0102912	 1.25766
 -0.0103941	 1.25738
 -0.010498	 1.2571
 -0.010603	 1.2568
 -0.010709	 1.2565
 -0.0108161	 1.25619
 -0.0109243	 1.25587
 -0.0110335	 1.25555
 -0.0111439	 1.25521
 -0.0112553	 1.25487
 -0.0113678	 1.25451
 -0.0114815	 1.25415
 -0.0115963	 1.25377
 -0.0117123	 1.25338
 -0.0118294	 1.25299
 -0.0119477	 1.25258
 -0.0120672	 1.25217
 -0.0121879	 1.25174
 -0.0123098	 1.2513
 -0.0124328	 1.25085
 -0.0125572	 1.25039
 -0.0126827	 1.24991
 -0.0128096	 1.24943
 -0.0129377	 1.24893
 -0.013067	 1.24842
 -0.0131977	 1.2479
 -0.0133297	 1.24737
 -0.013463	 1.24683
 -0.0135976	 1.24627
 -0.0137336	 1.2457
 -0.0138709	 1.24512
 -0.0140096	 1.24453
 -0.0141497	 1.24393
 -0.0142912	 1.24331
 -0.0144342	 1.24268
 -0.0145785	 1.24204
 -0.0147243	 1.24139
 -0.0148715	 1.24072
 -0.0150202	 1.24004
 -0.0151704	 1.23936
 -0.0153221	 1.23866
 -0.0154754	 1.23795
 -0.0156301	 1.23722
 -0.0157864	 1.23649
 -0.0159443	 1.23574
 -0.0161037	 1.23499
 -0.0162648	 1.23422
 -0.0164274	 1.23344
 -0.0165917	 1.23266
 -0.0167576	 1.23186
 -0.0169252	 1.23105
 -0.0170944	 1.23023
 -0.0172654	 1.2294
 -0.017438	 1.22856
 -0.0176124	 1.22772
 -0.0177885	 1.22686
 -0.0179664	 1.22599
 -0.0181461	 1.22512
 -0.0183275	 1.22424
 -0.0185108	 1.22334
 -0.0186959	 1.22244
 -0.0188829	 1.22153
 -0.0190717	 1.22061
 -0.0192624	 1.21969
 -0.0194551	 1.21876
 -0.0196496	 1.21781
 -0.0198461	 1.21686
 -0.0200446	 1.21591
 -0.020245	 1.21494
 -0.0204475	 1.21397
 -0.0206519	 1.21299
 -0.0208585	 1.212
 -0.021067	 1.21101
 -0.0212777	 1.21001
 -0.0214905	 1.209
 -0.0217054	 1.20799
 -0.0219224	 1.20697
 -0.0221417	 1.20594
 -0.0223631	 1.2049
 -0.0225867	 1.20386
 -0.0228126	 1.20281
 -0.0230407	 1.20176
 -0.0232711	 1.2007
 -0.0235038	 1.19963
 -0.0237389	 1.19856
 -0.0239763	 1.19747
 -0.024216	 1.19639
 -0.0244582	 1.19529
 -0.0247028	 1.19419
 -0.0249498	 1.19308
 -0.0251993	 1.19197
 -0.0254513	 1.19085
 -0.0257058	 1.18972
 -0.0259628	 1.18858
 -0.0262225	 1.18744
 -0.0264847	 1.18629
 -0.0267495	 1.18514
 -0.027017	 1.18397
 -0.0272872	 1.1828
 -0.0275601	 1.18162
 -0.0278357	 1.18044
 -0.028114	 1.17924
 -0.0283952	 1.17804
 -0.0286791	 1.17683
 -0.0289659	 1.17561
 -0.0292556	 1.17438
 -0.0295481	 1.17314
 -0.0298436	 1.1719
 -0.0301421	 1.17064
 -0.0304435	 1.16938
 -0.0307479	 1.1681
 -0.0310554	 1.16682
 -0.0313659	 1.16552
 -0.0316796	 1.16422
 -0.0319964	 1.1629
 -0.0323164	 1.16157
 -0.0326395	 1.16024
 -0.0329659	 1.15888
 -0.0332956	 1.15752
 -0.0336285	 1.15615
 -0.0339648	 1.15476
 -0.0343045	 1.15335
 -0.0346475	 1.15194
 -0.034994	 1.15051
 -0.0353439	 1.14907
 -0.0356974	 1.14761
 -0.0360543	 1.14613
 -0.0364149	 1.14465
 -0.036779	 1.14314
 -0.0371468	 1.14162
 -0.0375183	 1.14008
 -0.0378935	 1.13853
 -0.0382724	 1.13696
 -0.0386551	 1.13537
 -0.0390417	 1.13376
 -0.0394321	 1.13214
 -0.0398264	 1.13049
 -0.0402247	 1.12883
 -0.0406269	 1.12715
 -0.0410332	 1.12545
 -0.0414435	 1.12373
 -0.041858	 1.12199
 -0.0422766	 1.12023
 -0.0426993	 1.11844
 -0.0431263	 1.11664
 -0.0435576	 1.11482
 -0.0439932	 1.11297
 -0.0444331	 1.1111
 -0.0448774	 1.10921
 -0.0453262	 1.1073
 -0.0457795	 1.10536
 -0.0462372	 1.1034
 -0.0466996	 1.10142
 -0.0471666	 1.09941
 -0.0476383	 1.09738
 -0.0481147	 1.09532
 -0.0485958	 1.09324
 -0.0490818	 1.09113
 -0.0495726	 1.089
 -0.0500683	 1.08684
 -0.050569	 1.08465
 -0.0510747	 1.08244
 -0.0515854	 1.0802
 -0.0521013	 1.07793
 -0.0526223	 1.07564
 -0.0531485	 1.07332
 -0.05368	 1.07097
 -0.0542168	 1.06858
 -0.054759	 1.06617
 -0.0553066	 1.06373
 -0.0558596	 1.06126
 -0.0564182	 1.05876
 -0.0569824	 1.05623
 -0.0575522	 1.05366
 -0.0581278	 1.05107
 -0.058709	 1.04844
 -0.0592961	 1.04577
 -0.0598891	 1.04308
 -0.060488	 1.04035
 -0.0610929	 1.03758
 -0.0617038	 1.03478
 -0.0623208	 1.03195
 -0.062944	 1.02908
 -0.0635735	 1.02617
 -0.0642092	 1.02322
 -0.0648513	 1.02024
 -0.0654998	 1.01722
 -0.0661548	 1.01416
 -0.0668164	 1.01107
 -0.0674845	 1.00793
 -0.0681594	 1.00475
 -0.068841	 1.00154
 -0.0695294	 0.998277
 -0.0702247	 0.994979
 -0.0709269	 0.991638
 -0.0716362	 0.988255
 -0.0723525	 0.984829
 -0.0730761	 0.98136
 -0.0738068	 0.977848
 -0.0745449	 0.974291
 -0.0752903	 0.97069
 -0.0760433	 0.967044
 -0.0768037	 0.963352
 -0.0775717	 0.959615
 -0.0783474	 0.955831
 -0.0791309	 0.952
 -0.0799222	 0.948122
 -0.0807214	 0.944197
 -0.0815287	 0.940223
 -0.0823439	 0.936202
 -0.0831674	 0.932131
 -0.0839991	 0.928012
 -0.084839	 0.923843
 -0.0856874	 0.919624
 -0.0865443	 0.915355
 -0.0874098	 0.911036
 -0.0882839	 0.906666
 -0.0891667	 0.902245
 -0.0900584	 0.897774
 -0.0909589	 0.893251
 -0.0918685	 0.888677
 -0.0927872	 0.884051
 -0.0937151	 0.879374
 -0.0946522	 0.874646
 -0.0955988	 0.869867
 -0.0965548	 0.865036
 -0.0975203	 0.860156
 -0.0984955	 0.855226
 -0.0994805	 0.850273
 -0.100475	 0.845194
 -0.10148	 0.840049
 -0.102495	 0.834891
 -0.10352	 0.829681
 -0.104555	 0.824424
 -0.105601	 0.819116
 -0.106657	 0.813759
 -0.107723	 0.808352
 -0.1088	 0.802895
 -0.109888	 0.797388
 -0.110987	 0.791833
 -0.112097	 0.786229
 -0.113218	 0.780576
 -0.11435	 0.774875
 -0.115494	 0.769126
 -0.116649	 0.763329
 -0.117815	 0.757485
 -0.118993	 0.751595
 -0.120183	 0.745658
 -0.121385	 0.739675
 -0.122599	 0.733647
 -0.123825	 0.727573
 -0.125063	 0.721454
 -0.126314	 0.715291
 -0.127577	 0.709083
 -0.128853	 0.702832
 -0.130141	 0.696538
 -0.131443	 0.6902
 -0.132757	 0.683819
 -0.134085	 0.677396
 -0.135425	 0.670931
 -0.13678	 0.664424
 -0.138148	 0.657876
 -0.139529	 0.651287
 -0.140924	 0.644658
 -0.142334	 0.637988
 -0.143757	 0.631279
 -0.145194	 0.624532
 -0.146646	 0.617745
 -0.148113	 0.610921
 -0.149594	 0.604061
 -0.15109	 0.597164
 -0.152601	 0.590231
 -0.154127	 0.583265
 -0.155668	 0.576265
 -0.157225	 0.569234
 -0.158797	 0.562172
 -0.160385	 0.555081
 -0.161989	 0.547963
 -0.163609	 0.540819
 -0.165245	 0.533651
 -0.166897	 0.526461
 -0.168566	 0.519252
 -0.170252	 0.512026
 -0.171954	 0.504786
 -0.173674	 0.497533
 -0.175411	 0.490272
 -0.177165	 0.483005
 -0.178936	 0.475736
 -0.180726	 0.468467
 -0.182533	 0.461202
 -0.184358	 0.453945
 -0.186202	 0.4467
 -0.188064	 0.43947
 -0.189945	 0.432259
 -0.191844	 0.425072
 -0.193763	 0.417913
 -0.1957	 0.410785
 -0.197657	 0.403692
 -0.199634	 0.396639
 -0.20163	 0.38963
 -0.203646	 0.382669
 -0.205683	 0.37576
 -0.20774	 0.368906
 -0.209817	 0.362112
 -0.211915	 0.355381
 -0.214034	 0.348716
 -0.216175	 0.342121
 -0.218336	 0.335599
 -0.22052	 0.329153
 -0.222725	 0.322785
 -0.224952	 0.316499
 -0.227202	 0.310297
 -0.229474	 0.30418
 -0.231769	 0.298151
 -0.234086	 0.292211
 -0.236427	 0.286363
 -0.238791	 0.280606
 -0.241179	 0.274943
 -0.243591	 0.269374
 -0.246027	 0.2639
 -0.248487	 0.258522
 -0.250972	 0.25324
 -0.253482	 0.248053
 -0.256017	 0.242963
 -0.258577	 0.237969
 -0.261163	 0.233071
 -0.263774	 0.228268
 -0.266412	 0.223561
 -0.269076	 0.218948
 -0.271767	 0.214429
 -0.274485	 0.210004
 -0.277229	 0.205672
 -0.280002	 0.201432
 -0.282802	 0.197284
 -0.28563	 0.193226
 -0.288486	 0.189257
 -0.291371	 0.185377
 -0.294285	 0.181586
 -0.297227	 0.177881
 -0.3002	 0.174263
 -0.303202	 0.17073
 -0.306234	 0.167282
 -0.309296	 0.163918
 -0.312389	 0.160637
 -0.315513	 0.157438
 -0.318668	 0.154321
 -0.321855	 0.151285
 -0.325073	 0.148329
 -0.328324	 0.145453
 -0.331607	 0.142656
 -0.334923	 0.139937
 -0.338273	 0.137297
 -0.341655	 0.134735
 -0.345072	 0.13225
 -0.348523	 0.129842
 -0.352008	 0.12751
 -0.355528	 0.125256
 -0.359083	 0.123077
 -0.362674	 0.120975
 -0.366301	 0.118949
 -0.369964	 0.116999
 -0.373663	 0.115125
 -0.3774	 0.113327
 -0.381174	 0.111605
 -0.384986	 0.109959
 -0.388836	 0.10839
 -0.392724	 0.106897
 -0.396651	 0.105481
 -0.400618	 0.104142
 -0.404624	 0.102881
 -0.40867	 0.101697
 -0.412757	 0.100591
 -0.416884	 0.0995629
 -0.421053	 0.0986138
 -0.425264	 0.0977437
 -0.429516	 0.0969531
 -0.433812	 0.0962423
 -0.43815	 0.0956118
 -0.442531	 0.0950618
 -0.446956	 0.0945927
 -0.451426	 0.094205
 -0.45594	 0.093899
 -0.4605	 0.0936749
 -0.465105	 0.0935331
 -0.469756	 0.0934738
 -0.474453	 0.0934971
 -0.479198	 0.0936033
 -0.48399	 0.0937924
 -0.48883	 0.0940644
 -0.493718	 0.0944192
 -0.498655	 0.0948566
 -0.503642	 0.0953766
 -0.508678	 0.0959786
 -0.513765	 0.0966623
 -0.518903	 0.0974271
 -0.524092	 0.0982722
 -0.529333	 0.099197
 -0.534626	 0.1002
 -0.539972	 0.101281
 -0.545372	 0.102438
 -0.550826	 0.10367
 -0.556334	 0.104975
 -0.561897	 0.106352
 -0.567516	 0.107797
 -0.573191	 0.109311
 -0.578923	 0.110889
 -0.584712	 0.112529
 -0.59056	 0.11423
 -0.596465	 0.115986
 -0.60243	 0.117797
 -0.608454	 0.119658
 -0.614539	 0.121565
 -0.620684	 0.123516
 -0.626891	 0.125505
 -0.63316	 0.12753
 -0.639491	 0.129585
 -0.645886	 0.131667
 -0.652345	 0.133771
 -0.658869	 0.135892
 -0.665457	 0.138025
 -0.672112	 0.140166
 -0.678833	 0.14231
 -0.685621	 0.144452
 -0.692477	 0.146587
 -0.699402	 0.14871
 -0.706396	 0.150816
 -0.71346	 0.152901
 -0.720595	 0.15496
 -0.727801	 0.156988
 -0.735079	 0.158981
 -0.74243	 0.160936
 -0.749854	 0.162847
 -0.757352	 0.164712
 -0.764926	 0.166528
 -0.772575	 0.16829
 -0.780301	 0.169997
 -0.788104	 0.171647
 -0.795985	 0.173237
 -0.803945	 0.174767
 -0.811984	 0.176235
 -0.820104	 0.177641
 -0.828305	 0.178984
 -0.836588	 0.180265
 -0.844954	 0.181486
 -0.853404	 0.182647
 -0.861938	 0.18375
 -0.870557	 0.184798
 -0.879263	 0.185793
 -0.888055	 0.186739
 -0.896936	 0.187638
 -0.905905	 0.188496
 -0.914964	 0.189317
 -0.924114	 0.190105
 -0.933355	 0.190865
 -0.942689	 0.191603
 -0.952115	 0.192325
 -0.961637	 0.193036
 -0.971253	 0.193742
 -0.980966	 0.19445
 -0.990775	 0.195166
 -1.00068	 0.195896
 -1.01069	 0.196647
 -1.0208	 0.197425
 -1.031	 0.198236
 -1.04131	 0.199088
 -1.05173	 0.199986
 -1.06225	 0.200936
 -1.07287	 0.201944
 -1.0836	 0.203017
 -1.09443	 0.204158
 -1.10538	 0.205374
 -1.11643	 0.20667
 -1.12759	 0.208049
 -1.13887	 0.209517
 -1.15026	 0.211076
 -1.16176	 0.212731
 -1.17338	 0.214484
 -1.18511	 0.216337
 -1.19696	 0.218293
 -1.20893	 0.220353
 -1.22102	 0.222518
 -1.23323	 0.224788
 -1.24557	 0.227163
 -1.25802	 0.229643
 -1.2706	 0.232226
 -1.28331	 0.23491
 -1.29614	 0.237693
 -1.3091	 0.240571
 -1.32219	 0.243542
 -1.33542	 0.246601
 -1.34877	 0.249743
 -1.36226	 0.252963
 -1.37588	 0.256255
 -1.38964	 0.259614
 -1.40353	 0.263033
 -1.41757	 0.266505
 -1.43175	 0.270022
 -1.44606	 0.273579
 -1.46052	 0.277166
 -1.47513	 0.280777
 -1.48988	 0.284404
 -1.50478	 0.288038
 -1.51983	 0.291674
 -1.53503	 0.295302
 -1.55038	 0.298917
 -1.56588	 0.302512
 -1.58154	 0.30608
 -1.59735	 0.309614
 -1.61333	 0.313111
 -1.62946	 0.316564
 -1.64575	 0.319969
 -1.66221	 0.323323
 -1.67883	 0.326621
 -1.69562	 0.329862
 -1.71258	 0.333043
 -1.72971	 0.336163
 -1.747	 0.339221
 -1.76447	 0.342216
 -1.78212	 0.345149
 -1.79994	 0.34802
 -1.81794	 0.350829
 -1.83612	 0.35358
 -1.85448	 0.356273
 -1.87302	 0.35891
 -1.89175	 0.361493
 -1.91067	 0.364025
 -1.92978	 0.366509
 -1.94907	 0.368946
 -1.96857	 0.371338
 -1.98825	 0.373689
 -2.00813	 0.376
 -2.02822	 0.378272
 -2.0485	 0.380507
 -2.06898	 0.382707
 -2.08967	 0.38487
 -2.11057	 0.386998
 -2.13167	 0.38909
 -2.15299	 0.391144
 -2.17452	 0.393157
 -2.19627	 0.395128
 -2.21823	 0.397052
 -2.24041	 0.398925
 -2.26282	 0.400742
 -2.28544	 0.402495
 -2.3083	 0.404177
 -2.33138	 0.40578
 -2.35469	 0.407294
 -2.37824	 0.408709
 -2.40202	 0.410012
 -2.42604	 0.411191
 -2.4503	 0.412232
 -2.47481	 0.41312
 -2.49956	 0.413839
 -2.52455	 0.414371
 -2.5498	 0.4147
 -2.5753	 0.414806
 -2.60105	 0.414669
 -2.62706	 0.41427
 -2.65333	 0.413587
 -2.67986	 0.4126
 -2.70666	 0.411286
 -2.73373	 0.409625
 -2.76106	 0.407595
 -2.78868	 0.405175
 -2.81656	 0.402345
 -2.84473	 0.399086
 -2.87318	 0.395381
 -2.90191	 0.391214
 -2.93093	 0.38657
 -2.96024	 0.38144
 -2.98984	 0.375815
 -3.01974	 0.369691
 -3.04993	 0.363069
 -3.08043	 0.355952
 -3.11124	 0.34835
 -3.14235	 0.340279
 -3.17377	 0.331759
 -3.20551	 0.322817
 -3.23757	 0.313485
 -3.26994	 0.303803
 -3.30264	 0.293815
 -3.33567	 0.283568
 -3.36902	 0.273117
 -3.40271	 0.262517
 -3.43674	 0.251826
 -3.47111	 0.241103
 -3.50582	 0.230408
 -3.54088	 0.219795
 -3.57629	 0.209319
 -3.61205	 0.199025
 -3.64817	 0.188961
 -3.68465	 0.179164
 -3.7215	 0.169666
 -3.75871	 0.160495
 -3.7963	 0.151669
 -3.83426	 0.143203
 -3.87261	 0.135107
 -3.91133	 0.127386
 -3.95045	 0.12004
 -3.98995	 0.113065
 -4.02985	 0.106456
 -4.07015	 0.100204
 -4.11085	 0.0942987
 -4.15196	 0.0887282
 -4.19348	 0.0834795
 -4.23541	 0.078539
 -4.27777	 0.0738927
 -4.32054	 0.0695265
 -4.36375	 0.0654259
 -4.40739	 0.0615773
 -4.45146	 0.0579668
 -4.49598	 0.0545812
 -4.54094	 0.0514076
 -4.58634	 0.0484338
 -4.63221	 0.045648
 -4.67853	 0.043039
 -4.72532	 0.0405961
 -4.77257	 0.0383091
 -4.82029	 0.0361686
 -4.8685	 0.0341655
 -4.91718	 0.0322912
 -4.96635	 0.0305378
 -5.01602	 0.0288976
 -5.06618	 0.0273634
 -5.11684	 0.0259286
 -5.16801	 0.024587
 -5.21969	 0.0233324
 -5.27188	 0.0221594
 -5.3246	 0.0210626
 -5.37785	 0.0200371
 -5.43163	 0.0190782
 -5.48594	 0.0181816
 -5.5408	 0.0173432
 -5.59621	 0.0165589
 -5.65217	 0.0158253
 -5.7087	 0.0151387
 -5.76578	 0.0144961
 -5.82344	 0.0138942
 -5.88167	 0.0133302
 -5.94049	 0.0128014
 -5.9999	 0.0123052
 -6.0599	 0.0118392
 -6.12049	 0.0114012
 -6.1817	 0.0109889
 -6.24352	 0.0106004
 -6.30595	 0.0102338
 -6.36901	 0.00988736
 -6.4327	 0.00955934
 -6.49703	 0.00924822
 -6.562	 0.00895255
 -6.62762	 0.00867098
 -6.69389	 0.00840227
 -6.76083	 0.00814524
 -6.82844	 0.00789882
 -6.89673	 0.00766201
 -6.96569	 0.0074339
 -7.03535	 0.00721367
 -7.1057	 0.00700055
 -7.17676	 0.00679386
 -7.24853	 0.00659297
 -7.32101	 0.00639734
 -7.39422	 0.00620648
 -7.46817	 0.00601994
 -7.54285	 0.00583736
 -7.61828	 0.0056584
 -7.69446	 0.00548279
 -7.7714	 0.0053103
 -7.84912	 0.00514072
 -7.92761	 0.00497392
 -8.00689	 0.00480977
 -8.08695	 0.00464818
 -8.16782	 0.0044891
 -8.2495	 0.00433249
 -8.332	 0.00417833
 -8.41532	 0.00402665
 -8.49947	 0.00387746
 -8.58446	 0.0037308
 -8.67031	 0.00358671
 -8.75701	 0.00344527
 -8.84458	 0.00330652
 -8.93303	 0.00317053
 -9.02236	 0.00303739
 -9.11258	 0.00290715
 -9.20371	 0.00277989
 -9.29575	 0.00265567
 -9.3887	 0.00253456
 -9.48259	 0.00241662
 -9.57742	 0.0023019
 -9.67319	 0.00219045
 -9.76992	 0.00208231
 -9.86762	 0.00197751
 -9.9663	 0.00187607
 -10.066	 0.00177801
 -10.1666	 0.00168334
 -10.2683	 0.00159207
 -10.371	 0.00150418
 -10.4747	 0.00141965
 -10.5794	 0.00133847
 -10.6852	 0.00126061
 -10.7921	 0.00118602
 -10.9	 0.00111466
 -11.009	 0.00104648
 -11.1191	 0.000981419
 -11.2303	 0.000919423
 -11.3426	 0.000860422
 -11.456	 0.000804342
 -11.5706	 0.000751109
 -11.6863	 0.000700643
 -11.8031	 0.000652863
 -11.9212	 0.000607685
 -12.0404	 0.00056502
 -12.1608	 0.000524783
 -12.2824	 0.000486883
 -12.4052	 0.00045123
 -12.5293	 0.000417735
 -12.6546	 0.000386307
 -12.7811	 0.000356855
 -12.9089	 0.000329292
 -13.038	 0.000303529
 -13.1684	 0.000279478
 -13.3001	 0.000257055
 -13.4331	 0.000236177
 -13.5674	 0.00021676
 -13.7031	 0.000198727
 -13.8401	 0.000181998
 -13.9785	 0.000166501
 -14.1183	 0.000152161
 -14.2595	 0.000138909
 -14.4021	 0.000126678
 -14.5461	 0.000115404
 -14.6915	 0.000105024
 -14.8385	 9.54788e-05
 -14.9868	 8.6713e-05
 -15.1367	 7.86724e-05
 -15.2881	 7.13062e-05
 -15.441	 6.45659e-05
 -15.5954	 5.84059e-05
 -15.7513	 5.2783e-05
 -15.9088	 4.76564e-05
 -16.0679	 4.29879e-05
 -16.2286	 3.87417e-05
 -16.3909	 3.4884e-05
 -16.5548	 3.13832e-05
 -16.7203	 2.82101e-05
 -16.8875	 2.53372e-05
 -17.0564	 2.2739e-05
 -17.227	 2.03919e-05
 -17.3993	 1.82738e-05
 -17.5733	 1.63644e-05
 -17.749	 1.46449e-05
 -17.9265	 1.30982e-05
 -18.1057	 1.1708e-05
 -18.2868	 1.046e-05
 -18.4697	 9.34043e-06
 -18.6544	 8.33712e-06
 -18.8409	 7.43875e-06
 -19.0293	 6.63502e-06
 -19.2196	 5.91652e-06
 -19.4118	 5.27468e-06
 -19.6059	 4.7017e-06
 -19.802	 4.19048e-06
 -20	 3.7375e-06
