# generlized Kondo-Heisenberg model
# U/W=2.4 Jh/U=0.25 n=1/2 L=36 Delta/t=0.0
# Static structure factor S(q)
# q, Szz(q), Spm(q), S+-(q)+Szz(q)
           0  -4.3006262137394204E-005   10.472424712015636        10.472381705753499     
           1   2.2122058230995365E-002   5.7384092474257962        5.7605313056567917     
           2   7.3068010416824092E-002   1.3202668960317088        1.3933349064485330     
           3  0.14741169992959452       0.84855105169876410       0.99596275162835868     
           4  0.19088147874298503       0.41922217184617117       0.61010365058915617     
           5  0.22826247831419880       0.41038539843735022       0.63864787675154899     
           6  0.23342203937233866       0.29641190716058030       0.52983394653291893     
           7  0.24189699257075967       0.32095701514358588       0.56285400771434557     
           8  0.24238213147327825       0.27451657793541601       0.51689870940869431     
           9  0.24186313026483972       0.28900706561822448       0.53087019588306417     
          10  0.24431470264661309       0.26470787666798634       0.50902257931459949     
          11  0.24196896326860401       0.27712846394346591       0.51909742721206986     
          12  0.24524275315422889       0.26292255510074714       0.50816530825497597     
          13  0.24185103335436381       0.27249981719514732       0.51435085054951113     
          14  0.24524595556033710       0.26349316361458480       0.50873911917492187     
          15  0.24182999245242201       0.27142947867434319       0.51325947112676518     
          16  0.24491338693533060       0.26533431831587867       0.51024770525120933     
          17  0.24186621633201372       0.27241762066017877       0.51428383699219249     
          18  0.24440956312498407       0.26809507354529138       0.51250463667027546     
          19  0.24189369955583831       0.27460146434287425       0.51649516389871253     
          20  0.24386311467519123       0.27139416016177670       0.51525727483696793     
          21  0.24188872249610449       0.27755390341143554       0.51944262590753998     
          22  0.24331581414600129       0.27506283305674928       0.51837864720275051     
          23  0.24183673537945929       0.28101669763132003       0.52285343301077936     
          24  0.24279203383327996       0.27897449251250112       0.52176652634578113     
          25  0.24172443767561891       0.28482648458441240       0.52655092226003131     
          26  0.24230106164641951       0.28306240268343330       0.52536346432985281     
          27  0.24154837506787949       0.28890170427635947       0.53045007934423893     
          28  0.24186380358373663       0.28735459199442731       0.52921839557816397     
          29  0.24132731714805228       0.29320120075830902       0.53452851790636124     
          30  0.24143133024843311       0.29169306824388408       0.53312439849231719     
          31  0.24103016125762028       0.29761494158413543       0.53864510284175571     
          32  0.24105858721287982       0.29620034337431028       0.53725893058719010     
          33  0.24078207213203881       0.30215364050033894       0.54293571263237772     
          34  0.24090499916000241       0.30058616037252001       0.54149115953252247     
          35  0.24074249650569710       0.30638567714076381       0.54712817364646094     
          36  0.24091463826861351       0.30305984880206327       0.54397448707067675     
