# generlized Kondo-Heisenberg model
# U/W=1.2 Jh/U=0.25 n=1/2 L=36 Delta/t=2.0
# Static structure factor S(q)
# q, Szz(q), Spm(q), S+-(q)+Szz(q)
           0   3.3035404498754639E-009  -1.6448878441960302E-007  -1.6118524396972755E-007
           1   4.1185375438675753E-003   8.2369260450336594E-003   1.2355463588901234E-002
           2   1.0361302229197880E-002   2.0722477342264088E-002   3.1083779571461967E-002
           3   1.6770460095553268E-002   3.3540794160524412E-002   5.0311254256077680E-002
           4   2.4077445341402930E-002   4.8154805155520272E-002   7.2232250496923195E-002
           5   3.1998469057696259E-002   6.3996825515632710E-002   9.5995294573328976E-002
           6   4.0612604518550796E-002   8.1225124873749541E-002  0.12183772939230034     
           7   4.9824846636785582E-002   9.9649695648410724E-002  0.14947454228519630     
           8   5.9582481682664404E-002  0.11916502384018285       0.17874750552284724     
           9   6.9858033755049176E-002  0.13971611667186012       0.20957415042690930     
          10   8.0557586536454617E-002  0.16111516232849418       0.24167274886494880     
          11   9.1694889711348634E-002  0.18338968930311358       0.27508457901446220     
          12  0.10315174772724642       0.20630338041557930       0.30945512814282572     
          13  0.11496393060789778       0.22992779949559017       0.34489173010348795     
          14  0.12698861021005753       0.25397723435905795       0.38096584456911547     
          15  0.13927421404852044       0.27854845518863580       0.41782266923715627     
          16  0.15166037025156828       0.30332071216845252       0.45498108242002078     
          17  0.16422064959913329       0.32844117832051517       0.49266182791964847     
          18  0.17680533433408849       0.35361046942339430       0.53041580375748276     
          19  0.18955136269495776       0.37910247033936439       0.56865383303432215     
          20  0.20235402265273156       0.40470777223192966       0.60706179488466128     
          21  0.21545188137886734       0.43090348749690621       0.64635536887577349     
          22  0.22878977665316469       0.45757927459946374       0.68636905125262837     
          23  0.24272608494644943       0.48545191201231108       0.72817799695876051     
          24  0.25723148407711061       0.51446273769786255       0.77169422177497315     
          25  0.27281142726362817       0.54562260098557724       0.81843402824920541     
          26  0.28944658246176369       0.57889289863740778       0.86833948109917147     
          27  0.30788035429117372       0.61576042886099258       0.92364078315216624     
          28  0.32812517670078856       0.65625002434980506       0.98437520105059362     
          29  0.35140896967976687       0.70281746862191707        1.0542264383016839     
          30  0.37789466151101458       0.75578882700109151        1.1336834885121061     
          31  0.41003454027862613       0.82006870395076037        1.2301032442293864     
          32  0.44870898419545041       0.89741800448948783        1.3461269886849383     
          33  0.50075758777518387        1.0015148924832817        1.5022724802584655     
          34  0.57195257515288500        1.1439046505929280        1.7158572257458129     
          35  0.70669173974213595        1.4133834160436860        2.1200751557858220     
          36  0.80347446243746334        1.6069487277636789        2.4104231902011422     
