# generlized Kondo-Heisenberg model
# U/W=1.0 Jh/U=0.25 n=1/2 L=36 Delta/t=2.0
# Static structure factor S(q)
# q, Szz(q), Spm(q), S+-(q)+Szz(q)
           0   3.5788354771880415E-008  -1.1218272745819324E-007  -7.6394372686312828E-008
           1   4.2885258567438890E-003   8.5768542274057592E-003   1.2865380084149648E-002
           2   1.0379764426902399E-002   2.0759325242896965E-002   3.1139089669799364E-002
           3   1.6422801255873455E-002   3.2845440637085645E-002   4.9268241892959100E-002
           4   2.3202931014084348E-002   4.6405755657668100E-002   6.9608686671752448E-002
           5   3.0414802350314643E-002   6.0829511003318529E-002   9.1244313353633172E-002
           6   3.8187112092602969E-002   7.6374123317141857E-002  0.11456123540974483     
           7   4.6425338261766182E-002   9.2850591502319210E-002  0.13927592976408540     
           8   5.5117525521519231E-002  0.11023499684075619       0.16535252236227543     
           9   6.4240243206184475E-002  0.12848046621977088       0.19272070942595537     
          10   7.3729541956128616E-002  0.14745906573592418       0.22118860769205279     
          11   8.3603233459109486E-002  0.16720638845749070       0.25080962191660017     
          12   9.3771526547943226E-002  0.18754294177345604       0.28131446832139928     
          13  0.10428334320581245       0.20856662117801741       0.31284996438382984     
          14  0.11503190219303999       0.23006378719330461       0.34509568938634461     
          15  0.12609567228322993       0.25219134244332042       0.37828701472655035     
          16  0.13735537819196608       0.27471074397989809       0.41206612217186417     
          17  0.14892673405687393       0.29785342613684840       0.44678016019372235     
          18  0.16068440660966293       0.32136873200728988       0.48205313861695281     
          19  0.17280025155847259       0.34560040201034631       0.51840065356881893     
          20  0.18515091427875260       0.37030169596262724       0.55545261024137982     
          21  0.19799187926581324       0.39598356980560734       0.59397544907142064     
          22  0.21120503386422981       0.42240982697150870       0.63361486083573848     
          23  0.22516407478360048       0.45032790118450799       0.67549197596810850     
          24  0.23975166440082801       0.47950313110540749       0.71925479550623550     
          25  0.25551475808075702       0.51102937314611396       0.76654413122687104     
          26  0.27233193441619502       0.54466374756824887       0.81699568198444394     
          27  0.29104019171873807       0.58208025910018046       0.87312045081891854     
          28  0.31152778820737975       0.62305543960241205       0.93458322780979186     
          29  0.33521114520505724       0.67042214311658077        1.0056332883216381     
          30  0.36208063441330102       0.72416111848794640        1.0862417529012474     
          31  0.39500092470004100       0.79000172639686994        1.1850026510969109     
          32  0.43457266629867253       0.86914531248572469        1.3037179787843973     
          33  0.48887357069763004       0.97774717202388650        1.4666207427215165     
          34  0.56319704157485495        1.1263938211008757        1.6895908626757308     
          35  0.71164149417756128        1.4232829214159910        2.1349244155935523     
          36  0.82132240044267946        1.6426452021278786        2.4639676025705581     
