# generlized Kondo-Heisenberg model
# U/W=1.6 Jh/U=0.25 n=1/2 L=36 Delta/t=2.0
# Static structure factor S(q)
# q, Szz(q), Spm(q), S+-(q)+Szz(q)
           0   2.2418986519742411E-003   2.2590290542510699E-003   4.5009277062253109E-003
           1   1.8776099587729897E-002   3.9525614635754713E-002   5.8301714223484610E-002
           2   2.8799989793355230E-002   5.6298191043080453E-002   8.5098180836435680E-002
           3   5.0070401257911172E-002  0.10138580450033448       0.15145620575824564     
           4   6.1870740474805126E-002  0.12235346832416782       0.18422420879897294     
           5   8.4454915054447313E-002  0.17005375431228015       0.25450866936672745     
           6   9.9147250514172433E-002  0.19693076236862997       0.29607801288280239     
           7  0.12461416924583597       0.25036727309605861       0.37498144234189457     
           8  0.14330901929958867       0.28500869641842969       0.42831771571801835     
           9  0.17507338622973789       0.35138418631613771       0.52645757254587555     
          10  0.20109493339746901       0.39996694740878735       0.60106188080625633     
          11  0.24682556193774738       0.49520853275450205       0.74203409469224946     
          12  0.29147933446625651       0.57922529561271086       0.87070463007896737     
          13  0.37967052090486841       0.76238065236291119        1.1420511732677796     
          14  0.51253677842003786        1.0147023386333300        1.5272391170533679     
          15  0.90824942237587336        1.8215247958481391        2.7297742182240126     
          16   1.0352090628803858        2.0979690294398949        3.1331780923202808     
          17  0.62986828859281352        1.2538871879683327        1.8837554765611462     
          18  0.43912118322115679       0.88041901274106460        1.3195401959622215     
          19  0.36264522839905550       0.72295556552196771        1.0856007939210233     
          20  0.31543897899273199       0.63114635266713071       0.94658533165986269     
          21  0.28236429559195597       0.56387123891479174       0.84623553450674771     
          22  0.25787030920326148       0.51539320267115318       0.77326351187441467     
          23  0.23844465677526783       0.47623223675115772       0.71467689352642561     
          24  0.22207090909854643       0.44359739611243137       0.66566830521097775     
          25  0.20854493899160415       0.41638519558254689       0.62493013457415103     
          26  0.19634240372973405       0.39208328360959821       0.58842568733933232     
          27  0.18568157267736676       0.37062111584564222       0.55630268852300901     
          28  0.17598456883874791       0.35137682880715704       0.52736139764590495     
          29  0.16705257073176649       0.33336884081925766       0.50042141155102415     
          30  0.15930906209693843       0.31804206491907056       0.47735112701600901     
          31  0.15229796799203835       0.30390099429694689       0.45619896228898527     
          32  0.14714560559284567       0.29355359662488212       0.44069920221772779     
          33  0.14440175825908461       0.28812244398241121       0.43252420224149579     
          34  0.14187364642181860       0.28300933249916016       0.42488297892097876     
          35  0.14075425702798780       0.28079986304757332       0.42155412007556115     
          36  0.14013057173050508       0.27953996425787669       0.41967053598838178     
