# generlized Kondo-Heisenberg model
# U/W=1.2 Jh/U=0.25 n=1/2 L=36 Delta/t=0.0
# Static structure factor S(q)
# q, Szz(q), Spm(q), S+-(q)+Szz(q)
           0  -2.6669206680341243E-006   3.1624517340865521E-005   2.8957596672831397E-005
           1   2.9599631637069270E-002   6.0077810617252564E-002   8.9677442254321837E-002
           2   3.1810685385726685E-002   6.4167574915431069E-002   9.5978260301157747E-002
           3   5.7948274489695459E-002  0.11624154591234272       0.17418982040203818     
           4   6.8011471881787730E-002  0.13644843979598539       0.20445991167777311     
           5   9.3354775197104792E-002  0.18693540495164554       0.28029018014875035     
           6  0.10510284213238789       0.21053475999850008       0.31563760213088798     
           7  0.13151718190656139       0.26312001508193644       0.39463719698849786     
           8  0.14428485941155847       0.28887042135639213       0.43315528076795062     
           9  0.17420513022267325       0.34844097067480395       0.52264610089747721     
          10  0.18836530955533501       0.37721170192919201       0.56557701148452699     
          11  0.22573040855154802       0.45174466930307422       0.67747507785462224     
          12  0.24229851427830135       0.48544496135795234       0.72774347563625374     
          13  0.29669149937649175       0.59407649392032902       0.89076799329682077     
          14  0.31862005342392269       0.63893939445132386       0.95755944787524649     
          15  0.42601748737750106       0.85412216641214911        1.2801396537896501     
          16  0.46942537611260293       0.94381636955504711        1.4132417456676500     
          17  0.94307993045879102        1.8821966235004874        2.8252765539592786     
          18   1.4476378286570182        2.8802169912770728        4.3278548199340907     
          19  0.81361761116286757        1.6245009640396810        2.4381185752025485     
          20  0.38327530886767358       0.77018122523649590        1.1534565341041696     
          21  0.33446664602411574       0.67017598802208800        1.0046426340462038     
          22  0.26672865930016904       0.53438514278002158       0.80111380208019067     
          23  0.25134204091499224       0.50306465918615040       0.75440670010114264     
          24  0.22835810700397216       0.45708857463339636       0.68544668163736855     
          25  0.22085944789003648       0.44186542549891583       0.66272487338895236     
          26  0.21015727323867212       0.42047750187976934       0.63063477511844146     
          27  0.20559817225241148       0.41123423779850998       0.61683241005092149     
          28  0.19970843387419235       0.39947491089078341       0.59918334476497570     
          29  0.19663795526694000       0.39328423683371144       0.58992219210065144     
          30  0.19314604352038975       0.38631933255543183       0.57946537607582160     
          31  0.19109627029403375       0.38220024118493684       0.57329651147897054     
          32  0.18912658909988728       0.37827520716789514       0.56740179626778242     
          33  0.18801965278149568       0.37605879780303247       0.56407845058452821     
          34  0.18724351906360673       0.37451884541750502       0.56176236448111172     
          35  0.18697717065404118       0.37398506505992396       0.56096223571396520     
          36  0.18691949022299054       0.37387629668820638       0.56079578691119691     
