# generlized Kondo-Heisenberg model
# U/W=2.2 Jh/U=0.25 n=1/2 L=36 Delta/t=0.0
# Static structure factor S(q)
# q, Szz(q), Spm(q), S+-(q)+Szz(q)
           0   4.3920449369340159E-004  0.55592523577268871       0.55636444026638210     
           1   1.4119126972654501E-002  0.63940393638860971       0.65352306336126420     
           2   4.8981877911214812E-002  0.89706194612798484       0.94604382403919962     
           3  0.10338487568898078        1.2862996107225528        1.3896844864115336     
           4  0.22018514534006139        1.7172527326150326        1.9374378779550940     
           5  0.45055919198791622        1.8739760205228706        2.3245352125107868     
           6  0.63048736865051369        1.4910922358832763        2.1215796045337898     
           7  0.56140790529798390        1.0828699006858695        1.6442778059838534     
           8  0.50052947707170681       0.99042559177208966        1.4909550688437965     
           9  0.48319727452257971       0.80042583476349216        1.2836231092860719     
          10  0.39600771695090814       0.63047204212298391        1.0264797590738921     
          11  0.34862610163559826       0.55751283618365033       0.90613893781924859     
          12  0.31577217644737593       0.48499365977749109       0.80076583622486708     
          13  0.29315915158064176       0.45740002231965893       0.75055917390030069     
          14  0.27679769364672763       0.42674983507123104       0.70354752871795867     
          15  0.26386448842907961       0.41402540892792600       0.67788989735700556     
          16  0.25331077454345019       0.39422494949077969       0.64753572403422988     
          17  0.24400233006381922       0.38364500467568424       0.62764733473950352     
          18  0.23727003217907999       0.37110095778029228       0.60837098995937233     
          19  0.23146451929324971       0.36396354813132509       0.59542806742457477     
          20  0.22739275397546910       0.35648402861682127       0.58387678259229037     
          21  0.22377218814581387       0.35267303773890796       0.57644522588472180     
          22  0.22104140736447306       0.34854815029554725       0.56958955766002028     
          23  0.21857703627370442       0.34683300704393716       0.56541004331764155     
          24  0.21667891571218129       0.34496460556598330       0.56164352127816453     
          25  0.21515366171362479       0.34518373667233448       0.56033739838595931     
          26  0.21370696519495525       0.34469631969652148       0.55840328489147673     
          27  0.21278470790553472       0.34558598006056840       0.55837068796610312     
          28  0.21080966050119448       0.34532002986090521       0.55612969036209969     
          29  0.20956210084639859       0.34392907372825721       0.55349117457465580     
          30  0.20776595763918423       0.34367272946950228       0.55143868710868649     
          31  0.20602166561243043       0.34156471206450922       0.54758637767693963     
          32  0.20510847983462602       0.34024969607113092       0.54535817590575697     
          33  0.20451297811787983       0.33971594254149845       0.54422892065937822     
          34  0.20405627287706271       0.33928523987612452       0.54334151275318721     
          35  0.20380141724338491       0.33900673888362964       0.54280815612701461     
          36  0.20369688648848924       0.33891396815048885       0.54261085463897807     
