# generlized Kondo-Heisenberg model
# U/W=2.0 Jh/U=0.25 n=1/2 L=36 Delta/t=2.0
# Static structure factor S(q)
# q, Szz(q), Spm(q), S+-(q)+Szz(q)
           0   1.4738452829722356E-003   1.8345419615759449E-002   1.9819264898731682E-002
           1   3.1877550795717274E-002   4.4158072236825538E-002   7.6035623032542812E-002
           2   3.0278878549664510E-002   7.4611465805804883E-002  0.10489034435546940     
           3   6.5375665657838006E-002  0.11502643685981472       0.18040210251765271     
           4   6.8325525082796656E-002  0.15176880376080995       0.22009432884360661     
           5  0.10727401768220987       0.20048060518370447       0.30775462286591437     
           6  0.11625602331855249       0.24921009300540653       0.36546611632395903     
           7  0.16326324477287224       0.31274561918191257       0.47600886395478481     
           8  0.18105403729112593       0.38335147139288733       0.56440550868401329     
           9  0.24687151031983459       0.47885204124711439       0.72572355156694901     
          10  0.28491997675995218       0.60228406559861569       0.88720404235856787     
          11  0.41199281255352549       0.79874566881198072        1.2107384813655062     
          12  0.55703221471693332        1.2140593213251487        1.7710915360420820     
          13   1.0969535405404101        2.1335885211504086        3.2305420616908185     
          14   1.2058713087556034        2.1617108170664823        3.3675821258220857     
          15  0.60262797201526530        1.2503295255267139        1.8529574975419791     
          16  0.44854072287629471       0.86875127959523202        1.3172920024715267     
          17  0.34385438747845665       0.70664124177756205        1.0504956292560186     
          18  0.30873793236940217       0.60643383798524420       0.91517177035464636     
          19  0.26372975915242841       0.53832550314615801       0.80205526229858637     
          20  0.24786502826385678       0.49178035539253112       0.73964538365638788     
          21  0.22304724974080772       0.45283559681269103       0.67588284655349873     
          22  0.21237749901202269       0.42581838632407293       0.63819588533609561     
          23  0.19759804105165774       0.40045690682619878       0.59805494787785651     
          24  0.18898160629500965       0.38187274524232706       0.57085435153733677     
          25  0.18002589188656859       0.36489630651429450       0.54492219840086309     
          26  0.17298538346275216       0.35166362102905718       0.52464900449180929     
          27  0.16894426268849508       0.34212260132277783       0.51106686401127288     
          28  0.16361014072273461       0.33497713003700125       0.49858727075973586     
          29  0.16392129072872133       0.33315231051142508       0.49707360124014643     
          30  0.16184938282521488       0.33120298826705208       0.49305237109226696     
          31  0.16275522810954832       0.33144699341129191       0.49420222152084026     
          32  0.16216821441238585       0.33127185863253783       0.49344007304492365     
          33  0.16284407720004698       0.33198404002946463       0.49482811722951159     
          34  0.16289206063650583       0.33225777712166926       0.49514983775817512     
          35  0.16312093779678125       0.33276635011715650       0.49588728791393777     
          36  0.16318916435779074       0.33271122655546964       0.49590039091326038     
