# generlized Kondo-Heisenberg model
# U/W=1.6 Jh/U=0.25 n=1/2 L=36 Delta/t=0.0
# Static structure factor S(q)
# q, Szz(q), Spm(q), S+-(q)+Szz(q)
           0   5.9143697446921613E-005   5.3111329367129603E-003   5.3702766341598819E-003
           1   2.9930844987420501E-002   5.4542739086687664E-002   8.4473584074108168E-002
           2   2.8603974317232075E-002   6.0969118879484398E-002   8.9573093196716469E-002
           3   5.5955412839267346E-002  0.11098777609200551       0.16694318893127286     
           4   6.8498077329443491E-002  0.14031803280750921       0.20881611013695270     
           5   9.7285941075929097E-002  0.19483549685953988       0.29212143793546896     
           6  0.11488874706915553       0.23340109150377863       0.34828983857293416     
           7  0.14638692108404783       0.29338988497208568       0.43977680605613351     
           8  0.16641372503552207       0.33741286872494070       0.50382659376046279     
           9  0.20293112253427004       0.40692552179673158       0.60985664433100162     
          10  0.22552667252457545       0.45777834479446922       0.68330501731904469     
          11  0.27182644896094244       0.54557918820915796       0.81740563717010040     
          12  0.29828482886100621       0.60757642645260357       0.90586125531360984     
          13  0.36594649298801890       0.73418868301856832        1.1001351760065872     
          14  0.39835371809021403       0.81748613340848253        1.2158398514986966     
          15  0.52529454220998384        1.0485970029045344        1.5738915451145181     
          16  0.57221939496599050        1.1874420409448194        1.7596614359108100     
          17  0.93945935428499039        1.8607051568419657        2.8001645111269560     
          18   1.3554197484701425        2.5191216211099952        3.8745413695801378     
          19  0.76908338088734352        1.5091818021498584        2.2782651830372020     
          20  0.38744110593186520       0.80106650581494454        1.1885076117468096     
          21  0.32947529120931912       0.65571599035674499       0.98519128156606417     
          22  0.25124966166108315       0.51082315926703437       0.76207282092811757     
          23  0.23372600401018034       0.46796362135300429       0.70168962536318458     
          24  0.20795836625386419       0.41983096853100221       0.62778933478486643     
          25  0.20027701702444423       0.40181451502310955       0.60209153204755372     
          26  0.18880015038628753       0.38022575754855614       0.56902590793484364     
          27  0.18454299396103244       0.37056700168780199       0.55510999564883445     
          28  0.17840825225553630       0.35898115265666847       0.53738940491220477     
          29  0.17581003145237259       0.35323892695632231       0.52904895840869492     
          30  0.17229232489923801       0.34658680974360079       0.51887913464283875     
          31  0.17084182312036600       0.34338012402139095       0.51422194714175695     
          32  0.16894943301440810       0.33984297070893371       0.50879240372334178     
          33  0.16842106351045966       0.33861159644397110       0.50703265995443081     
          34  0.16768654502867250       0.33730090974759297       0.50498745477626550     
          35  0.16762981843110650       0.33713071458828303       0.50476053301938950     
          36  0.16760041325707073       0.33707252649796993       0.50467293975504068     
