# generlized Kondo-Heisenberg model
# U/W=2.0 Jh/U=0.25 n=1/2 L=36 Delta/t=0.0
# Static structure factor S(q)
# q, Szz(q), Spm(q), S+-(q)+Szz(q)
           0  -2.0915357479691418E-004   4.3350528250523393E-002   4.3141374675726478E-002
           1   1.3684491740369734E-002   7.4422602778471458E-002   8.8107094518841189E-002
           2   4.0458952809259915E-002   9.6779381355499364E-002  0.13723833416475928     
           3   6.2628035886657524E-002  0.15926048217657188       0.22188851806322940     
           4   9.1726596759753046E-002  0.20683307598134726       0.29855967274110029     
           5  0.12143546168951140       0.28506451130280969       0.40649997299232110     
           6  0.16500760594585703       0.36735825960396051       0.53236586554981757     
           7  0.21480214830653435       0.48515584013647106       0.69995798844300539     
           8  0.28740995385267815       0.66217037840677806       0.94958033225945626     
           9  0.49143088718413613        1.0098071433473090        1.5012380305314452     
          10   1.1457838393466948        1.7424331018286747        2.8882169411753695     
          11   1.3697699884666930        2.2772127703456158        3.6469827588123085     
          12  0.72523439658468802        1.5944601413435024        2.3196945379281906     
          13  0.41287094684408893        1.0086054724634894        1.4214764193075784     
          14  0.39226778735055040       0.89246196336339045        1.2847297507139408     
          15  0.30728053885994816       0.68993948533474381       0.99722002419469202     
          16  0.28409908366941583       0.65886736497838794       0.94296644864780377     
          17  0.25848894235184716       0.56272092192412548       0.82120986427597265     
          18  0.23842059221684653       0.55046355055307250       0.78888414276991903     
          19  0.22947552909775093       0.49326670826476732       0.72274223736251830     
          20  0.22131996161230089       0.48736013436497017       0.70868009597727100     
          21  0.21504257052952219       0.45282409208518631       0.66786666261470851     
          22  0.21404013458709420       0.45850274799629043       0.67254288258338457     
          23  0.20809246157712166       0.43868678996009475       0.64677925153721638     
          24  0.20907267590644688       0.43991004269735423       0.64898271860380108     
          25  0.21547525371440784       0.43733470885595555       0.65280996257036339     
          26  0.20046176945629771       0.38941018646243852       0.58987195591873620     
          27  0.18879383742481545       0.37554760309982160       0.56434144052463708     
          28  0.18589503529768742       0.36570916440911777       0.55160419970680519     
          29  0.18348513899566751       0.36304145636301621       0.54652659535868375     
          30  0.18246412445821567       0.35818560765670698       0.54064973211492262     
          31  0.18152967220158986       0.35699486344131620       0.53852453564290603     
          32  0.18110904078988577       0.35442474258758994       0.53553378337747570     
          33  0.18064769338514572       0.35338617627003938       0.53403386965518507     
          34  0.18039050198566994       0.35200502047573967       0.53239552246140964     
          35  0.18018760554149174       0.35122060512229802       0.53140821066378974     
          36  0.18012745591071447       0.35096421016405027       0.53109166607476477     
