# generlized Kondo-Heisenberg model
# U/W=1.8 Jh/U=0.25 n=1/2 L=36 Delta/t=0.0
# Static structure factor S(q)
# q, Szz(q), Spm(q), S+-(q)+Szz(q)
           0  -2.2121583192471518E-004   3.3230043335609624E-002   3.3008827503684911E-002
           1   1.7364694269122065E-002   4.2738807892607159E-002   6.0103502161729223E-002
           2   2.8440400486069668E-002   7.9604887125013846E-002  0.10804528761108351     
           3   6.1065456411903141E-002  0.11218471716877806       0.17325017358068120     
           4   7.5333110373235201E-002  0.15882148095672974       0.23415459132996494     
           5  0.10733769301822085       0.20068117114668094       0.30801886416490176     
           6  0.12975297587762055       0.25286455396153351       0.38261752983915409     
           7  0.16274083464930988       0.31271875690088802       0.47545959155019790     
           8  0.19690274090405863       0.38677654674535289       0.58367928764941146     
           9  0.24394896517134065       0.46945583870596336       0.71340480387730398     
          10  0.29545930913960911       0.58255628517215730       0.87801559431176646     
          11  0.37601471436703726       0.73930863384472201        1.1153233482117593     
          12  0.51618693883368916       0.97671329926782224        1.4929002381015115     
          13  0.84375405556770777        1.3822593197973136        2.2260133753650213     
          14  0.90559520369850688        1.7817090786911993        2.6873042823897064     
          15  0.66967710405190595        1.6012595559424654        2.2709366599943714     
          16  0.55872868186670288        1.2031949882317856        1.7619236700984886     
          17  0.45984385410044482        1.0921637129561159        1.5520075670565607     
          18  0.42720863406703757       0.98999483329549354        1.4172034673625311     
          19  0.37512614922765186       0.87991906519452989        1.2550452144221818     
          20  0.35955635965976945       0.76818045457434847        1.1277368142341180     
          21  0.32726675987482418       0.73442258637022784        1.0616893462450521     
          22  0.30986615506735321       0.63392127671033183       0.94378743177768509     
          23  0.26525625676804243       0.48477937711482660       0.75003563388286909     
          24  0.21324453036433857       0.41905309976867389       0.63229763013301243     
          25  0.20069352358323009       0.38812572490088337       0.58881924848411349     
          26  0.18902973059749512       0.37038674124127052       0.55941647183876564     
          27  0.18410556514695445       0.35718285836866864       0.54128842351562312     
          28  0.17964046367775957       0.34950880380940658       0.52914926748716617     
          29  0.17805138003300489       0.34454339525823563       0.52259477529124054     
          30  0.17602904583627751       0.34176981249517918       0.51779885833145667     
          31  0.17571441896789580       0.33963799283653157       0.51535241180442737     
          32  0.17433653370575641       0.33831004093576972       0.51264657464152608     
          33  0.17403618399322360       0.33657277141173669       0.51060895540496032     
          34  0.17335868497315235       0.33544565610060256       0.50880434107375494     
          35  0.17308437475098670       0.33469246041371375       0.50777683516470051     
          36  0.17304618548067927       0.33443977094882443       0.50748595642950367     
