# generlized Kondo-Heisenberg model
# U/W=2.4 Jh/U=0.25 n=1/2 L=36 Delta/t=2.0
# Static structure factor S(q)
# q, Szz(q), Spm(q), S+-(q)+Szz(q)
           0   3.9347127950168873E-003   1.4007961131911269E-002   1.7942673926928158E-002
           1   3.1953476238910247E-002   5.1484650245727674E-002   8.3438126484637914E-002
           2   3.4080035188344557E-002   7.3665839466180244E-002  0.10774587465452480     
           3   7.1070973229315881E-002  0.13137750191582698       0.20244847514514286     
           4   7.9674873141766342E-002  0.16592559191785058       0.24560046505961691     
           5  0.12624347495622429       0.24177670308092006       0.36802017803714437     
           6  0.14528404883860899       0.29892722337260569       0.44421127221121470     
           7  0.21195024195288625       0.41191344746981795       0.62386368942270420     
           8  0.25290568722442625       0.51887583852595787       0.77178152575038417     
           9  0.37964879342941754       0.74102089364123169        1.1206696870706492     
          10  0.52900220811432330        1.0967215492692999        1.6257237573836232     
          11   1.1146317935960390        2.1481640930543260        3.2627958866503652     
          12   1.3055193833370691        2.4833613778680559        3.7888807612051250     
          13  0.69516376731731044        1.4337217846846502        2.1288855520019605     
          14  0.46635185433537374       0.92515812526284225        1.3915099795982160     
          15  0.36056168022254315       0.73678410465302113        1.0973457848755643     
          16  0.30422896143280004       0.60691417794871971       0.91114313938151970     
          17  0.26312751458831474       0.53661062203151488       0.79973813661982962     
          18  0.23976446818371980       0.47904559626031407       0.71881006444403384     
          19  0.21791368778510709       0.44348798629007435       0.66140167407518147     
          20  0.20754430360032411       0.41514152174056851       0.62268582534089267     
          21  0.19328412617725360       0.39220520135327441       0.58548932753052796     
          22  0.18831280616490234       0.37760610047666998       0.56591890664157229     
          23  0.17933368841666686       0.36264150226432190       0.54197519068098876     
          24  0.17691690660340231       0.35652383460401094       0.53344074120741325     
          25  0.17405104664695861       0.35109153790847658       0.52514258455543517     
          26  0.17371190883234089       0.35063560753705292       0.52434751636939381     
          27  0.17324737009093177       0.34910305382584228       0.52235042391677400     
          28  0.17350398061333061       0.35013361136681209       0.52363759198014270     
          29  0.17374073988287417       0.35000613241924072       0.52374687230211492     
          30  0.17396400155320407       0.35083553098804054       0.52479953254124467     
          31  0.17426980174362386       0.35113933117420626       0.52540913291783009     
          32  0.17457348156767896       0.35183851370117247       0.52641199526885141     
          33  0.17472627979248986       0.35213225147387561       0.52685853126636550     
          34  0.17501641942822277       0.35261019813005723       0.52762661755828000     
          35  0.17499387266705577       0.35271140384529887       0.52770527651235466     
          36  0.17517928835315263       0.35289596465895379       0.52807525301210645     
