# generlized Kondo-Heisenberg model
# U/W=1.4 Jh/U=0.25 n=1/2 L=36 Delta/t=0.0
# Static structure factor S(q)
# q, Szz(q), Spm(q), S+-(q)+Szz(q)
           0  -4.3771910835307959E-006   3.7078800255434252E-005   3.2701609171903456E-005
           1   2.9585725215131895E-002   6.0199524994342474E-002   8.9785250209474365E-002
           2   3.1823952210857195E-002   6.4165452265348727E-002   9.5989404476205922E-002
           3   5.8574878564928406E-002  0.11743243628715387       0.17600731485208226     
           4   7.0789425338727910E-002  0.14184802366632945       0.21263744900505738     
           5   9.7673669905413221E-002  0.19544384109574434       0.29311751100115757     
           6  0.11250118771130732       0.22513444323473411       0.33763563094604143     
           7  0.14098159397896334       0.28199505698479366       0.42297665096375703     
           8  0.15737731369937438       0.31485971821978609       0.47223703191916044     
           9  0.18992386425775520       0.37981993077813297       0.56974379503588812     
          10  0.20824804993111298       0.41668896641358560       0.62493701634469856     
          11  0.24887871049877597       0.49793527366519791       0.74681398416397382     
          12  0.27011128449685690       0.54065089021775070       0.81076217471460765     
          13  0.32856180810970032       0.65785357262138966       0.98641538073109003     
          14  0.35538200911407303       0.71237632594348410        1.0677583350575572     
          15  0.46769840561498316       0.93853588596403581        1.4062342915790189     
          16  0.51440061579643737        1.0334419637263534        1.5478425795227908     
          17  0.95693427221818128        1.9107459205185777        2.8676801927367590     
          18   1.4254283637182210        2.8413752532244030        4.2668036169426244     
          19  0.80183601946890859        1.6019368121637481        2.4037728316326565     
          20  0.38059532979101030       0.76421800985124255        1.1448133396422528     
          21  0.32796799880521593       0.65734002454416252       0.98530802334937850     
          22  0.25720104950530137       0.51499502867883140       0.77219607818413283     
          23  0.24075796185213849       0.48171049764589646       0.72246845949803495     
          24  0.21665646951243722       0.43338482888252089       0.65004129839495817     
          25  0.20877814203729755       0.41752178805561718       0.62629993009291474     
          26  0.19748063275581154       0.39491058175229088       0.59239121450810239     
          27  0.19277135063647410       0.38542749012113486       0.57819884075760897     
          28  0.18649797451295788       0.37288282057182037       0.55938079508477823     
          29  0.18341680581063030       0.36669762621880964       0.55011443202943999     
          30  0.17968287257684581       0.35923402146036704       0.53891689403721288     
          31  0.17774016056066133       0.35533939276446014       0.53307955332512147     
          32  0.17563659109468852       0.35113800739188272       0.52677459848657127     
          33  0.17470434366316548       0.34927433310439704       0.52397867676756249     
          34  0.17385396488908197       0.34758366149679665       0.52143762638587865     
          35  0.17367743042496636       0.34723536872954314       0.52091279915450950     
          36  0.17359648712746839       0.34707647971896849       0.52067296684643694     
