# generlized Kondo-Heisenberg model
# U/W=1.9 Jh/U=0.25 n=1/2 L=36 Delta/t=2.0
# Static structure factor S(q)
# q, Szz(q), Spm(q), S+-(q)+Szz(q)
           0   5.7661058173715208E-003   9.2743787030144971E-003   1.5040484520386019E-002
           1   2.5683430280909636E-002   5.5222494646929313E-002   8.0905924927838949E-002
           2   3.3847438463859493E-002   6.5769196288446130E-002   9.9616634752305616E-002
           3   5.9739753893262998E-002  0.12261871251518022       0.18235846640844322     
           4   7.1139885333139100E-002  0.14023469799109145       0.21137458332423054     
           5  0.10047410765106274       0.20378032874176291       0.30425443639282568     
           6  0.11664811620955606       0.23113734347465986       0.34778545968421593     
           7  0.15265705844559999       0.30812765614692522       0.46078471459252524     
           8  0.17676644466588451       0.35092315966353660       0.52768960432942114     
           9  0.22764301180427771       0.45844046115472048       0.68608347295899819     
          10  0.26928323506843110       0.53474824630531581       0.80403148137374691     
          11  0.36419591321823402       0.73361128263286690        1.0978071958511009     
          12  0.47855116059320596       0.94840279847221720        1.4269539590654232     
          13  0.89472060766819494        1.8063813754201070        2.7011019830883018     
          14   1.1845264810286382        2.4086022702293830        3.5931287512580212     
          15  0.76144661996524543        1.5085835227255775        2.2700301426908229     
          16  0.46607860285181868       0.93207212147939567        1.3981507243312143     
          17  0.37901575909273227       0.75397089134142958        1.1329866504341619     
          18  0.31334115089838266       0.62624995651635418       0.93959110741473684     
          19  0.28000967025403289       0.55757368636937954       0.83758335662341243     
          20  0.25130448042654641       0.50204192173794970       0.75334640216449611     
          21  0.23227059886469659       0.46293365977351231       0.69520425863820889     
          22  0.21675262512279439       0.43271487891625249       0.64946750403904685     
          23  0.20357316201629924       0.40593043796385969       0.60950359998015891     
          24  0.19369553098930975       0.38645829656435610       0.58015382755366585     
          25  0.18398738998675440       0.36693169368850231       0.55091908367525666     
          26  0.17696836999226295       0.35290518373004820       0.52987355372231115     
          27  0.17028496956225597       0.33961573508013709       0.50990070464239312     
          28  0.16572907763916517       0.33021319540593091       0.49594227304509608     
          29  0.16334166507910663       0.32571758953195973       0.48905925461106636     
          30  0.16218758376371450       0.32321028762748510       0.48539787139119961     
          31  0.16155621794320132       0.32216946525071971       0.48372568319392106     
          32  0.16155489588970501       0.32209106623420797       0.48364596212391298     
          33  0.16155233611926054       0.32217470721568719       0.48372704333494776     
          34  0.16180835653869527       0.32271064223604168       0.48451899877473692     
          35  0.16190406377119718       0.32288524400965252       0.48478930778084972     
          36  0.16197969446506305       0.32309298396946168       0.48507267843452473     
