# generlized Kondo-Heisenberg model
# U/W=2.6 Jh/U=0.25 n=1/2 L=36 Delta/t=0.0
# Static structure factor S(q)
# q, Szz(q), Spm(q), S+-(q)+Szz(q)
           0  -5.8524114307885108E-006   11.832813477398046        11.832807624986616     
           1   3.7016534075539252E-002   5.6705597966843069        5.7075763307598457     
           2  0.11234003322408263       0.75664812905192369       0.86898816227600628     
           3  0.18287407005831627       0.80811864088468188       0.99099271094299812     
           4  0.21299567310508441       0.34612420938623256       0.55911988249131694     
           5  0.22526925113034649       0.42315433830363419       0.64842358943398071     
           6  0.23441203310947117       0.27596952721081414       0.51038156032028525     
           7  0.23633330416052106       0.33113569147234867       0.56746899563286979     
           8  0.23915071145426298       0.25982647954558524       0.49897719099984822     
           9  0.23949679888555539       0.29788191055090352       0.53737870943645893     
          10  0.24060526676825722       0.25552541190188904       0.49613067867014626     
          11  0.24052212492248365       0.28455831508952428       0.52508044001200793     
          12  0.24107034489656479       0.25639952523585141       0.49746987013241617     
          13  0.24086241097727676       0.27894824155128106       0.51981065252855785     
          14  0.24118227760982641       0.25894590785808735       0.50012818546791382     
          15  0.24095410738121067       0.27715192457024085       0.51810603195145155     
          16  0.24116188557665530       0.26221214367276074       0.50337402924941599     
          17  0.24093861614944587       0.27750058395672311       0.51843920010616895     
          18  0.24107160872132899       0.26589784062175215       0.50696944934308119     
          19  0.24085717830747236       0.27913959405355837       0.51999677236103070     
          20  0.24093745898688446       0.26980297788209329       0.51074043686897774     
          21  0.24072968132297898       0.28162846368742678       0.52235814501040578     
          22  0.24077195088843095       0.27388595479554623       0.51465790568397718     
          23  0.24056892459906640       0.28469291227640509       0.52526183687547146     
          24  0.24058121156977894       0.27812047569083947       0.51870168726061838     
          25  0.24038095740344823       0.28816848109893273       0.52854943850238101     
          26  0.24036959691366303       0.28247559854730453       0.52284519546096753     
          27  0.24016984348253551       0.29195855917679053       0.53212840265932604     
          28  0.24014146691317412       0.28694068703739967       0.52708215395057378     
          29  0.23994215196784105       0.29601522063248187       0.53595737260032295     
          30  0.23990440811483502       0.29144637235997056       0.53135078047480555     
          31  0.23971575448497082       0.30026694419152616       0.53998269867649695     
          32  0.23967615279831106       0.29595861304705018       0.53563476584536129     
          33  0.23953847903709066       0.30467433304831870       0.54421281208540939     
          34  0.23952061693358231       0.30031215515131549       0.53983277208489777     
          35  0.23947860893431897       0.30914466485678288       0.54862327379110187     
          36  0.23951805180387331       0.30359973678091018       0.54311778858478355     
