# generlized Kondo-Heisenberg model
# U/W=2.6 Jh/U=0.25 n=1/2 L=36 Delta/t=2.0
# Static structure factor S(q)
# q, Szz(q), Spm(q), S+-(q)+Szz(q)
           0   1.9884502000609212E-002   4.0320179730396102E-002   6.0204681731005315E-002
           1   2.0596747098199995E-002   6.7116584310663085E-002   8.7713331408863088E-002
           2   5.3224655170909567E-002  0.10731480851085454       0.16053946368176411     
           3   6.6266313158390544E-002  0.15968377955496693       0.22595009271335748     
           4  0.10784504610045947       0.21769367934434525       0.32553872544480472     
           5  0.13450150862837967       0.29931093037085427       0.43381243899923394     
           6  0.19762869417006809       0.39676504829447018       0.59439374246453824     
           7  0.25730576339931094       0.55382848970613063       0.81113425310544152     
           8  0.38977154973264910       0.77484501775802150        1.1646165674906706     
           9  0.64310163697206990        1.3874076111961913        2.0305092481682614     
          10   1.3628355027438279        2.5965324459554351        3.9593679486992630     
          11   1.2468819203686101        2.3025239655161416        3.5494058858847515     
          12  0.56091838043664488        1.1877882993453435        1.7487066797819883     
          13  0.43716173506866407       0.86618788910326161        1.3033496241719256     
          14  0.31434746906243777       0.66698211634415761       0.98132958540659532     
          15  0.28360972676232743       0.57557807248609461       0.85918779924842203     
          16  0.23297333873889037       0.49674957519174429       0.72972291393063471     
          17  0.22182522887633008       0.45618105808527959       0.67800628696160969     
          18  0.19482001661597012       0.41687884392554986       0.61169886054152001     
          19  0.19230963545602622       0.39884826867033590       0.59115790412636215     
          20  0.17648603087029535       0.37791813041518724       0.55440416128548264     
          21  0.17922867858957930       0.37418056998705101       0.55340924857663032     
          22  0.17269936042843562       0.36791451275071901       0.54061387317915466     
          23  0.17553154427710180       0.36963436981499131       0.54516591409209314     
          24  0.17377063033677342       0.36856272615159119       0.54233335648836456     
          25  0.17588882141162832       0.37135549580413302       0.54724431721576128     
          26  0.17558762500699879       0.37150188163862219       0.54708950664562095     
          27  0.17646782851856402       0.37291555281452227       0.54938338133308628     
          28  0.17650644224439613       0.37323710475276201       0.54974354699715811     
          29  0.17690361204312360       0.37385982905046256       0.55076344109358621     
          30  0.17692357743659562       0.37413148560218462       0.55105506303878027     
          31  0.17686232324677309       0.37383583036753043       0.55069815361430352     
          32  0.17679584261491915       0.37403748191883501       0.55083332453375422     
          33  0.17683894290180502       0.37376447926778239       0.55060342216958746     
          34  0.17670973773471663       0.37398031042423507       0.55069004815895173     
          35  0.17684404261694764       0.37375776528264193       0.55060180789958957     
          36  0.17667971789708023       0.37395396639956030       0.55063368429664050     
