# generlized Kondo-Heisenberg model
# U/W=1.0 Jh/U=0.25 n=1/2 L=36 Delta/t=0.0
# Static structure factor S(q)
# q, Szz(q), Spm(q), S+-(q)+Szz(q)
           0  -9.1191480907411998E-007   1.1218272745494931E-005   1.0306357936420811E-005
           1   2.9736189188199636E-002   5.9877320436210975E-002   8.9613509624410614E-002
           2   2.8792991799300106E-002   5.7822674062886596E-002   8.6615665862186705E-002
           3   5.4238770488627845E-002  0.10862417298146529       0.16286294347009314     
           4   5.9989953142554620E-002  0.12018031647507467       0.18017026961762928     
           5   8.3918041050901546E-002  0.16795141100900901       0.25186945205991057     
           6   9.1085165897748677E-002  0.18234375999046248       0.27342892588821116     
           7  0.11568865250267998       0.23141664117693095       0.34710529367961096     
           8  0.12359215850893779       0.24734174147456006       0.37093389998349785     
           9  0.15130205786684867       0.30260742400865781       0.45390948187550650     
          10  0.16015817966555884       0.32054951709095203       0.48070769675651087     
          11  0.19489209189212681       0.38988633951491952       0.58477843140704633     
          12  0.20555951240723011       0.41152442428550401       0.61708393669273409     
          13  0.25672932835639095       0.51371793418951728       0.77044726254590823     
          14  0.27217001869699303       0.54508661131424574       0.81725663001123872     
          15  0.37456498898820495       0.74993636374947126        1.1245013527376762     
          16  0.41187092425886002       0.82628420170020955        1.2381551259590695     
          17  0.85815929114149136        1.7144289866632894        2.5725882778047806     
          18   1.3496396538796021        2.6911509327408583        4.0407905866204601     
          19  0.76707768106579344        1.5327571876852801        2.2998348687510735     
          20  0.38980117718478141       0.78169343637157873        1.1714946135563602     
          21  0.34525254668355920       0.69116279065813158        1.0364153373416909     
          22  0.28474968520523214       0.57003524782371529       0.85478493302894742     
          23  0.27170641607025664       0.54366032183454327       0.81536673790479997     
          24  0.25250682760801169       0.50527167548916951       0.75777850309718120     
          25  0.24708613066442423       0.49429754247524271       0.74138367313966691     
          26  0.23942019726759570       0.47897145148885184       0.71839164875644757     
          27  0.23677864371231785       0.47360936851105934       0.71038801222337722     
          28  0.23351634369785573       0.46709033248733028       0.70060667618518602     
          29  0.23210680195255987       0.46423554930546806       0.69634235125802790     
          30  0.23083430965992291       0.46170109804757936       0.69253540770750233     
          31  0.23006287454452534       0.46014244010011218       0.69020531464463752     
          32  0.22983320644167218       0.45969640232788728       0.68952960876955949     
          33  0.22948398643874848       0.45899608916268470       0.68848007560143321     
          34  0.22989117145688254       0.45982292706070305       0.68971409851758558     
          35  0.22979696904004268       0.45962585671535289       0.68942282575539560     
          36  0.23034088165273311       0.46072276161880610       0.69106364327153924     
