# generlized Kondo-Heisenberg model
# U/W=1.4 Jh/U=0.25 n=1/2 L=36 Delta/t=2.0
# Static structure factor S(q)
# q, Szz(q), Spm(q), S+-(q)+Szz(q)
           0  -5.5231066726189881E-008  -1.1011801456795034E-008  -6.6242868182984915E-008
           1   3.3127218549446578E-003   6.6255395425428134E-003   9.9382613974874703E-003
           2   9.4290801107204617E-003   1.8858261911575684E-002   2.8287342022296144E-002
           3   1.6374433720608643E-002   3.2748972700229195E-002   4.9123406420837838E-002
           4   2.4392774905029068E-002   4.8785662530584792E-002   7.3178437435613863E-002
           5   3.3332883127080264E-002   6.6665894756471278E-002   9.9998777883551548E-002
           6   4.3125548850488866E-002   8.6251215459594743E-002  0.12937676431008360     
           7   5.3720967147329601E-002  0.10744200618963841       0.16116297333696800     
           8   6.5008392577033905E-002  0.13001681889776112       0.19502521147479501     
           9   7.6994792909778301E-002  0.15398960382594973       0.23098439673572801     
          10   8.9562041317087504E-002  0.17912411421094368       0.26868615552803121     
          11  0.10275251291186480       0.20550506800704885       0.30825758091891364     
          12  0.11641721533010294       0.23283446159648583       0.34925167692658876     
          13  0.13058434571366520       0.26116867640535713       0.39175302211902230     
          14  0.14501899312108352       0.29003789940196362       0.43505689252304713     
          15  0.15967596195184350       0.31935178796170743       0.47902774991355090     
          16  0.17421976156137553       0.34843939453154005       0.52265915609291558     
          17  0.18856087322597695       0.37712165679460352       0.56568253002058044     
          18  0.20242380197271256       0.40484753993932893       0.60727134191204146     
          19  0.21584813412374979       0.43169616047512394       0.64754429459887375     
          20  0.22882500864437708       0.45764982379506958       0.68647483243944663     
          21  0.24159875028675562       0.48319723427547395       0.72479598456222960     
          22  0.25435915809282894       0.50871806621734084       0.76307722431016978     
          23  0.26745372369131665       0.53490728764859274       0.80236101133990934     
          24  0.28110137017616299       0.56220266998003343       0.84330404015619642     
          25  0.29569245067731426       0.59138483864087599       0.88707728931819019     
          26  0.31143156331321775       0.62286298858460265       0.93429455189782040     
          27  0.32881334060818740       0.65762641530680122       0.98643975591498867     
          28  0.34809424214362850       0.69618810101621742        1.0442823431598458     
          29  0.37005681962450598       0.74011320986743445        1.1101700294919405     
          30  0.39518561795472179       0.79037084251167145        1.1855564604663933     
          31  0.42501550625607826       0.85003073428601350        1.2750462405420917     
          32  0.46081517112364445       0.92163025178683611        1.3824454229104806     
          33  0.50650688809371758        1.0130139329056198        1.5195208209993374     
          34  0.56719886115388063        1.1343979203936720        1.7015967815475528     
          35  0.65892203006744465        1.3178433941533421        1.9767654242207868     
          36  0.71721712251920233        1.4344327729670170        2.1516498954862193     
