# generlized Kondo-Heisenberg model
# U/W=1.9 Jh/U=0.25 n=1/2 L=36 Delta/t=0.0
# Static structure factor S(q)
# q, Szz(q), Spm(q), S+-(q)+Szz(q)
           0   8.0861826127799630E-005   3.1882574297064661E-002   3.1963436123192461E-002
           1   3.8112719022545212E-002   4.3626003470267703E-002   8.1738722492812915E-002
           2   3.0156613778425555E-002   8.2596711944998458E-002  0.11275332572342402     
           3   6.9784441178133330E-002  0.12616256389289371       0.19594700507102703     
           4   7.6014609146396059E-002  0.17980070090167449       0.25581531004807057     
           5  0.11699216683103511       0.23411449946108359       0.35110666629211873     
           6  0.13317987771226453       0.30113643533060075       0.43431631304286528     
           7  0.18009557673759077       0.37867969706124899       0.55877527379883973     
           8  0.21465778306313946       0.47685194709527562       0.69150973015841510     
           9  0.28747000447087562       0.61334781955278284       0.90081782402365840     
          10  0.39875283689269136       0.85267159189875552        1.2514244287914469     
          11  0.56291782537659096        1.3551761323796914        1.9180939577562823     
          12  0.91439495937908255        1.9512698303210827        2.8656647897001655     
          13   1.1885478990928586        1.8002594621796570        2.9888073612725155     
          14  0.65159338038939052        1.2037531829285562        1.8553465633179467     
          15  0.44796200551542681       0.95928144391816705        1.4072434494335939     
          16  0.51538608128025454       0.82142661149316687        1.3368126927734214     
          17  0.30576379116790675       0.71767082996176346        1.0234346211296703     
          18  0.41692184008938332       0.66364715750536252        1.0805689975947459     
          19  0.27466838354738521       0.60778100508546751       0.88244938863285272     
          20  0.32656483078801413       0.57179024290426594       0.89835507369228007     
          21  0.27584692810789707       0.54362010928784388       0.81946703739574089     
          22  0.25809349203900056       0.51417779827210064       0.77227129031110120     
          23  0.29117869777841865       0.50798066832413913       0.79915936610255778     
          24  0.21191488530638541       0.45948902009828430       0.67140390540466965     
          25  0.19476377099672967       0.40272543549023176       0.59748920648696147     
          26  0.18299189869835678       0.38130974691564318       0.56430164561399998     
          27  0.18130463731089916       0.36930711735741206       0.55061175466831125     
          28  0.17532472771539942       0.36344624284246346       0.53877097055786294     
          29  0.17573898881158381       0.35855017788449839       0.53428916669608217     
          30  0.17278297903451459       0.35638506245704560       0.52916804149156016     
          31  0.17304981046554219       0.35409217208145582       0.52714198254699807     
          32  0.17144076699446945       0.35257672079082530       0.52401748778529478     
          33  0.17138885132144410       0.35115178542535314       0.52254063674679729     
          34  0.17060938114827354       0.35002700695825734       0.52063638810653090     
          35  0.17039069320022143       0.34925291354576665       0.51964360674598808     
          36  0.17031163312916314       0.34896507710567853       0.51927671023484168     
