# generlized Kondo-Heisenberg model
# U/W=2.1 Jh/U=0.25 n=1/2 L=36 Delta/t=2.0
# Static structure factor S(q)
# q, Szz(q), Spm(q), S+-(q)+Szz(q)
           0   9.7561911979810387E-003   3.0879777438712157E-002   4.0635968636693193E-002
           1   1.7626062376474853E-002   3.6550935785764897E-002   5.4176998162239753E-002
           2   4.0298648516873238E-002   9.4101708040566667E-002  0.13440035655743990     
           3   5.5254755336634723E-002  0.11133156432331792       0.16658631965995263     
           4   8.0551887086885224E-002  0.17401040189368119       0.25456228898056643     
           5  0.10045771773419233       0.20157746829100825       0.30203518602520057     
           6  0.13337946471569603       0.28009445489705032       0.41347391961274638     
           7  0.16186778462841850       0.32372457164108170       0.48559235626950020     
           8  0.20954324648413908       0.43354768813463279       0.64309093461877187     
           9  0.25636474670617576       0.51055873717822642       0.76692348388440212     
          10  0.34389483694524176       0.70701810643247243        1.0509129433777142     
          11  0.46468322583351884       0.91967930440618662        1.3843625302397053     
          12  0.84005126322585877        1.7292725257742421        2.5693237890001006     
          13   1.2072483929687357        2.4898336834047039        3.6970820763734396     
          14  0.87477163835203320        1.7097670727886101        2.5845387111406435     
          15  0.50117339935077831        1.0064297958920165        1.5076031952427948     
          16  0.40129940675947384       0.79720938727952761        1.1985087940390016     
          17  0.32153563031569277       0.64776618183575629       0.96930181215144906     
          18  0.28914803714584525       0.57694094858240863       0.86608898572825388     
          19  0.25404307548337907       0.51313897206971404       0.76718204755309305     
          20  0.23647192036264239       0.47417892742228707       0.71065084778492948     
          21  0.21765785092418807       0.44018202260708511       0.65783987353127316     
          22  0.20549557622840064       0.41384096694398098       0.61933654317238163     
          23  0.19453571206208281       0.39368210641025125       0.58821781847233412     
          24  0.18541044323897071       0.37464061216658245       0.56005105540555311     
          25  0.17893742756850839       0.36231450456866315       0.54125193213717160     
          26  0.17365771306254593       0.35186477551492973       0.52552248857747563     
          27  0.17104074934124744       0.34595087759911280       0.51699162694036027     
          28  0.16867815700082278       0.34232714598145886       0.51100530298228164     
          29  0.16864628114305474       0.34161526421653049       0.51026154535958523     
          30  0.16794928887458455       0.34093375883924837       0.50888304771383286     
          31  0.16842635926426802       0.34152781931759624       0.50995417858186420     
          32  0.16839881351816977       0.34183753926169597       0.51023635277986568     
          33  0.16882359750875084       0.34256764436585685       0.51139124187460772     
          34  0.16900110724714532       0.34303775697959371       0.51203886422673905     
          35  0.16918236404223089       0.34340211832871981       0.51258448237095067     
          36  0.16925117644802357       0.34353981317853488       0.51279098962655845     
