# generlized Kondo-Heisenberg model
# U/W=2.8 Jh/U=0.25 n=1/2 L=36 Delta/t=2.0
# Static structure factor S(q)
# q, Szz(q), Spm(q), S+-(q)+Szz(q)
           0   5.8741716675679428E-002   6.3304838018004336E-002  0.12204655469368376     
           1   1.6101843528099128E-002   8.3509569851970333E-002   9.9611413380069458E-002
           2   8.8769384785570060E-002  0.13590847954966467       0.22467786433523473     
           3   7.0298067111863233E-002  0.19470703405988890       0.26500510117175213     
           4  0.16384646426933028       0.28051275874314252       0.44435922301247277     
           5  0.15922085216981538       0.38308208858260329       0.54230294075241869     
           6  0.32631715248629484       0.56681065389017526       0.89312780637647005     
           7  0.36551888072606742       0.83912139721163614        1.2046402779377035     
           8   1.0421931939796441        1.7230791128561076        2.7652723068357519     
           9   1.7046399724893064        2.8415417713246414        4.5461817438139480     
          10  0.91293536698753985        2.0469896692131440        2.9599250362006839     
          11  0.45137679248336809        1.0087875366620751        1.4601643291454431     
          12  0.35025698245397896       0.81145970609473461        1.1617166885487136     
          13  0.26459985032171490       0.60429480069461516       0.86889465101633001     
          14  0.23066935702097130       0.55155450459130562       0.78222386161227697     
          15  0.19818653379234077       0.46209331717032687       0.66027985096266761     
          16  0.18207661900539837       0.44316419594209405       0.62524081494749240     
          17  0.16749374238425213       0.39691111072894703       0.56440485311319910     
          18  0.16091466351600578       0.39588262004294977       0.55679728355895552     
          19  0.15835406799990573       0.37654429678073548       0.53489836478064123     
          20  0.16020805444409472       0.38551999155855354       0.54572804600264824     
          21  0.16335408063176651       0.38048013179976026       0.54383421243152674     
          22  0.16616371162717036       0.39006884584665980       0.55623255747383016     
          23  0.17034321013244000       0.38919967351505708       0.55954288364749705     
          24  0.17112473882858387       0.39350885641390138       0.56463359524248524     
          25  0.17425007120019834       0.39337237237888845       0.56762244357908676     
          26  0.17379666254339712       0.39484477812644364       0.56864144066984079     
          27  0.17622309651745635       0.39470408435239557       0.57092718086985195     
          28  0.17485777415276219       0.39442056879744097       0.56927834295020319     
          29  0.17660108277041212       0.39381246889792793       0.57041355166834007     
          30  0.17497889054286941       0.39323537840360245       0.56821426894647187     
          31  0.17658076871443029       0.39261661224275751       0.56919738095718775     
          32  0.17471229672810551       0.39174513008642675       0.56645742681453226     
          33  0.17600117645784485       0.39121752014189431       0.56721869659973922     
          34  0.17446945625135205       0.39090238279940381       0.56537183905075583     
          35  0.17571055595885882       0.39058006944710644       0.56629062540596520     
          36  0.17438603485846277       0.39063160775694522       0.56501764261540799     
