# generlized Kondo-Heisenberg model
# U/W=2.2 Jh/U=0.25 n=1/2 L=36 Delta/t=2.0
# Static structure factor S(q)
# q, Szz(q), Spm(q), S+-(q)+Szz(q)
           0   1.0436084975698080E-002   1.7041214599677692E-002   2.7477299575375772E-002
           1   1.7192238725368521E-002   2.3908629500101801E-002   4.1100868225470322E-002
           2   4.1544028145731209E-002   8.0673812941625012E-002  0.12221784108735623     
           3   5.6087650662173673E-002  0.10115211904634278       0.15723976970851644     
           4   8.3406928329190166E-002  0.16383758729354511       0.24724451562273528     
           5  0.10428063921020306       0.19711289589386755       0.30139353510407063     
           6  0.14019193262607327       0.27745054835521366       0.41764248098128692     
           7  0.17220671722273623       0.33190921127441786       0.50411592849715414     
           8  0.22509270536786891       0.44768557559742206       0.67277828096529091     
           9  0.28289707486369620       0.55070143320525033       0.83359850806894653     
          10  0.38757585076922751       0.77550873805162845        1.1630845888208561     
          11  0.58742407509815964        1.1446136967421807        1.7320377718403404     
          12   1.0893194552417760        2.2042457201172234        3.2935651753589994     
          13   1.1533282943125354        2.3614700714578110        3.5147983657703463     
          14  0.66235931314690999        1.2972258331623014        1.9595851463092115     
          15  0.45233158759422276       0.90372873939811893        1.3560603269923417     
          16  0.35952586914948798       0.70458166996655913        1.0641075391160471     
          17  0.30618390641342308       0.60737288017144997       0.91355678658487305     
          18  0.26921230993098966       0.52651431461705722       0.79572662454804688     
          19  0.24571114729109844       0.48521627044548488       0.73092741773658332     
          20  0.22478458226537723       0.43920725411723888       0.66399183638261605     
          21  0.21221811945184033       0.41720344622743771       0.62942156567927809     
          22  0.19868153540292841       0.38788169810016282       0.58656323350309125     
          23  0.19079319103102815       0.37353119427583531       0.56432438530686346     
          24  0.18183646188440611       0.35467406909635002       0.53651053098075607     
          25  0.17705721546316044       0.34545453601719811       0.52251175148035855     
          26  0.17391867603958897       0.33929414679835590       0.51321282283794489     
          27  0.17176755931872847       0.33430312772980347       0.50607068704853198     
          28  0.17145619600084894       0.33437817073724574       0.50583436673809468     
          29  0.17076902021743393       0.33235859412699553       0.50312761434442943     
          30  0.17122531808244953       0.33379677392093737       0.50502209200338688     
          31  0.17114057104398364       0.33326688252061154       0.50440745356459515     
          32  0.17166026437330553       0.33458035459773888       0.50624061897104444     
          33  0.17175643860112402       0.33463529342033821       0.50639173202146226     
          34  0.17213391206287151       0.33547106880649613       0.50760498086936767     
          35  0.17216189285556543       0.33551136291995587       0.50767325577552125     
          36  0.17232791613920126       0.33584488159250786       0.50817279773170909     
