# generlized Kondo-Heisenberg model
# U/W=1.8 Jh/U=0.25 n=1/2 L=36 Delta/t=2.0
# Static structure factor S(q)
# q, Szz(q), Spm(q), S+-(q)+Szz(q)
           0   1.1720755561830259E-002   5.2959860317343434E-003   1.7016741593564602E-002
           1   1.8433428866739651E-002   3.1871275654446030E-002   5.0304704521185684E-002
           2   3.9015737270969027E-002   6.0714403835387717E-002   9.9730141106356751E-002
           3   5.2923893402540001E-002  0.10002469781136705       0.15294859121390705     
           4   7.4075002602180751E-002  0.13207553292545363       0.20615053552763438     
           5   9.1974757555432496E-002  0.17781935486238976       0.26979411241782225     
           6  0.11651766270520644       0.21734991072027363       0.33386757342548007     
           7  0.13969370458303604       0.27407606776948995       0.41376977235252599     
           8  0.17174566705496649       0.32713014792417261       0.49887581497913913     
           9  0.20442435139524595       0.40601953766652682       0.61044388906177272     
          10  0.25360619141115259       0.48892200408860259       0.74252819549975513     
          11  0.31300954886140209       0.62788898977628627       0.94089853863768835     
          12  0.41559799181922397       0.80895962781164032        1.2245576196308643     
          13  0.64804095370347081        1.3170639669941060        1.9651049206975768     
          14   1.1095232978264633        2.2091387894951500        3.3186620873216133     
          15   1.0086210370838713        1.9306028593675526        2.9392238964514239     
          16  0.53872219672225807        1.0838932973022197        1.6226154940244779     
          17  0.41825855507692533       0.81240458976975261        1.2306631448466780     
          18  0.33120485353622992       0.65623320373382843       0.98743805727005829     
          19  0.29688381153859739       0.57838128546821121       0.87526509700680855     
          20  0.26095698689457869       0.51206675221342823       0.77302373910800692     
          21  0.24246361620395337       0.47260532438316705       0.71506894058712045     
          22  0.22335922350374568       0.43601750336199963       0.65937672686574533     
          23  0.21032221560833561       0.40945690249139521       0.61977911809973085     
          24  0.19845669333527999       0.38627099115522723       0.58472768449050716     
          25  0.18825972921077966       0.36571730167864586       0.55397703088942551     
          26  0.17998586994413840       0.34937502812116350       0.52936089806530195     
          27  0.17187483797102279       0.33320903561188892       0.50508387358291174     
          28  0.16613210978309692       0.32153875429269368       0.48767086407579063     
          29  0.16099750518242176       0.31178880530137593       0.47278631048379771     
          30  0.15932832580536510       0.30789170664885868       0.46722003245422378     
          31  0.15707046791062246       0.30406570595517185       0.46113617386579431     
          32  0.15704806570036561       0.30355557271273487       0.46060363841310048     
          33  0.15631156009022085       0.30242684206391673       0.45873840215413758     
          34  0.15655628124148802       0.30276061524670494       0.45931689648819296     
          35  0.15639859375534232       0.30251927135943191       0.45891786511477423     
          36  0.15654006612467219       0.30279995875943916       0.45934002488411135     
