# generlized Kondo-Heisenberg model
# U/W=2.8 Jh/U=0.25 n=1/2 L=36 Delta/t=0.0
# Static structure factor S(q)
# q, Szz(q), Spm(q), S+-(q)+Szz(q)
           0  -1.5823852032659583E-006   11.664176048384833        11.664174465999631     
           1   3.7009052858554534E-002   5.6915288225961946        5.7285378754547489     
           2  0.11756965897686426       0.86661028707657906       0.98417994605344328     
           3  0.18221923056128689       0.78341570853425890       0.96563493909554576     
           4  0.21600229570401563       0.32762823675955055       0.54363053246356619     
           5  0.23030287653057543       0.41497309142501165       0.64527596795558706     
           6  0.23523698959908157       0.26499025980078711       0.50022724939986873     
           7  0.23808755756894903       0.33248905530734235       0.57057661287629136     
           8  0.23916183248865883       0.25860111673185399       0.49776294922051278     
           9  0.24002651631863417       0.29848531935105549       0.53851183566968963     
          10  0.24036765943323013       0.25478649478316417       0.49515415421639430     
          11  0.24072854423610884       0.28524204996443819       0.52597059420054704     
          12  0.24078639205274574       0.25623842602156288       0.49702481807430865     
          13  0.24092053115751955       0.27943319199449901       0.52035372315201855     
          14  0.24088434693369079       0.25880793731031726       0.49969228424400802     
          15  0.24092771422453402       0.27754939688325114       0.51847711110778516     
          16  0.24085522768693005       0.26206388638634459       0.50291911407327461     
          17  0.24085285836910156       0.27792310544567722       0.51877596381477875     
          18  0.24076142099644457       0.26586719684297966       0.50662861783942426     
          19  0.24073210676364906       0.27953717286494106       0.52026927962859015     
          20  0.24062955114696025       0.26982199827596137       0.51045154942292159     
          21  0.24057989980896149       0.28200526031973100       0.52258516012869249     
          22  0.24046904532418659       0.27395977531078725       0.51442882063497386     
          23  0.24040444109064213       0.28505678782773963       0.52546122891838176     
          24  0.24028695877210920       0.27823914505759689       0.51852610382970610     
          25  0.24021102708910783       0.28851248140494712       0.52872350849405492     
          26  0.24008742979576708       0.28258364595936286       0.52267107575512994     
          27  0.24000218867630549       0.29227026549050733       0.53227245416681279     
          28  0.23987535363063037       0.28703622408166768       0.52691157771229802     
          29  0.23978468264743708       0.29629304637390175       0.53607772902133877     
          30  0.23965371456139895       0.29147794763368884       0.53113166219508778     
          31  0.23955789957353277       0.30046090470941039       0.54001880428294313     
          32  0.23942711232460390       0.29606718362980355       0.53549429595440745     
          33  0.23933480520725406       0.30486836604062134       0.54420317124787543     
          34  0.23925440665442199       0.30065060424671619       0.53990501090113818     
          35  0.23924984517628486       0.30941156116652530       0.54866140634281013     
          36  0.23924634593860364       0.30387439519783765       0.54312074113644127     
