# generlized Kondo-Heisenberg model
# U/W=2.1 Jh/U=0.25 n=1/2 L=36 Delta/t=0.0
# Static structure factor S(q)
# q, Szz(q), Spm(q), S+-(q)+Szz(q)
           0   1.6669153701696308E-004   5.9743921150730905E-002   5.9910612687747868E-002
           1   1.2748936569754810E-002   9.4038886536722877E-002  0.10678782310647769     
           2   4.1579829843196400E-002  0.11880920841840995       0.16038903826160633     
           3   7.8104317586290953E-002  0.18612245069588146       0.26422676828217240     
           4  0.11127555422791822       0.26594723376829943       0.37722278799621767     
           5  0.16932258576247280       0.37983889317532926       0.54916147893780209     
           6  0.22634608069291601       0.56119358953348830       0.78753967022640436     
           7  0.42966984858458285       0.92373040583271959        1.3534002544173025     
           8   1.1846078106952593        1.7493072064284296        2.9339150171236890     
           9   1.5612324345697248        2.4467276160780878        4.0079600506478128     
          10  0.84128399879535243        1.7548565301099235        2.5961405289052761     
          11  0.36849484292066176        1.0020928975962056        1.3705877405168674     
          12  0.38197650944755956       0.85975572127452460        1.2417322307220842     
          13  0.29308859692160338       0.65911867052572826       0.95220726744733164     
          14  0.26513331140262542       0.60077228581826536       0.86590559722089078     
          15  0.24433459335696844       0.52604332529221198       0.77037791864918037     
          16  0.22354619744754367       0.49785291754320893       0.72139911499075260     
          17  0.21890716140625610       0.46191631291871482       0.68082347432497092     
          18  0.20374145089458759       0.44579352141391898       0.64953497230850654     
          19  0.20158063123835912       0.42642799788559232       0.62800862912395150     
          20  0.19469677726947748       0.42230398237955724       0.61700075964903478     
          21  0.19665310521834412       0.40794852353007194       0.60460162874841605     
          22  0.19279418440316923       0.40791926111670090       0.60071344551987016     
          23  0.19324279803507083       0.39867281427812756       0.59191561231319834     
          24  0.19473909007142040       0.40211980126385488       0.59685889133527525     
          25  0.19117826719944914       0.39648002192963677       0.58765828912908591     
          26  0.19748988748565791       0.40003214776371310       0.59752203524937098     
          27  0.19594210990602054       0.39750591264139828       0.59344802254741880     
          28  0.18846592735858461       0.37798110702935667       0.56644703438794131     
          29  0.18525343800484939       0.37155042414956596       0.55680386215441535     
          30  0.18350574012454657       0.36684823884893852       0.55035397897348504     
          31  0.18243638680397331       0.36461056692602728       0.54704695373000056     
          32  0.18172958472148998       0.36243960876941544       0.54416919349090542     
          33  0.18129006471886147       0.36121853976248808       0.54250860448134952     
          34  0.18094604706267350       0.36006610089557978       0.54101214795825325     
          35  0.18080581912693619       0.35940506371046915       0.54021088283740537     
          36  0.18068922043539484       0.35915780102805106       0.53984702146344588     
