# Fig. 4A
# Two-orbital Hubbard model
# Entanglement spectrum lambda
# for Hund exchange Jh/U=0.25
# for system size L=140
# in function of interaction

# 1st column: interaction U/W (W=1)
# 2nd column: entanglement spectrum lambda
# 3rd column: number of degeneracy

 0.1  1.24488  1
 0.1  2.21568  2
 0.1  2.2168  2
 0.1  2.86423  1
 0.1  3.10613  1
 0.1  3.25511  1
 0.1  3.38159  1
 0.1  3.59036  1
 0.1  4.01106  1
 0.1  4.0881  1
 0.1  4.20845  1
 0.1  4.26863  3
 0.1  4.26873  3
 0.1  4.27028  3
 0.1  4.34173  2
 0.1  4.35303  2
 0.1  4.43418  1
 0.1  4.48869  1
 0.1  4.92367  1
 0.1  5.02085  1
 0.1  5.10044  2
 0.1  5.1067  2
 0.1  5.18551  4
 0.1  5.18643  4
 0.1  5.18703  4
 0.1  5.18718  4
 0.1  5.36062  3
 0.1  5.36181  3
 0.1  5.36546  3
 0.1  5.49372  1
 0.1  5.66485  1
 0.1  5.74969  2
 0.1  5.75982  2
 0.1  5.8621  1
 0.1  5.92261  1
 0.1  6.04685  2
 0.1  6.05247  3
 0.1  6.06453  3
 0.1  6.13893  2
 0.1  6.14518  2
 0.1  6.2179  2
 0.1  6.22144  2
 0.1  6.30479  2
 0.1  6.30803  2
 0.1  6.41214  2
 0.1  6.42129  2
 0.1  6.48276  4
 0.1  6.48303  4
 0.1  6.4832  4
 0.1  6.48515  4

 0.2  1.55515  1
 0.2  2.1952  1
 0.2  2.41505  2
 0.2  2.41949  2
 0.2  2.7527  1
 0.2  2.92012  1
 0.2  3.21541  2
 0.2  3.22148  2
 0.2  3.36429  1
 0.2  3.59523  1
 0.2  3.85321  1
 0.2  3.91177  1
 0.2  4.32435  2
 0.2  4.32598  2
 0.2  4.46888  1
 0.2  4.62518  1
 0.2  4.80344  1
 0.2  4.8755  1
 0.2  5.07125  2
 0.2  5.07651  2
 0.2  5.21301  2
 0.2  5.22033  2
 0.2  5.33739  2
 0.2  5.34616  2
 0.2  5.52905  2
 0.2  5.53811  2
 0.2  5.63177  2
 0.2  5.637  2
 0.2  5.72782  3
 0.2  5.72941  4
 0.2  5.73022  4
 0.2  5.73424  4
 0.2  5.87164  1
 0.2  5.95157  2
 0.2  5.96329  2
 0.2  6.02586  2
 0.2  6.02593  2
 0.2  6.09885  3
 0.2  6.10303  3
 0.2  6.10489  3
 0.2  6.25233  2
 0.2  6.26331  2
 0.2  6.36959  2
 0.2  6.3733  3
 0.2  6.38441  3
 0.2  6.47252  1
 0.2  6.53264  3
 0.2  6.53544  3
 0.2  6.53552  3
 0.2  6.59409  1

 0.3  2.15225  1
 0.3  2.28168  1
 0.3  2.38373  1
 0.3  2.46002  1
 0.3  2.86225  2
 0.3  2.87291  2
 0.3  2.92569  1
 0.3  3.03956  2
 0.3  3.04935  2
 0.3  3.10929  1
 0.3  3.20964  1
 0.3  3.26239  1
 0.3  3.32732  1
 0.3  3.47633  2
 0.3  3.47986  2
 0.3  3.5587  1
 0.3  5.84701  1
 0.3  5.90786  1
 0.3  6.09901  1
 0.3  6.19374  3
 0.3  6.19489  3
 0.3  6.19635  4
 0.3  6.20864  4
 0.3  6.34129  3
 0.3  6.34569  3
 0.3  6.34608  3
 0.3  6.48527  2
 0.3  6.48576  2
 0.3  6.59923  4
 0.3  6.59966  5
 0.3  6.60032  5
 0.3  6.60044  5
 0.3  6.60265  5
 0.3  6.71326  2
 0.3  6.71437  3
 0.3  6.71647  5
 0.3  6.72081  5
 0.3  6.72226  5
 0.3  6.84291  2
 0.3  6.84336  3
 0.3  6.84465  5
 0.3  6.84673  6
 0.3  6.8474  6
 0.3  6.85261  6
 0.3  6.94323  3
 0.3  6.94401  3
 0.3  6.94557  3
 0.3  7.02939  3
 0.3  7.0296  3
 0.3  7.03018  3

 0.4  1.70618  1
 0.4  2.06372  1
 0.4  2.20537  2
 0.4  2.21178  2
 0.4  3.30763  2
 0.4  3.31209  2
 0.4  3.70006  1
 0.4  3.82897  2
 0.4  3.8322  3
 0.4  3.84202  3
 0.4  3.9979  2
 0.4  4.00092  3
 0.4  4.00565  4
 0.4  4.01546  4
 0.4  4.21115  2
 0.4  4.21675  2
 0.4  4.29091  1
 0.4  4.41206  1
 0.4  4.49565  2
 0.4  4.5014  3
 0.4  4.50929  3
 0.4  5.10166  4
 0.4  5.10318  4
 0.4  5.10335  4
 0.4  5.10364  4
 0.4  5.35159  2
 0.4  5.35759  2
 0.4  5.4421  2
 0.4  5.44808  3
 0.4  5.46  3
 0.4  5.5112  1
 0.4  5.73449  1
 0.4  5.94442  5
 0.4  5.94494  5
 0.4  5.94497  5
 0.4  5.94511  5
 0.4  5.94545  5
 0.4  5.99865  1
 0.4  6.13905  3
 0.4  6.13918  4
 0.4  6.13947  4
 0.4  6.14068  5
 0.4  6.14601  6
 0.4  6.15814  6
 0.4  6.28  2
 0.4  6.28049  4
 0.4  6.28187  6
 0.4  6.28192  6
 0.4  6.28383  6
 0.4  6.28421  6

 0.5  2.08058  1
 0.5  2.38932  1
 0.5  2.75212  4
 0.5  2.75229  4
 0.5  2.75463  4
 0.5  2.75471  4
 0.5  2.92032  1
 0.5  3.02442  2
 0.5  3.02646  2
 0.5  3.18346  3
 0.5  3.18353  3
 0.5  3.18654  4
 0.5  3.19649  4
 0.5  3.32718  1
 0.5  3.52689  2
 0.5  3.52794  2
 0.5  5.83051  4
 0.5  5.83059  4
 0.5  5.83322  4
 0.5  5.83341  4
 0.5  6.01695  1
 0.5  6.12045  2
 0.5  6.12077  2
 0.5  6.18553  5
 0.5  6.18557  5
 0.5  6.18562  5
 0.5  6.18565  5
 0.5  6.18573  5
 0.5  6.34633  1
 0.5  6.42836  2
 0.5  6.42934  2
 0.5  6.55182  5
 0.5  6.55192  5
 0.5  6.553  5
 0.5  6.55306  5
 0.5  6.55311  5
 0.5  6.62306  1
 0.5  6.68241  4
 0.5  6.68295  4
 0.5  6.68474  4
 0.5  6.68486  4
 0.5  6.73866  9
 0.5  6.73866  9
 0.5  6.73866  9
 0.5  6.73866  9
 0.5  6.73867  9
 0.5  6.73867  9
 0.5  6.73867  9
 0.5  6.7387  9
 0.5  6.73871  9

 0.6  1.28238  1
 0.6  2.59773  4
 0.6  2.59774  4
 0.6  2.59802  4
 0.6  2.59805  4
 0.6  2.70035  1
 0.6  3.48363  2
 0.6  3.48444  2
 0.6  3.80613  1
 0.6  4.0082  2
 0.6  4.00835  2
 0.6  4.21436  4
 0.6  4.21439  4
 0.6  4.2148  4
 0.6  4.21481  4
 0.6  4.4794  5
 0.6  4.47942  5
 0.6  4.47977  5
 0.6  4.47978  5
 0.6  4.47995  5
 0.6  4.99875  1
 0.6  5.26554  2
 0.6  5.266  2
 0.6  5.52141  1
 0.6  5.66823  2
 0.6  5.66837  2
 0.6  5.83373  4
 0.6  5.83377  4
 0.6  5.83447  4
 0.6  5.83447  4
 0.6  5.90351  1
 0.6  6.04719  2
 0.6  6.04754  2
 0.6  6.11448  7
 0.6  6.11449  7
 0.6  6.11451  7
 0.6  6.11452  7
 0.6  6.11478  7
 0.6  6.11482  7
 0.6  6.11483  7
 0.6  6.18391  2
 0.6  6.1904  2
 0.6  6.341  4
 0.6  6.341  4
 0.6  6.34146  4
 0.6  6.34153  4
 0.6  6.82739  4
 0.6  6.82742  4
 0.6  6.82798  4
 0.6  6.82807  4

 0.7  1.16822  1
 0.7  2.54028  1
 0.7  2.65263  4
 0.7  2.65263  4
 0.7  2.65264  4
 0.7  2.65264  4
 0.7  3.6509  2
 0.7  3.65135  2
 0.7  4.03273  1
 0.7  4.2668  2
 0.7  4.26685  2
 0.7  4.38494  8
 0.7  4.38494  8
 0.7  4.38494  8
 0.7  4.38495  8
 0.7  4.38495  8
 0.7  4.38495  8
 0.7  4.38495  8
 0.7  4.38495  8
 0.7  4.60195  1
 0.7  4.72396  1
 0.7  5.08899  2
 0.7  5.08952  2
 0.7  5.42223  1
 0.7  5.57717  5
 0.7  5.57743  7
 0.7  5.57743  7
 0.7  5.57743  7
 0.7  5.57743  7
 0.7  5.57805  7
 0.7  5.57805  7
 0.7  5.77408  1
 0.7  6.11765  1
 0.7  6.29257  2
 0.7  6.29361  2
 0.7  6.36699  11
 0.7  6.36699  11
 0.7  6.36699  11
 0.7  6.36699  11
 0.7  6.367  11
 0.7  6.36701  11
 0.7  6.36701  11
 0.7  6.36701  11
 0.7  6.36701  11
 0.7  6.36701  11
 0.7  6.36701  11
 0.7  6.77152  1
 0.7  7.05044  3
 0.7  7.05048  3
 0.7  7.05056  3

 0.8  1.13241  1
 0.8  2.2252  1
 0.8  2.70451  4
 0.8  2.70451  4
 0.8  2.70451  4
 0.8  2.70451  4
 0.8  3.75971  2
 0.8  3.75983  2
 0.8  4.20359  1
 0.8  4.39413  4
 0.8  4.39413  4
 0.8  4.39413  4
 0.8  4.39413  4
 0.8  4.46  3
 0.8  4.46319  3
 0.8  4.46319  3
 0.8  4.55171  4
 0.8  4.55171  4
 0.8  4.55171  4
 0.8  4.55171  4
 0.8  4.77585  1
 0.8  5.0188  2
 0.8  5.01883  2
 0.8  5.30007  5
 0.8  5.30036  5
 0.8  5.30036  5
 0.8  5.30036  5
 0.8  5.30036  5
 0.8  5.36195  1
 0.8  5.41949  1
 0.8  5.65673  2
 0.8  5.65673  2
 0.8  6.39357  1
 0.8  6.57086  2
 0.8  6.57568  2
 0.8  6.63537  4
 0.8  6.63537  4
 0.8  6.63537  4
 0.8  6.63537  4
 0.8  6.75259  2
 0.8  6.75313  2
 0.8  6.82477  7
 0.8  6.82477  7
 0.8  6.82479  7
 0.8  6.82479  7
 0.8  6.82483  7
 0.8  6.82501  7
 0.8  6.82501  7
 0.8  7.1766  2
 0.8  7.1766  2

 0.9  1.1483  1
 0.9  1.8679  1
 0.9  2.78849  4
 0.9  2.78849  4
 0.9  2.78849  4
 0.9  2.78849  4
 0.9  3.96762  2
 0.9  3.96767  2
 0.9  4.46715  2
 0.9  4.46778  6
 0.9  4.46892  6
 0.9  4.46892  6
 0.9  4.46892  6
 0.9  4.46892  6
 0.9  4.6745  4
 0.9  4.6745  4
 0.9  4.6745  4
 0.9  4.6745  4
 0.9  4.7856  5
 0.9  4.7856  5
 0.9  4.78608  5
 0.9  4.78702  5
 0.9  4.78704  5
 0.9  4.83986  1
 0.9  4.94882  4
 0.9  4.94882  4
 0.9  4.94882  4
 0.9  4.94882  4
 0.9  5.06451  1
 0.9  5.301  1
 0.9  5.58808  2
 0.9  5.58808  2
 0.9  5.99957  2
 0.9  6.01059  2
 0.9  6.90995  4
 0.9  6.90995  4
 0.9  6.90996  4
 0.9  6.90996  4
 0.9  7.08516  5
 0.9  7.08516  5
 0.9  7.08516  5
 0.9  7.08517  5
 0.9  7.08597  5
 0.9  7.31234  3
 0.9  7.31242  3
 0.9  7.31751  3
 0.9  7.37508  4
 0.9  7.37508  4
 0.9  7.37519  4
 0.9  7.37519  4

 1  1.17481  1
 1  1.5903  1
 1  2.86752  4
 1  2.86752  4
 1  2.86752  4
 1  2.86752  4
 1  4.20556  2
 1  4.20562  2
 1  4.4716  1
 1  4.62239  5
 1  4.62239  5
 1  4.62239  5
 1  4.62239  5
 1  4.62334  5
 1  4.735  3
 1  4.735  3
 1  4.73507  7
 1  4.73583  8
 1  4.73583  8
 1  4.73583  8
 1  4.73583  8
 1  4.73676  8
 1  4.81476  5
 1  4.81476  5
 1  4.81476  5
 1  4.81476  5
 1  4.81539  5
 1  5.10768  2
 1  5.10769  2
 1  5.25037  1
 1  5.58127  2
 1  5.58127  2
 1  5.78506  1
 1  5.87529  1
 1  7.17755  8
 1  7.17755  8
 1  7.17755  8
 1  7.17755  8
 1  7.17758  8
 1  7.17758  8
 1  7.17758  8
 1  7.17758  8
 1  7.38615  4
 1  7.38615  4
 1  7.38616  4
 1  7.38616  4
 1  7.68841  4
 1  7.69127  4
 1  7.69127  4
 1  7.69128  4

 1.1  1.17778  1
 1.1  1.40637  1
 1.1  2.93135  4
 1.1  2.93135  4
 1.1  2.93135  4
 1.1  2.93135  4
 1.1  4.41864  2
 1.1  4.41866  2
 1.1  4.51442  1
 1.1  4.59811  1
 1.1  4.67876  3
 1.1  4.68139  4
 1.1  4.6814  4
 1.1  4.68575  4
 1.1  4.7593  4
 1.1  4.7593  4
 1.1  4.7593  4
 1.1  4.7593  4
 1.1  4.84148  8
 1.1  4.84148  8
 1.1  4.84148  8
 1.1  4.84148  8
 1.1  4.8415  8
 1.1  4.8415  8
 1.1  4.8415  8
 1.1  4.8415  8
 1.1  5.03109  1
 1.1  5.30212  1
 1.1  5.40638  2
 1.1  5.40638  2
 1.1  5.6708  2
 1.1  5.6708  2
 1.1  5.81121  1
 1.1  5.86669  1
 1.1  7.42347  8
 1.1  7.42347  8
 1.1  7.42347  8
 1.1  7.42347  8
 1.1  7.42356  8
 1.1  7.42356  8
 1.1  7.42356  8
 1.1  7.42356  8
 1.1  7.53344  4
 1.1  7.53344  4
 1.1  7.53344  4
 1.1  7.53344  4
 1.1  8.03871  4
 1.1  8.03872  4
 1.1  8.03872  4
 1.1  8.03872  4

 1.2  1.15655  1
 1.2  1.28636  1
 1.2  2.99079  4
 1.2  2.99079  4
 1.2  2.99079  4
 1.2  2.99079  4
 1.2  4.58358  2
 1.2  4.58493  4
 1.2  4.58711  5
 1.2  4.58712  5
 1.2  4.5921  5
 1.2  4.65436  1
 1.2  4.76087  2
 1.2  4.76088  2
 1.2  4.89481  8
 1.2  4.89481  8
 1.2  4.89481  8
 1.2  4.89481  8
 1.2  4.89497  8
 1.2  4.89497  8
 1.2  4.89497  8
 1.2  4.89497  8
 1.2  4.94832  4
 1.2  4.94832  4
 1.2  4.94832  4
 1.2  4.94832  4
 1.2  5.26264  1
 1.2  5.41904  1
 1.2  5.66883  2
 1.2  5.66884  2
 1.2  5.82136  2
 1.2  5.82136  2
 1.2  5.9113  2
 1.2  5.91834  2
 1.2  7.70194  8
 1.2  7.70194  8
 1.2  7.70194  8
 1.2  7.70194  8
 1.2  7.70203  8
 1.2  7.70203  8
 1.2  7.70203  8
 1.2  7.70203  8
 1.2  7.76401  4
 1.2  7.76401  4
 1.2  7.76401  4
 1.2  7.76401  4
 1.2  8.377  4
 1.2  8.377  4
 1.2  8.377  4
 1.2  8.377  4

 1.3  1.12484  1
 1.3  1.20131  1
 1.3  3.05166  4
 1.3  3.05166  4
 1.3  3.05166  4
 1.3  3.05166  4
 1.3  4.5908  3
 1.3  4.59232  3
 1.3  4.59367  4
 1.3  4.60568  4
 1.3  4.76164  2
 1.3  4.76164  2
 1.3  4.85814  2
 1.3  4.85814  2
 1.3  5.02316  12
 1.3  5.02316  12
 1.3  5.02316  12
 1.3  5.02316  12
 1.3  5.02317  12
 1.3  5.02317  12
 1.3  5.02317  12
 1.3  5.02317  12
 1.3  5.02317  12
 1.3  5.02317  12
 1.3  5.02317  12
 1.3  5.02317  12
 1.3  5.47232  1
 1.3  5.56591  1
 1.3  5.90736  2
 1.3  5.90736  2
 1.3  6.00274  4
 1.3  6.00274  4
 1.3  6.00383  4
 1.3  6.00467  4
 1.3  7.98843  12
 1.3  7.98843  12
 1.3  7.98843  12
 1.3  7.98843  12
 1.3  7.98843  12
 1.3  7.98843  12
 1.3  7.98843  12
 1.3  7.98843  12
 1.3  7.98843  12
 1.3  7.98843  12
 1.3  7.98843  12
 1.3  7.98843  12
 1.3  8.70125  4
 1.3  8.7026  4
 1.3  8.70294  4
 1.3  8.70294  4

 1.4  1.1018  2
 1.4  1.11383  2
 1.4  3.11513  4
 1.4  3.11513  4
 1.4  3.11513  4
 1.4  3.11513  4
 1.4  4.59015  4
 1.4  4.59107  4
 1.4  4.59192  4
 1.4  4.59272  4
 1.4  4.91241  2
 1.4  4.91241  2
 1.4  4.97399  2
 1.4  4.974  2
 1.4  5.14794  12
 1.4  5.14794  12
 1.4  5.14794  12
 1.4  5.14794  12
 1.4  5.14794  12
 1.4  5.14794  12
 1.4  5.14794  12
 1.4  5.14794  12
 1.4  5.14795  12
 1.4  5.14795  12
 1.4  5.14795  12
 1.4  5.14795  12
 1.4  5.66768  1
 1.4  5.72741  1
 1.4  6.13026  4
 1.4  6.13026  4
 1.4  6.13036  4
 1.4  6.13077  4
 1.4  6.18778  2
 1.4  6.18778  2
 1.4  8.27108  12
 1.4  8.27108  12
 1.4  8.27108  12
 1.4  8.27108  12
 1.4  8.27108  12
 1.4  8.27108  12
 1.4  8.27108  12
 1.4  8.27108  12
 1.4  8.27108  12
 1.4  8.27108  12
 1.4  8.27108  12
 1.4  8.27108  12
 1.4  8.76954  4
 1.4  8.77044  4
 1.4  8.77117  4
 1.4  8.77177  4

 1.5  1.06469  2
 1.5  1.07187  2
 1.5  3.18091  4
 1.5  3.18091  4
 1.5  3.18091  4
 1.5  3.18091  4
 1.5  4.60102  4
 1.5  4.60154  4
 1.5  4.60205  4
 1.5  4.60253  4
 1.5  5.06665  4
 1.5  5.06665  4
 1.5  5.06896  4
 1.5  5.06896  4
 1.5  5.27035  12
 1.5  5.27035  12
 1.5  5.27035  12
 1.5  5.27035  12
 1.5  5.27035  12
 1.5  5.27035  12
 1.5  5.27035  12
 1.5  5.27035  12
 1.5  5.27035  12
 1.5  5.27035  12
 1.5  5.27035  12
 1.5  5.27035  12
 1.5  5.86534  2
 1.5  5.87433  2
 1.5  6.24388  2
 1.5  6.24466  2
 1.5  6.34948  4
 1.5  6.34948  4
 1.5  6.35167  4
 1.5  6.35167  4
 1.5  8.54576  12
 1.5  8.54576  12
 1.5  8.54576  12
 1.5  8.54576  12
 1.5  8.54576  12
 1.5  8.54576  12
 1.5  8.54576  12
 1.5  8.54576  12
 1.5  8.54576  12
 1.5  8.54576  12
 1.5  8.54576  12
 1.5  8.54576  12
 1.5  8.84101  4
 1.5  8.84146  4
 1.5  8.84191  4
 1.5  8.84235  4

 1.6  1.03129  2
 1.6  1.03588  2
 1.6  3.24819  4
 1.6  3.24819  4
 1.6  3.24819  4
 1.6  3.24819  4
 1.6  4.61136  4
 1.6  4.61169  4
 1.6  4.61201  4
 1.6  4.61232  4
 1.6  5.20652  4
 1.6  5.20652  4
 1.6  5.20801  4
 1.6  5.20801  4
 1.6  5.38888  12
 1.6  5.38888  12
 1.6  5.38888  12
 1.6  5.38888  12
 1.6  5.38888  12
 1.6  5.38888  12
 1.6  5.38888  12
 1.6  5.38888  12
 1.6  5.38888  12
 1.6  5.38888  12
 1.6  5.38888  12
 1.6  5.38888  12
 1.6  6.04287  2
 1.6  6.04866  2
 1.6  6.35078  2
 1.6  6.35113  2
 1.6  6.55061  4
 1.6  6.55061  4
 1.6  6.55203  4
 1.6  6.55203  4
 1.6  8.80984  12
 1.6  8.80984  12
 1.6  8.80984  12
 1.6  8.80984  12
 1.6  8.80984  12
 1.6  8.80984  12
 1.6  8.80984  12
 1.6  8.80984  12
 1.6  8.80984  12
 1.6  8.80984  12
 1.6  8.80984  12
 1.6  8.80984  12
 1.6  8.91649  4
 1.6  8.91679  4
 1.6  8.91708  4
 1.6  8.91738  4

 1.7  1.00183  2
 1.7  1.00484  2
 1.7  3.31638  4
 1.7  3.31638  4
 1.7  3.31638  4
 1.7  3.31638  4
 1.7  4.62136  4
 1.7  4.62157  4
 1.7  4.62178  4
 1.7  4.62198  4
 1.7  5.34475  4
 1.7  5.34475  4
 1.7  5.34573  4
 1.7  5.34573  4
 1.7  5.504  12
 1.7  5.504  12
 1.7  5.504  12
 1.7  5.504  12
 1.7  5.504  12
 1.7  5.504  12
 1.7  5.504  12
 1.7  5.504  12
 1.7  5.504  12
 1.7  5.504  12
 1.7  5.504  12
 1.7  5.504  12
 1.7  6.21616  2
 1.7  6.21999  2
 1.7  6.45101  2
 1.7  6.45115  2
 1.7  6.74528  4
 1.7  6.74528  4
 1.7  6.74621  4
 1.7  6.74621  4
 1.7  8.99012  4
 1.7  8.99034  4
 1.7  8.99054  4
 1.7  8.99072  4
 1.7  9.06172  12
 1.7  9.06172  12
 1.7  9.06172  12
 1.7  9.06172  12
 1.7  9.06172  12
 1.7  9.06172  12
 1.7  9.06172  12
 1.7  9.06172  12
 1.7  9.06172  12
 1.7  9.06172  12
 1.7  9.06172  12
 1.7  9.06172  12

 1.8  0.975604  2
 1.8  0.977778  2
 1.8  3.38466  4
 1.8  3.38466  4
 1.8  3.38466  4
 1.8  3.38466  4
 1.8  4.63313  4
 1.8  4.63328  4
 1.8  4.63342  4
 1.8  4.63357  4
 1.8  5.4812  4
 1.8  5.4812  4
 1.8  5.48192  4
 1.8  5.48192  4
 1.8  5.61616  12
 1.8  5.61616  12
 1.8  5.61616  12
 1.8  5.61616  12
 1.8  5.61616  12
 1.8  5.61616  12
 1.8  5.61616  12
 1.8  5.61616  12
 1.8  5.61616  12
 1.8  5.61616  12
 1.8  5.61616  12
 1.8  5.61616  12
 1.8  6.38514  2
 1.8  6.38793  2
 1.8  6.55193  2
 1.8  6.55198  2
 1.8  6.93362  4
 1.8  6.93362  4
 1.8  6.9343  4
 1.8  6.9343  4
 1.8  9.08208  4
 1.8  9.08222  4
 1.8  9.08237  4
 1.8  9.08253  4
 1.8  9.30484  12
 1.8  9.30484  12
 1.8  9.30484  12
 1.8  9.30484  12
 1.8  9.30484  12
 1.8  9.30484  12
 1.8  9.30484  12
 1.8  9.30484  12
 1.8  9.30485  12
 1.8  9.30485  12
 1.8  9.30485  12
 1.8  9.30485  12

 1.9  0.953106  2
 1.9  0.954513  2
 1.9  3.45341  4
 1.9  3.45341  4
 1.9  3.45341  4
 1.9  3.45341  4
 1.9  4.6405  4
 1.9  4.64059  4
 1.9  4.64068  4
 1.9  4.64078  4
 1.9  5.61656  4
 1.9  5.61656  4
 1.9  5.61703  4
 1.9  5.61703  4
 1.9  5.72412  12
 1.9  5.72412  12
 1.9  5.72412  12
 1.9  5.72412  12
 1.9  5.72412  12
 1.9  5.72412  12
 1.9  5.72412  12
 1.9  5.72412  12
 1.9  5.72412  12
 1.9  5.72412  12
 1.9  5.72412  12
 1.9  5.72412  12
 1.9  6.55054  2
 1.9  6.55235  2
 1.9  6.62999  2
 1.9  6.62999  2
 1.9  7.11677  4
 1.9  7.11677  4
 1.9  7.11721  4
 1.9  7.11721  4
 1.9  9.12625  4
 1.9  9.12635  4
 1.9  9.12645  4
 1.9  9.12654  4
 1.9  9.52594  12
 1.9  9.52594  12
 1.9  9.52594  12
 1.9  9.52594  12
 1.9  9.52594  12
 1.9  9.52594  12
 1.9  9.52594  12
 1.9  9.52594  12
 1.9  9.52594  12
 1.9  9.52594  12
 1.9  9.52594  12
 1.9  9.52594  12

 2  0.933009  2
 2  0.93401  2
 2  3.52147  4
 2  3.52147  4
 2  3.52147  4
 2  3.52147  4
 2  4.64974  4
 2  4.64981  4
 2  4.64987  4
 2  4.64994  4
 2  5.74996  4
 2  5.74996  4
 2  5.75029  4
 2  5.75029  4
 2  5.82917  12
 2  5.82917  12
 2  5.82917  12
 2  5.82917  12
 2  5.82917  12
 2  5.82917  12
 2  5.82917  12
 2  5.82917  12
 2  5.82917  12
 2  5.82917  12
 2  5.82917  12
 2  5.82917  12
 2  6.7096  4
 2  6.7096  4
 2  6.70969  4
 2  6.71001  4
 2  7.29407  4
 2  7.29407  4
 2  7.29438  4
 2  7.29438  4
 2  9.18887  4
 2  9.18894  4
 2  9.189  4
 2  9.18907  4
 2  9.73785  12
 2  9.73785  12
 2  9.73785  12
 2  9.73785  12
 2  9.73785  12
 2  9.73785  12
 2  9.73785  12
 2  9.73785  12
 2  9.73785  12
 2  9.73785  12
 2  9.73785  12
 2  9.73785  12

 2.1  0.915263  2
 2.1  0.915992  2
 2.1  3.58886  4
 2.1  3.58886  4
 2.1  3.58886  4
 2.1  3.58886  4
 2.1  4.65878  4
 2.1  4.65882  4
 2.1  4.65887  4
 2.1  4.65892  4
 2.1  5.89638  4
 2.1  5.89638  4
 2.1  5.89638  8
 2.1  5.89638  8
 2.1  5.89638  16
 2.1  5.89638  16
 2.1  5.89638  16
 2.1  5.89638  16
 2.1  5.89639  16
 2.1  5.89639  16
 2.1  5.89639  16
 2.1  5.89639  16
 2.1  5.89639  16
 2.1  5.89639  16
 2.1  5.89639  16
 2.1  5.89639  16
 2.1  6.78154  2
 2.1  6.78155  2
 2.1  6.8689  2
 2.1  6.86985  2
 2.1  7.466  4
 2.1  7.466  4
 2.1  7.46623  4
 2.1  7.46623  4
 2.1  9.24733  4
 2.1  9.24736  4
 2.1  9.2474  4
 2.1  9.24745  4
 2.1  9.93656  12
 2.1  9.93656  12
 2.1  9.93656  12
 2.1  9.93656  12
 2.1  9.93656  12
 2.1  9.93656  12
 2.1  9.93656  12
 2.1  9.93656  12
 2.1  9.93656  12
 2.1  9.93656  12
 2.1  9.93656  12
 2.1  9.93656  12

 2.2  0.899549  2
 2.2  0.900092  2
 2.2  3.65538  4
 2.2  3.65538  4
 2.2  3.65538  4
 2.2  3.65538  4
 2.2  4.6676  4
 2.2  4.66764  4
 2.2  4.66767  4
 2.2  4.66771  4
 2.2  6.01225  16
 2.2  6.01225  16
 2.2  6.01225  16
 2.2  6.01225  16
 2.2  6.01225  16
 2.2  6.01225  16
 2.2  6.01225  16
 2.2  6.01225  16
 2.2  6.01225  16
 2.2  6.01225  16
 2.2  6.01225  16
 2.2  6.01225  16
 2.2  6.01225  16
 2.2  6.01225  16
 2.2  6.01225  16
 2.2  6.01225  16
 2.2  6.84805  2
 2.2  6.84808  2
 2.2  7.02213  2
 2.2  7.02284  2
 2.2  7.63273  4
 2.2  7.63273  4
 2.2  7.6329  4
 2.2  7.6329  4
 2.2  9.3021  4
 2.2  9.30214  4
 2.2  9.30218  4
 2.2  9.30221  4
 2.2  10.1227  12
 2.2  10.1227  12
 2.2  10.1227  12
 2.2  10.1227  12
 2.2  10.1227  12
 2.2  10.1227  12
 2.2  10.1227  12
 2.2  10.1227  12
 2.2  10.1227  12
 2.2  10.1227  12
 2.2  10.1227  12
 2.2  10.1227  12

 2.3  0.885593  2
 2.3  0.886007  2
 2.3  3.7209  4
 2.3  3.7209  4
 2.3  3.7209  4
 2.3  3.7209  4
 2.3  4.67623  4
 2.3  4.67626  4
 2.3  4.67628  4
 2.3  4.67631  4
 2.3  6.12487  16
 2.3  6.12487  16
 2.3  6.12487  16
 2.3  6.12487  16
 2.3  6.12487  16
 2.3  6.12487  16
 2.3  6.12487  16
 2.3  6.12487  16
 2.3  6.12487  16
 2.3  6.12487  16
 2.3  6.12487  16
 2.3  6.12487  16
 2.3  6.12487  16
 2.3  6.12487  16
 2.3  6.12487  16
 2.3  6.12487  16
 2.3  6.90909  2
 2.3  6.90913  2
 2.3  7.17146  2
 2.3  7.172  2
 2.3  7.79442  4
 2.3  7.79442  4
 2.3  7.79455  4
 2.3  7.79455  4
 2.3  9.35342  4
 2.3  9.35345  4
 2.3  9.35348  4
 2.3  9.35351  4
 2.3  10.297  12
 2.3  10.297  12
 2.3  10.297  12
 2.3  10.297  12
 2.3  10.297  12
 2.3  10.297  12
 2.3  10.297  12
 2.3  10.297  12
 2.3  10.297  12
 2.3  10.297  12
 2.3  10.297  12
 2.3  10.297  12

 2.4  0.87316  2
 2.4  0.873481  2
 2.4  3.78532  4
 2.4  3.78532  4
 2.4  3.78532  4
 2.4  3.78532  4
 2.4  4.68464  4
 2.4  4.68466  4
 2.4  4.68468  4
 2.4  4.6847  4
 2.4  6.21718  16
 2.4  6.21718  16
 2.4  6.21718  16
 2.4  6.21718  16
 2.4  6.21718  16
 2.4  6.21718  16
 2.4  6.21718  16
 2.4  6.21718  16
 2.4  6.21718  16
 2.4  6.21718  16
 2.4  6.21718  16
 2.4  6.21718  16
 2.4  6.21718  16
 2.4  6.21718  16
 2.4  6.21718  16
 2.4  6.21718  16
 2.4  6.96514  2
 2.4  6.96517  2
 2.4  7.31694  2
 2.4  7.31736  2
 2.4  7.95124  4
 2.4  7.95124  4
 2.4  7.95135  4
 2.4  7.95135  4
 2.4  9.40164  4
 2.4  9.40166  4
 2.4  9.40168  4
 2.4  9.40171  4
 2.4  10.4604  12
 2.4  10.4604  12
 2.4  10.4604  12
 2.4  10.4604  12
 2.4  10.4604  12
 2.4  10.4604  12
 2.4  10.4604  12
 2.4  10.4604  12
 2.4  10.4604  12
 2.4  10.4604  12
 2.4  10.4604  12
 2.4  10.4604  12

 2.5  0.862049  2
 2.5  0.862304  2
 2.5  3.84857  4
 2.5  3.84857  4
 2.5  3.84857  4
 2.5  3.84857  4
 2.5  4.69282  4
 2.5  4.69284  4
 2.5  4.69286  4
 2.5  4.69287  4
 2.5  6.30649  12
 2.5  6.30649  12
 2.5  6.30649  12
 2.5  6.30649  12
 2.5  6.30649  12
 2.5  6.30649  12
 2.5  6.30649  12
 2.5  6.30649  12
 2.5  6.30649  12
 2.5  6.30649  12
 2.5  6.30649  12
 2.5  6.30649  12
 2.5  6.38679  4
 2.5  6.38679  4
 2.5  6.38688  4
 2.5  6.38688  4
 2.5  7.01661  2
 2.5  7.01663  2
 2.5  7.45864  2
 2.5  7.45897  2
 2.5  8.10338  4
 2.5  8.10338  4
 2.5  8.10346  4
 2.5  8.10346  4
 2.5  9.4467  4
 2.5  9.44672  4
 2.5  9.44674  4
 2.5  9.44676  4
 2.5  10.6138  12
 2.5  10.6138  12
 2.5  10.6138  12
 2.5  10.6138  12
 2.5  10.6138  12
 2.5  10.6138  12
 2.5  10.6138  12
 2.5  10.6138  12
 2.5  10.6138  12
 2.5  10.6138  12
 2.5  10.6138  12
 2.5  10.6138  12

 2.6  0.852091  2
 2.6  0.852295  2
 2.6  3.91061  4
 2.6  3.91061  4
 2.6  3.91061  4
 2.6  3.91061  4
 2.6  4.70076  4
 2.6  4.70078  4
 2.6  4.70079  4
 2.6  4.7008  4
 2.6  6.39292  12
 2.6  6.39292  12
 2.6  6.39292  12
 2.6  6.39292  12
 2.6  6.39292  12
 2.6  6.39292  12
 2.6  6.39292  12
 2.6  6.39292  12
 2.6  6.39292  12
 2.6  6.39292  12
 2.6  6.39292  12
 2.6  6.39292  12
 2.6  6.5075  4
 2.6  6.5075  4
 2.6  6.50757  4
 2.6  6.50757  4
 2.6  7.06392  2
 2.6  7.06394  2
 2.6  7.59664  2
 2.6  7.59691  2
 2.6  8.25099  4
 2.6  8.25099  4
 2.6  8.25105  4
 2.6  8.25105  4
 2.6  9.48883  4
 2.6  9.48884  4
 2.6  9.48886  4
 2.6  9.48887  4
 2.6  10.7581  12
 2.6  10.7581  12
 2.6  10.7581  12
 2.6  10.7581  12
 2.6  10.7581  12
 2.6  10.7581  12
 2.6  10.7581  12
 2.6  10.7581  12
 2.6  10.7581  12
 2.6  10.7581  12
 2.6  10.7581  12
 2.6  10.7581  12

 2.7  0.843137  2
 2.7  0.843304  2
 2.7  3.97141  4
 2.7  3.97141  4
 2.7  3.97141  4
 2.7  3.97141  4
 2.7  4.70845  4
 2.7  4.70846  4
 2.7  4.70847  4
 2.7  4.70848  4
 2.7  6.47655  12
 2.7  6.47655  12
 2.7  6.47655  12
 2.7  6.47655  12
 2.7  6.47655  12
 2.7  6.47655  12
 2.7  6.47655  12
 2.7  6.47655  12
 2.7  6.47655  12
 2.7  6.47655  12
 2.7  6.47655  12
 2.7  6.47655  12
 2.7  6.62587  4
 2.7  6.62587  4
 2.7  6.62593  4
 2.7  6.62593  4
 2.7  7.10747  2
 2.7  7.10749  2
 2.7  7.73105  2
 2.7  7.73127  2
 2.7  8.39425  4
 2.7  8.39425  4
 2.7  8.3943  4
 2.7  8.3943  4
 2.7  9.52825  4
 2.7  9.52826  4
 2.7  9.52827  4
 2.7  9.52829  4
 2.7  10.8941  12
 2.7  10.8941  12
 2.7  10.8941  12
 2.7  10.8941  12
 2.7  10.8941  12
 2.7  10.8941  12
 2.7  10.8941  12
 2.7  10.8941  12
 2.7  10.8941  12
 2.7  10.8941  12
 2.7  10.8941  12
 2.7  10.8941  12

 2.8  0.835063  2
 2.8  0.835202  2
 2.8  4.03096  4
 2.8  4.03096  4
 2.8  4.03096  4
 2.8  4.03096  4
 2.8  4.71587  4
 2.8  4.71588  4
 2.8  4.71589  4
 2.8  4.7159  4
 2.8  6.5575  12
 2.8  6.5575  12
 2.8  6.5575  12
 2.8  6.5575  12
 2.8  6.5575  12
 2.8  6.5575  12
 2.8  6.5575  12
 2.8  6.5575  12
 2.8  6.5575  12
 2.8  6.5575  12
 2.8  6.5575  12
 2.8  6.5575  12
 2.8  6.74191  4
 2.8  6.74191  4
 2.8  6.74196  4
 2.8  6.74196  4
 2.8  7.14759  2
 2.8  7.14761  2
 2.8  7.86197  2
 2.8  7.86215  2
 2.8  8.53334  4
 2.8  8.53334  4
 2.8  8.53339  4
 2.8  8.53339  4
 2.8  9.56515  4
 2.8  9.56516  4
 2.8  9.56517  4
 2.8  9.56518  4
 2.8  11.0226  12
 2.8  11.0226  12
 2.8  11.0226  12
 2.8  11.0226  12
 2.8  11.0226  12
 2.8  11.0226  12
 2.8  11.0226  12
 2.8  11.0226  12
 2.8  11.0226  12
 2.8  11.0226  12
 2.8  11.0226  12
 2.8  11.0226  12

 2.9  0.827763  2
 2.9  0.827879  2
 2.9  4.08926  4
 2.9  4.08926  4
 2.9  4.08926  4
 2.9  4.08926  4
 2.9  4.72303  4
 2.9  4.72304  4
 2.9  4.72304  4
 2.9  4.72305  4
 2.9  6.63586  12
 2.9  6.63586  12
 2.9  6.63586  12
 2.9  6.63586  12
 2.9  6.63586  12
 2.9  6.63586  12
 2.9  6.63586  12
 2.9  6.63586  12
 2.9  6.63586  12
 2.9  6.63586  12
 2.9  6.63586  12
 2.9  6.63586  12
 2.9  6.85563  4
 2.9  6.85563  4
 2.9  6.85567  4
 2.9  6.85567  4
 2.9  7.18463  2
 2.9  7.18465  2
 2.9  7.9895  2
 2.9  7.98966  2
 2.9  8.66843  4
 2.9  8.66843  4
 2.9  8.66847  4
 2.9  8.66847  4
 2.9  9.59975  4
 2.9  9.59976  4
 2.9  9.59977  4
 2.9  9.59978  4
 2.9  11.1443  12
 2.9  11.1443  12
 2.9  11.1443  12
 2.9  11.1443  12
 2.9  11.1443  12
 2.9  11.1443  12
 2.9  11.1443  12
 2.9  11.1443  12
 2.9  11.1443  12
 2.9  11.1443  12
 2.9  11.1443  12
 2.9  11.1443  12

 3  0.821143  2
 3  0.821242  2
 3  4.14633  4
 3  4.14633  4
 3  4.14633  4
 3  4.14633  4
 3  4.72992  4
 3  4.72993  4
 3  4.72993  4
 3  4.72994  4
 3  6.71174  12
 3  6.71174  12
 3  6.71174  12
 3  6.71174  12
 3  6.71174  12
 3  6.71174  12
 3  6.71174  12
 3  6.71174  12
 3  6.71174  12
 3  6.71174  12
 3  6.71174  12
 3  6.71174  12
 3  6.96704  4
 3  6.96704  4
 3  6.96708  4
 3  6.96708  4
 3  7.21886  2
 3  7.21888  2
 3  8.11376  2
 3  8.11389  2
 3  8.79968  4
 3  8.79968  4
 3  8.79971  4
 3  8.79971  4
 3  9.6322  4
 3  9.6322  4
 3  9.63221  4
 3  9.63222  4
 3  11.2598  12
 3  11.2598  12
 3  11.2598  12
 3  11.2598  12
 3  11.2598  12
 3  11.2598  12
 3  11.2598  12
 3  11.2598  12
 3  11.2598  12
 3  11.2598  12
 3  11.2598  12
 3  11.2598  12

 3.1  0.815124  2
 3.1  0.815209  2
 3.1  4.20219  4
 3.1  4.20219  4
 3.1  4.20219  4
 3.1  4.20219  4
 3.1  4.73654  4
 3.1  4.73655  4
 3.1  4.73655  4
 3.1  4.73656  4
 3.1  6.78526  12
 3.1  6.78526  12
 3.1  6.78526  12
 3.1  6.78526  12
 3.1  6.78526  12
 3.1  6.78526  12
 3.1  6.78526  12
 3.1  6.78526  12
 3.1  6.78526  12
 3.1  6.78526  12
 3.1  6.78526  12
 3.1  6.78526  12
 3.1  7.07618  4
 3.1  7.07618  4
 3.1  7.07621  4
 3.1  7.07621  4
 3.1  7.25055  2
 3.1  7.25057  2
 3.1  8.23485  2
 3.1  8.23496  2
 3.1  8.92726  4
 3.1  8.92726  4
 3.1  8.92729  4
 3.1  8.92729  4
 3.1  9.66269  4
 3.1  9.6627  4
 3.1  9.6627  4
 3.1  9.66271  4
 3.1  11.3697  12
 3.1  11.3697  12
 3.1  11.3697  12
 3.1  11.3697  12
 3.1  11.3697  12
 3.1  11.3697  12
 3.1  11.3697  12
 3.1  11.3697  12
 3.1  11.3697  12
 3.1  11.3697  12
 3.1  11.3697  12
 3.1  11.3697  12

 3.2  0.809636  2
 3.2  0.80971  2
 3.2  4.25685  4
 3.2  4.25685  4
 3.2  4.25685  4
 3.2  4.25685  4
 3.2  4.7429  4
 3.2  4.7429  4
 3.2  4.74291  4
 3.2  4.74291  4
 3.2  6.85651  12
 3.2  6.85651  12
 3.2  6.85651  12
 3.2  6.85651  12
 3.2  6.85651  12
 3.2  6.85651  12
 3.2  6.85651  12
 3.2  6.85651  12
 3.2  6.85651  12
 3.2  6.85651  12
 3.2  6.85651  12
 3.2  6.85651  12
 3.2  7.18309  4
 3.2  7.18309  4
 3.2  7.18311  4
 3.2  7.18311  4
 3.2  7.27993  2
 3.2  7.27994  2
 3.2  8.35289  2
 3.2  8.35299  2
 3.2  9.05133  4
 3.2  9.05133  4
 3.2  9.05135  4
 3.2  9.05135  4
 3.2  9.69136  4
 3.2  9.69136  4
 3.2  9.69137  4
 3.2  9.69137  4
 3.2  11.4744  12
 3.2  11.4744  12
 3.2  11.4744  12
 3.2  11.4744  12
 3.2  11.4744  12
 3.2  11.4744  12
 3.2  11.4744  12
 3.2  11.4744  12
 3.2  11.4744  12
 3.2  11.4744  12
 3.2  11.4744  12
 3.2  11.4744  12

 3.3  0.804624  2
 3.3  0.804689  2
 3.3  4.31034  4
 3.3  4.31034  4
 3.3  4.31034  4
 3.3  4.31034  4
 3.3  4.74899  4
 3.3  4.749  4
 3.3  4.749  4
 3.3  4.749  4
 3.3  6.92558  12
 3.3  6.92558  12
 3.3  6.92558  12
 3.3  6.92558  12
 3.3  6.92558  12
 3.3  6.92558  12
 3.3  6.92558  12
 3.3  6.92558  12
 3.3  6.92558  12
 3.3  6.92558  12
 3.3  6.92558  12
 3.3  6.92558  12
 3.3  7.28871  6
 3.3  7.28871  6
 3.3  7.28871  6
 3.3  7.28871  6
 3.3  7.28901  6
 3.3  7.28901  6
 3.3  8.46799  2
 3.3  8.46808  2
 3.3  9.17202  4
 3.3  9.17202  4
 3.3  9.17204  4
 3.3  9.17204  4
 3.3  9.71831  4
 3.3  9.71832  4
 3.3  9.71832  4
 3.3  9.71833  4
 3.3  11.5744  12
 3.3  11.5744  12
 3.3  11.5744  12
 3.3  11.5744  12
 3.3  11.5744  12
 3.3  11.5744  12
 3.3  11.5744  12
 3.3  11.5744  12
 3.3  11.5744  12
 3.3  11.5744  12
 3.3  11.5744  12
 3.3  11.5744  12

 3.4  0.800031  2
 3.4  0.800089  2
 3.4  4.36269  4
 3.4  4.36269  4
 3.4  4.36269  4
 3.4  4.36269  4
 3.4  4.75483  4
 3.4  4.75483  4
 3.4  4.75484  4
 3.4  4.75484  4
 3.4  6.99259  12
 3.4  6.99259  12
 3.4  6.99259  12
 3.4  6.99259  12
 3.4  6.99259  12
 3.4  6.99259  12
 3.4  6.99259  12
 3.4  6.99259  12
 3.4  6.99259  12
 3.4  6.99259  12
 3.4  6.99259  12
 3.4  6.99259  12
 3.4  7.33256  2
 3.4  7.33257  2
 3.4  7.39036  4
 3.4  7.39036  4
 3.4  7.39038  4
 3.4  7.39038  4
 3.4  8.58027  2
 3.4  8.58034  2
 3.4  9.28951  4
 3.4  9.28951  4
 3.4  9.28953  4
 3.4  9.28953  4
 3.4  9.7437  4
 3.4  9.74371  4
 3.4  9.74371  4
 3.4  9.74372  4
 3.4  11.6701  12
 3.4  11.6701  12
 3.4  11.6701  12
 3.4  11.6701  12
 3.4  11.6701  12
 3.4  11.6701  12
 3.4  11.6701  12
 3.4  11.6701  12
 3.4  11.6701  12
 3.4  11.6701  12
 3.4  11.6701  12
 3.4  11.6701  12

 3.5  0.795816  2
 3.5  0.795868  2
 3.5  4.41393  4
 3.5  4.41393  4
 3.5  4.41393  4
 3.5  4.41393  4
 3.5  4.76041  4
 3.5  4.76042  4
 3.5  4.76042  4
 3.5  4.76042  4
 3.5  7.05763  12
 3.5  7.05763  12
 3.5  7.05763  12
 3.5  7.05763  12
 3.5  7.05763  12
 3.5  7.05763  12
 3.5  7.05763  12
 3.5  7.05763  12
 3.5  7.05763  12
 3.5  7.05763  12
 3.5  7.05763  12
 3.5  7.05763  12
 3.5  7.35617  2
 3.5  7.35618  2
 3.5  7.49084  4
 3.5  7.49084  4
 3.5  7.49085  4
 3.5  7.49085  4
 3.5  8.68981  2
 3.5  8.68988  2
 3.5  9.40392  4
 3.5  9.40392  4
 3.5  9.40393  4
 3.5  9.40393  4
 3.5  9.76763  4
 3.5  9.76763  4
 3.5  9.76764  4
 3.5  9.76764  4
 3.5  11.7617  12
 3.5  11.7617  12
 3.5  11.7617  12
 3.5  11.7617  12
 3.5  11.7617  12
 3.5  11.7617  12
 3.5  11.7617  12
 3.5  11.7617  12
 3.5  11.7617  12
 3.5  11.7617  12
 3.5  11.7617  12
 3.5  11.7617  12

 3.6  0.791938  2
 3.6  0.791985  2
 3.6  4.46409  4
 3.6  4.46409  4
 3.6  4.46409  4
 3.6  4.46409  4
 3.6  4.76576  4
 3.6  4.76576  4
 3.6  4.76576  4
 3.6  4.76576  4
 3.6  7.12078  12
 3.6  7.12078  12
 3.6  7.12078  12
 3.6  7.12078  12
 3.6  7.12078  12
 3.6  7.12078  12
 3.6  7.12078  12
 3.6  7.12078  12
 3.6  7.12078  12
 3.6  7.12078  12
 3.6  7.12078  12
 3.6  7.12078  12
 3.6  7.37817  2
 3.6  7.37818  2
 3.6  7.58927  4
 3.6  7.58927  4
 3.6  7.58929  4
 3.6  7.58929  4
 3.6  8.79675  2
 3.6  8.79681  2
 3.6  9.51538  4
 3.6  9.51538  4
 3.6  9.5154  4
 3.6  9.5154  4
 3.6  9.79019  4
 3.6  9.7902  4
 3.6  9.7902  4
 3.6  9.7902  4
 3.6  11.8496  12
 3.6  11.8496  12
 3.6  11.8496  12
 3.6  11.8496  12
 3.6  11.8496  12
 3.6  11.8496  12
 3.6  11.8496  12
 3.6  11.8496  12
 3.6  11.8496  12
 3.6  11.8496  12
 3.6  11.8496  12
 3.6  11.8496  12

 3.7  0.788364  2
 3.7  0.788406  2
 3.7  4.51319  4
 3.7  4.51319  4
 3.7  4.51319  4
 3.7  4.51319  4
 3.7  4.77086  4
 3.7  4.77086  4
 3.7  4.77087  4
 3.7  4.77087  4
 3.7  7.18213  12
 3.7  7.18213  12
 3.7  7.18213  12
 3.7  7.18213  12
 3.7  7.18213  12
 3.7  7.18213  12
 3.7  7.18213  12
 3.7  7.18213  12
 3.7  7.18213  12
 3.7  7.18213  12
 3.7  7.18213  12
 3.7  7.18213  12
 3.7  7.39872  2
 3.7  7.39873  2
 3.7  7.68573  4
 3.7  7.68573  4
 3.7  7.68574  4
 3.7  7.68574  4
 3.7  8.90116  2
 3.7  8.90121  2
 3.7  9.62403  4
 3.7  9.62403  4
 3.7  9.62404  4
 3.7  9.62404  4
 3.7  9.81148  4
 3.7  9.81149  4
 3.7  9.81149  4
 3.7  9.81149  4
 3.7  11.934  12
 3.7  11.934  12
 3.7  11.934  12
 3.7  11.934  12
 3.7  11.934  12
 3.7  11.934  12
 3.7  11.934  12
 3.7  11.934  12
 3.7  11.934  12
 3.7  11.934  12
 3.7  11.934  12
 3.7  11.934  12

 3.8  0.785061  2
 3.8  0.785099  2
 3.8  4.56129  4
 3.8  4.56129  4
 3.8  4.56129  4
 3.8  4.56129  4
 3.8  4.77574  4
 3.8  4.77574  4
 3.8  4.77574  4
 3.8  4.77575  4
 3.8  7.24177  12
 3.8  7.24177  12
 3.8  7.24177  12
 3.8  7.24177  12
 3.8  7.24177  12
 3.8  7.24177  12
 3.8  7.24177  12
 3.8  7.24177  12
 3.8  7.24177  12
 3.8  7.24177  12
 3.8  7.24177  12
 3.8  7.24177  12
 3.8  7.41793  2
 3.8  7.41794  2
 3.8  7.78025  4
 3.8  7.78025  4
 3.8  7.78026  4
 3.8  7.78026  4
 3.8  9.00314  2
 3.8  9.0032  2
 3.8  9.72998  4
 3.8  9.72998  4
 3.8  9.72999  4
 3.8  9.72999  4
 3.8  9.83159  4
 3.8  9.8316  4
 3.8  9.8316  4
 3.8  9.8316  4
 3.8  12.0152  12
 3.8  12.0152  12
 3.8  12.0152  12
 3.8  12.0152  12
 3.8  12.0152  12
 3.8  12.0152  12
 3.8  12.0152  12
 3.8  12.0152  12
 3.8  12.0152  12
 3.8  12.0152  12
 3.8  12.0152  12
 3.8  12.0152  12

 3.9  0.782005  2
 3.9  0.78204  2
 3.9  4.6084  4
 3.9  4.6084  4
 3.9  4.6084  4
 3.9  4.6084  4
 3.9  4.7804  4
 3.9  4.7804  4
 3.9  4.7804  4
 3.9  4.78041  4
 3.9  7.29977  12
 3.9  7.29977  12
 3.9  7.29977  12
 3.9  7.29977  12
 3.9  7.29977  12
 3.9  7.29977  12
 3.9  7.29977  12
 3.9  7.29977  12
 3.9  7.29977  12
 3.9  7.29977  12
 3.9  7.29977  12
 3.9  7.29977  12
 3.9  7.43591  2
 3.9  7.43591  2
 3.9  7.8729  4
 3.9  7.8729  4
 3.9  7.87291  4
 3.9  7.87291  4
 3.9  9.10281  2
 3.9  9.10285  2
 3.9  9.83437  8
 3.9  9.83437  8
 3.9  9.83437  8
 3.9  9.83437  8
 3.9  9.83443  8
 3.9  9.83443  8
 3.9  9.83444  8
 3.9  9.83444  8
 3.9  12.0869  12
 3.9  12.0869  12
 3.9  12.0869  12
 3.9  12.0869  12
 3.9  12.0869  12
 3.9  12.0869  12
 3.9  12.0869  12
 3.9  12.0869  12
 3.9  12.0869  12
 3.9  12.0869  12
 3.9  12.0869  12
 3.9  12.0869  12

 4  0.779171  2
 4  0.779203  2
 4  4.65455  4
 4  4.65455  4
 4  4.65455  4
 4  4.65455  4
 4  4.78485  4
 4  4.78485  4
 4  4.78485  4
 4  4.78486  4
 4  7.35621  12
 4  7.35621  12
 4  7.35621  12
 4  7.35621  12
 4  7.35621  12
 4  7.35621  12
 4  7.35621  12
 4  7.35621  12
 4  7.35621  12
 4  7.35621  12
 4  7.35621  12
 4  7.35621  12
 4  7.45275  2
 4  7.45276  2
 4  7.96373  4
 4  7.96373  4
 4  7.96375  4
 4  7.96375  4
 4  9.20023  2
 4  9.20027  2
 4  9.86858  4
 4  9.86858  4
 4  9.86858  4
 4  9.86858  4
 4  9.93426  4
 4  9.93426  4
 4  9.93427  4
 4  9.93427  4
 4  12.1155  4
 4  12.1155  4
 4  12.1155  4
 4  12.1155  4
 4  12.1688  8
 4  12.1688  8
 4  12.1688  8
 4  12.1688  8
 4  12.1688  8
 4  12.1688  8
 4  12.1688  8
 4  12.1688  8

 4.5  0.767686  2
 4.5  0.767709  2
 4.5  4.80427  4
 4.5  4.80427  4
 4.5  4.80427  4
 4.5  4.80427  4
 4.5  4.87203  4
 4.5  4.87203  4
 4.5  4.87203  4
 4.5  4.87203  4
 4.5  7.52289  2
 4.5  7.52289  2
 4.5  7.61734  12
 4.5  7.61734  12
 4.5  7.61734  12
 4.5  7.61734  12
 4.5  7.61734  12
 4.5  7.61734  12
 4.5  7.61734  12
 4.5  7.61734  12
 4.5  7.61734  12
 4.5  7.61734  12
 4.5  7.61734  12
 4.5  7.61734  12
 4.5  8.3925  4
 4.5  8.3925  4
 4.5  8.39251  4
 4.5  8.39251  4
 4.5  9.65664  2
 4.5  9.65667  2
 4.5  9.94521  4
 4.5  9.94521  4
 4.5  9.94521  4
 4.5  9.94522  4
 4.5  10.4052  4
 4.5  10.4052  4
 4.5  10.4052  4
 4.5  10.4052  4
 4.5  12.2377  4
 4.5  12.2377  4
 4.5  12.2377  4
 4.5  12.2377  4
 4.5  12.5092  8
 4.5  12.5092  8
 4.5  12.5092  8
 4.5  12.5092  8
 4.5  12.5092  8
 4.5  12.5092  8
 4.5  12.5092  8
 4.5  12.5092  8

 5  0.759446  2
 5  0.759463  2
 5  4.81972  4
 5  4.81973  4
 5  4.81973  4
 5  4.81973  4
 5  5.06986  4
 5  5.06986  4
 5  5.06986  4
 5  5.06986  4
 5  7.57523  2
 5  7.57523  2
 5  7.84862  12
 5  7.84862  12
 5  7.84862  12
 5  7.84862  12
 5  7.84862  12
 5  7.84862  12
 5  7.84862  12
 5  7.84862  12
 5  7.84862  12
 5  7.84862  12
 5  7.84862  12
 5  7.84862  12
 5  8.78346  4
 5  8.78346  4
 5  8.78346  4
 5  8.78346  4
 5  10.0044  4
 5  10.0044  4
 5  10.0044  4
 5  10.0044  4
 5  10.0685  2
 5  10.0685  2
 5  10.8279  4
 5  10.8279  4
 5  10.8279  4
 5  10.8279  4
 5  12.3306  4
 5  12.3306  4
 5  12.3306  4
 5  12.3306  4
 5  12.7614  8
 5  12.7614  8
 5  12.7614  8
 5  12.7614  8
 5  12.7614  8
 5  12.7614  8
 5  12.7616  8
 5  12.7616  8

 5.5  0.753338  2
 5.5  0.753353  2
 5.5  4.8321  4
 5.5  4.8321  4
 5.5  4.8321  4
 5.5  4.8321  4
 5.5  5.25098  4
 5.5  5.25098  4
 5.5  5.25098  4
 5.5  5.25098  4
 5.5  7.61521  2
 5.5  7.61522  2
 5.5  8.05579  12
 5.5  8.05579  12
 5.5  8.05579  12
 5.5  8.05579  12
 5.5  8.05579  12
 5.5  8.05579  12
 5.5  8.05579  12
 5.5  8.05579  12
 5.5  8.05579  12
 5.5  8.05579  12
 5.5  8.05579  12
 5.5  8.05579  12
 5.5  9.14206  4
 5.5  9.14206  4
 5.5  9.14207  4
 5.5  9.14207  4
 5.5  10.0508  4
 5.5  10.0508  4
 5.5  10.0508  4
 5.5  10.0508  4
 5.5  10.4431  2
 5.5  10.4431  2
 5.5  11.2108  4
 5.5  11.2108  4
 5.5  11.2108  4
 5.5  11.2108  4
 5.5  12.4027  4
 5.5  12.4027  4
 5.5  12.4027  4
 5.5  12.4027  4
 5.5  12.8005  6
 5.5  12.8005  6
 5.5  12.8005  6
 5.5  12.8005  6
 5.5  12.8005  6
 5.5  12.8005  6
 5.5  13.0541  2
 5.5  13.0541  2

 6  0.748689  2
 6  0.748702  2
 6  4.8421  4
 6  4.8421  4
 6  4.8421  4
 6  4.8421  4
 6  5.4178  4
 6  5.4178  4
 6  5.4178  4
 6  5.4178  4
 6  7.64639  2
 6  7.64639  2
 6  8.24323  12
 6  8.24323  12
 6  8.24323  12
 6  8.24323  12
 6  8.24323  12
 6  8.24323  12
 6  8.24323  12
 6  8.24323  12
 6  8.24323  12
 6  8.24323  12
 6  8.24323  12
 6  8.24323  12
 6  9.47284  4
 6  9.47284  4
 6  9.47285  4
 6  9.47285  4
 6  10.0878  4
 6  10.0878  4
 6  10.0878  4
 6  10.0878  4
 6  10.7865  2
 6  10.7865  2
 6  11.5607  4
 6  11.5607  4
 6  11.5607  4
 6  11.5607  4
 6  12.4597  4
 6  12.4597  4
 6  12.4597  4
 6  12.4597  4
 6  12.8319  6
 6  12.8319  6
 6  12.8319  6
 6  12.8319  6
 6  12.8319  6
 6  12.8319  6
 6  13.2782  2
 6  13.2782  2

 6.5  0.745071  2
 6.5  0.745082  2
 6.5  4.85025  4
 6.5  4.85025  4
 6.5  4.85025  4
 6.5  4.85025  4
 6.5  5.57229  4
 6.5  5.57229  4
 6.5  5.57229  4
 6.5  5.57229  4
 6.5  7.67114  2
 6.5  7.67114  2
 6.5  8.41428  12
 6.5  8.41428  12
 6.5  8.41428  12
 6.5  8.41428  12
 6.5  8.41428  12
 6.5  8.41428  12
 6.5  8.41428  12
 6.5  8.41428  12
 6.5  8.41428  12
 6.5  8.41428  12
 6.5  8.41428  12
 6.5  8.41428  12
 6.5  9.77955  4
 6.5  9.77955  4
 6.5  9.77955  4
 6.5  9.77955  4
 6.5  10.1176  4
 6.5  10.1176  4
 6.5  10.1176  4
 6.5  10.1176  4
 6.5  11.1033  2
 6.5  11.1033  2
 6.5  11.8826  4
 6.5  11.8826  4
 6.5  11.8826  4
 6.5  11.8826  4
 6.5  12.5053  4
 6.5  12.5053  4
 6.5  12.5053  4
 6.5  12.5053  4
 6.5  12.8573  6
 6.5  12.8573  6
 6.5  12.8573  6
 6.5  12.8573  6
 6.5  12.8573  6
 6.5  12.8573  6
 6.5  13.3397  2
 6.5  13.3398  2

 7  0.742198  2
 7  0.742208  2
 7  4.85696  4
 7  4.85696  4
 7  4.85697  4
 7  4.85697  4
 7  5.71608  4
 7  5.71608  4
 7  5.71608  4
 7  5.71608  4
 7  7.69108  2
 7  7.69108  2
 7  8.57153  12
 7  8.57153  12
 7  8.57153  12
 7  8.57153  12
 7  8.57153  12
 7  8.57153  12
 7  8.57153  12
 7  8.57153  12
 7  8.57153  12
 7  8.57153  12
 7  8.57153  12
 7  8.57153  12
 7  10.0653  4
 7  10.0653  4
 7  10.0653  4
 7  10.0653  4
 7  10.1419  4
 7  10.1419  4
 7  10.1419  4
 7  10.1419  4
 7  11.3971  2
 7  11.3971  2
 7  12.1806  4
 7  12.1806  4
 7  12.1806  4
 7  12.1806  4
 7  12.5425  4
 7  12.5425  4
 7  12.5425  4
 7  12.5425  4
 7  12.878  6
 7  12.878  6
 7  12.878  6
 7  12.878  6
 7  12.878  6
 7  12.878  6
 7  13.376  2
 7  13.376  2

 7.5  0.739881  2
 7.5  0.739891  2
 7.5  4.86255  4
 7.5  4.86255  4
 7.5  4.86255  4
 7.5  4.86255  4
 7.5  5.85051  4
 7.5  5.85051  4
 7.5  5.85051  4
 7.5  5.85051  4
 7.5  7.70738  2
 7.5  7.70738  2
 7.5  8.71704  12
 7.5  8.71704  12
 7.5  8.71704  12
 7.5  8.71704  12
 7.5  8.71704  12
 7.5  8.71704  12
 7.5  8.71704  12
 7.5  8.71704  12
 7.5  8.71704  12
 7.5  8.71704  12
 7.5  8.71704  12
 7.5  8.71704  12
 7.5  10.1621  4
 7.5  10.1621  4
 7.5  10.1621  4
 7.5  10.1621  4
 7.5  10.3326  4
 7.5  10.3326  4
 7.5  10.3326  4
 7.5  10.3326  4
 7.5  11.6711  2
 7.5  11.6711  2
 7.5  12.458  4
 7.5  12.458  4
 7.5  12.458  4
 7.5  12.458  4
 7.5  12.573  4
 7.5  12.573  4
 7.5  12.573  4
 7.5  12.573  4
 7.5  12.8951  6
 7.5  12.8951  6
 7.5  12.8951  6
 7.5  12.8951  6
 7.5  12.8951  6
 7.5  12.8951  6
 7.5  13.4058  2
 7.5  13.4058  2

 8  0.737986  2
 8  0.737994  2
 8  4.86723  4
 8  4.86723  4
 8  4.86723  4
 8  4.86723  4
 8  5.97667  4
 8  5.97667  4
 8  5.97667  4
 8  5.97667  4
 8  7.72086  2
 8  7.72086  2
 8  8.85242  12
 8  8.85242  12
 8  8.85242  12
 8  8.85242  12
 8  8.85242  12
 8  8.85242  12
 8  8.85242  12
 8  8.85242  12
 8  8.85242  12
 8  8.85242  12
 8  8.85242  12
 8  8.85242  12
 8  10.1788  4
 8  10.1788  4
 8  10.1788  4
 8  10.1788  4
 8  10.5837  4
 8  10.5837  4
 8  10.5837  4
 8  10.5837  4
 8  11.9277  2
 8  11.9277  2
 8  12.5984  4
 8  12.5984  4
 8  12.5984  4
 8  12.5984  4
 8  12.7174  4
 8  12.7174  4
 8  12.7174  4
 8  12.7174  4
 8  12.9094  6
 8  12.9094  6
 8  12.9094  6
 8  12.9094  6
 8  12.9094  6
 8  12.9094  6
 8  13.4304  2
 8  13.4304  2
