# generlized Kondo-Heisenberg model
# U/W=1 Jh/U=0.25 n=1/2 L=48
# static structure factor S(q) q=k*pi/L
# k, S(q)
           0    1.8750401132301524E-005
           1    6.7717325852136745E-002
           2    6.2194435746369146E-002
           3   0.12013211103184135     
           4   0.13190583401745173     
           5   0.18567373632588841     
           6   0.20177138622299701     
           7   0.25412141190432902     
           8   0.27189713352246053     
           9   0.32548347409369982     
          10   0.34445348076546323     
          11   0.40213014029895267     
          12   0.42254552326702388     
          13   0.48811284184124082     
          14   0.51072472771566535     
          15   0.59049971333311868     
          16   0.61680825859563315     
          17   0.72368827411324388     
          18   0.75755911614492910     
          19   0.92503670803430138     
          20   0.97969794021805590     
          21    1.3329739900821223     
          22    1.4805667300579501     
          23    3.0000605895034678     
          24    4.7422431848370721     
          25    2.7422004520645484     
          26    1.3908804623361157     
          27    1.2145430518170590     
          28   0.96810675517487632     
          29   0.91325895446912597     
          30   0.82730863731064930     
          31   0.80287315557463290     
          32   0.76437386873447699     
          33   0.75152761305776072     
          34   0.73216364132879930     
          35   0.72474968234931902     
          36   0.71450221860724383     
          37   0.70995198903290890     
          38   0.70452468362289489     
          39   0.70160547796768036     
          40   0.69893509985439373     
          41   0.69704635013880889     
          42   0.69610391678555383     
          43   0.69497429088785934     
          44   0.69523729718354421     
          45   0.69472003024501183     
          46   0.69579244383031147     
          47   0.69553580096662027     
          48   0.69662202781039428     
