# Fourier modes
# block-spiral
0.0020833333333333333     -2.157446606790598e-18
0.004166666666666667     -2.5195391806225542e-18
0.00625     -2.9028121875731478e-18
0.008333333333333333     -3.2973616154521664e-18
0.010416666666666666     -3.689982913749847e-18
0.0125     -4.064003045117473e-18
0.014583333333333334     -4.399269057241534e-18
0.016666666666666666     -4.6723274547057945e-18
0.01875     -4.856822481964159e-18
0.020833333333333332     -4.924132066544756e-18
0.022916666666666665     -4.844247782645628e-18
0.025     -4.586890203243684e-18
0.027083333333333334     -4.122834098077313e-18
0.029166666666666667     -3.4254000373443913e-18
0.03125     -2.4720512267512164e-18
0.03333333333333333     -1.2460181496149331e-18
0.035416666666666666     2.6213974868004247e-19
0.0375     2.0531350875942195e-18
0.03958333333333333     4.117819332127496e-18
0.041666666666666664     6.436414831223025e-18
0.04375     8.97820048990436e-18
0.04583333333333333     1.1701720479945013e-17
0.04791666666666667     1.4555558960907625e-17
0.05     1.747969099415313e-17
0.052083333333333336     2.0407382542309126e-17
0.05416666666666667     2.3267573204196408e-17
0.05625     2.598763722964199e-17
0.058333333333333334     2.849638477244175e-17
0.06041666666666667     3.0727139621573834e-17
0.0625     3.262071474089602e-17
0.06458333333333334     3.4128105001872714e-17
0.06666666666666667     3.5212728559418026e-17
0.06875     3.5852074115954185e-17
0.07083333333333333     3.6038649160107854e-17
0.07291666666666667     3.578017116882794e-17
0.075     3.5098995708955386e-17
0.07708333333333334     3.403082773609473e-17
0.07916666666666666     3.262281043231175e-17
0.08125     3.0931125353986835e-17
0.08333333333333333     2.901826511131473e-17
0.08541666666666667     2.6950153213298384e-17
0.0875     2.4793284545919625e-17
0.08958333333333333     2.26120451976153e-17
0.09166666666666666     2.0466344348674823e-17
0.09375     1.840965705193291e-17
0.09583333333333334     1.6487538857768763e-17
0.09791666666666667     1.4736635339727025e-17
0.1     1.3184175205301064e-17
0.10208333333333333     1.1847907578641917e-17
0.10416666666666667     1.0736423921337156e-17
0.10625     9.849793481744121e-18
0.10833333333333334     9.180437632976562e-18
0.11041666666666666     8.714171609313427e-18
0.1125     8.431350045480459e-18
0.11458333333333333     8.308063197532175e-18
0.11666666666666667     8.317341713673196e-18
0.11875     8.4303376431028e-18
0.12083333333333333     8.617456905257195e-18
0.12291666666666666     8.849423230042622e-18
0.125     9.098255795968584e-18
0.12708333333333333     9.338143137928814e-18
0.12916666666666668     9.546195434353603e-18
0.13125     9.703057284568062e-18
0.13333333333333333     9.793364967957318e-18
0.13541666666666666     9.806037732149174e-18
0.1375     9.734405016160206e-18
0.13958333333333334     9.576197857067885e-18
0.14166666666666666     9.333491344091558e-18
0.14375     9.012822986597268e-18
0.14583333333333334     8.626048974276641e-18
0.14791666666666667     8.193335723263886e-18
0.15     7.751754242846474e-18
0.15208333333333332     7.378037480050245e-18
0.15416666666666667     7.24645981623884e-18
0.15625     7.77263934738514e-18
0.15833333333333333     9.96503044726545e-18
0.16041666666666668     1.6272610342777235e-17
0.1625     3.260426839176494e-17
0.16458333333333333     7.308276229200658e-17
0.16666666666666666     1.711059200228732e-16
0.16875     4.047842435386926e-16
0.17083333333333334     9.547603975124874e-16
0.17291666666666666     2.2341027811958225e-15
0.175     5.1767121687341016e-15
0.17708333333333334     1.1870192086742941e-14
0.17916666666666667     2.6928319906338464e-14
0.18125     6.04324659828878e-14
0.18333333333333332     1.3416121358276526e-13
0.18541666666666667     2.9462809037606063e-13
0.1875     6.400442121957858e-13
0.18958333333333333     1.3754150507092357e-12
0.19166666666666668     2.923784097513559e-12
0.19375     6.1481502165046285e-12
0.19583333333333333     1.2788842943390626e-11
0.19791666666666666     2.6315137416680776e-11
0.2     5.356333782928384e-11
0.20208333333333334     1.0784927363870296e-10
0.20416666666666666     2.148099621417345e-10
0.20625     4.2323270010808694e-10
0.20833333333333334     8.248815964353144e-10
0.21041666666666667     1.590345984182442e-9
0.2125     3.033047570373338e-9
0.21458333333333332     5.722086652659359e-9
0.21666666666666667     1.0678671870469472e-8
0.21875     1.971367791777126e-8
0.22083333333333333     3.6000263113160934e-8
0.22291666666666668     6.50326267789419e-8
0.225     1.1621027285929208e-7
0.22708333333333333     2.0542124111685918e-7
0.22916666666666666     3.5919789259488925e-7
0.23125     6.213121041924418e-7
0.23333333333333334     1.0630983698766922e-6
0.23541666666666666     1.7993874753209074e-6
0.2375     3.0127530690557882e-6
0.23958333333333334     4.98987866223064e-6
0.24166666666666667     8.175306353408897e-6
0.24375     0.000013249689169910104
0.24583333333333332     0.00002124197764740615
0.24791666666666667     0.00003368773469609358
0.25     0.00005284893892181279
0.2520833333333333     0.000082014065246333
0.25416666666666665     0.0001259006609080803
0.25625     0.00019118564638977194
0.25833333333333336     0.00028719056020956336
0.2604166666666667     0.00042674912679804583
0.2625     0.0006272818544683247
0.26458333333333334     0.0009120957071476254
0.26666666666666666     0.0013119150127060219
0.26875     0.0018666315212002922
0.2708333333333333     0.0026272360341114557
0.27291666666666664     0.0036578609494582275
0.275     0.0050378228907298215
0.27708333333333335     0.0068635089128857305
0.2791666666666667     0.009249901580510223
0.28125     0.012331491984805123
0.2833333333333333     0.01626229149649643
0.28541666666666665     0.021214629968409435
0.2875     0.027376428131615466
0.28958333333333336     0.0349466628637789
0.2916666666666667     0.0441288124000747
0.29375     0.0551221784366309
0.29583333333333334     0.06811113363550521
0.29791666666666666     0.08325253147637734
0.3     0.1006617301541627
0.3020833333333333     0.1203979068352123
0.30416666666666664     0.14244955136568088
0.30625     0.16672120412326494
0.30833333333333335     0.19302261456786768
0.3104166666666667     0.22106152059740572
0.3125     0.2504411649887051
0.3145833333333333     0.2806634639208305
0.31666666666666665     0.31113842559324123
0.31875     0.3411999995506881
0.32083333333333336     0.3701280484406107
0.3229166666666667     0.3971756143971558
0.325     0.4216001512448872
0.32708333333333334     0.44269696363259636
0.32916666666666666     0.45983278453805426
0.33125     0.4724772736274112
0.3333333333333333     0.48023025620073284
0.33541666666666664     0.48284275252898695
0.3375     0.48023025620073284
0.33958333333333335     0.4724772736274112
0.3416666666666667     0.45983278453805426
0.34375     0.44269696363259636
0.3458333333333333     0.4216001512448872
0.34791666666666665     0.3971756143971558
0.35     0.3701280484406107
0.35208333333333336     0.3411999995506881
0.3541666666666667     0.31113842559324123
0.35625     0.2806634639208305
0.35833333333333334     0.2504411649887051
0.36041666666666666     0.22106152059740572
0.3625     0.19302261456786768
0.3645833333333333     0.16672120412326494
0.36666666666666664     0.14244955136568088
0.36875     0.1203979068352123
0.37083333333333335     0.1006617301541627
0.3729166666666667     0.08325253147637734
0.375     0.06811113363550521
0.3770833333333333     0.0551221784366309
0.37916666666666665     0.0441288124000747
0.38125     0.0349466628637789
0.38333333333333336     0.027376428131615466
0.3854166666666667     0.021214629968409435
0.3875     0.01626229149649643
0.38958333333333334     0.012331491984805123
0.39166666666666666     0.009249901580510223
0.39375     0.006863508912885732
0.3958333333333333     0.005037822890729823
0.39791666666666664     0.0036578609494582297
0.4     0.002627236034111459
0.40208333333333335     0.0018666315212002957
0.4041666666666667     0.0013119150127060258
0.40625     0.0009120957071476302
0.4083333333333333     0.0006272818544683301
0.41041666666666665     0.000426749126798052
0.4125     0.0002871905602095702
0.41458333333333336     0.00019118564638977942
0.4166666666666667     0.00012590066090808843
0.41875     0.00008201406524634163
0.42083333333333334     0.000052848938921821815
0.42291666666666666     0.000033687734696102815
0.425     0.00002124197764741541
0.4270833333333333     0.00001324968916991913
0.42916666666666664     8.175306353417414e-6
0.43125     4.989878662238341e-6
0.43333333333333335     3.0127530690623498e-6
0.4354166666666667     1.7993874753259887e-6
0.4375     1.0630983698799528e-6
0.4395833333333333     6.213121041935505e-7
0.44166666666666665     3.5919789259353797e-7
0.44375     2.054212411127743e-7
0.44583333333333336     1.1621027285224755e-7
0.4479166666666667     6.503262676876982e-8
0.45     3.6000263099761025e-8
0.45208333333333334     1.971367790111804e-8
0.45416666666666666     1.067867185061658e-8
0.45625     5.722086629740784e-9
0.4583333333333333     3.0330475446013896e-9
0.46041666666666664     1.5903459558423917e-9
0.4625     8.248815658768903e-10
0.46458333333333335     4.232326677341856e-10
0.4666666666666667     2.1480992839486711e-10
0.46875     1.0784923898583725e-10
0.4708333333333333     5.3563302745836815e-11
0.47291666666666665     2.6315102370475238e-11
0.475     1.2788808379404853e-11
0.47708333333333336     6.1481165432550815e-12
0.4791666666666667     2.9237516759816127e-12
0.48125     1.3753841870338701e-12
0.48333333333333334     6.400151563280656e-13
0.48541666666666666     2.9460104555159814e-13
0.4875     1.3413636826607417e-13
0.4895833333333333     6.04100767010354e-14
0.49166666666666664     2.690891383879112e-14
0.49375     1.185505434475583e-14
0.49583333333333335     5.169047807617568e-15
0.4979166666666667     2.2417845251411894e-15
0.5     9.967639679101966e-16
0.5020833333333333     5.261029480356786e-16
0.5041666666666667     4.769380551796365e-16
0.50625     8.063161938471829e-16
0.5083333333333333     1.7474356284293973e-15
0.5104166666666666     3.9627821815673125e-15
0.5125     8.976180777627286e-15
0.5145833333333333     2.014220601020958e-14
0.5166666666666667     4.4717966862140054e-14
0.51875     9.820699651892061e-14
0.5208333333333334     2.1334595133028462e-13
0.5229166666666667     4.584698473073424e-13
0.525     9.745931365023648e-13
0.5270833333333333     2.049382098802077e-12
0.5291666666666667     4.262946584643218e-12
0.53125     8.771711649157449e-12
0.5333333333333333     1.78544453655895e-11
0.5354166666666667     3.5949757560543464e-11
0.5375     7.160332067165486e-11
0.5395833333333333     1.4107756695862054e-10
0.5416666666666666     2.749605327215091e-10
0.54375     5.301153289787325e-10
0.5458333333333333     1.0110158580683375e-9
0.5479166666666667     1.9073622192024456e-9
0.55     3.5595572921842467e-9
0.5520833333333334     6.571225974995327e-9
0.5541666666666667     1.2000087707159402e-8
0.55625     2.167754226276889e-8
0.5583333333333333     3.873675762320778e-8
0.5604166666666667     6.847374704268386e-8
0.5625     1.1973263086893855e-7
0.5645833333333333     2.0710403473498575e-7
0.5666666666666667     3.543661232965462e-7
0.56875     5.997958251113727e-7
0.5708333333333333     1.0042510230230316e-6
0.5729166666666666     1.663292887414626e-6
0.575     2.7251021178073045e-6
0.5770833333333333     4.416563056640917e-6
0.5791666666666667     7.080659215806105e-6
0.58125     0.000011229244898701718
0.5833333333333334     0.000017616312973941233
0.5854166666666667     0.000027338021748781068
0.5875     0.00004196688696936325
0.5895833333333333     0.00006372854879659356
0.5916666666666667     0.00009573018673652382
0.59375     0.0001422497089326844
0.5958333333333333     0.0002090939514894438
0.5979166666666667     0.00030403190238254387
0.6     0.0004373050042353426
0.6020833333333333     0.000622210507066766
0.6041666666666666     0.0008757453447038204
0.60625     0.001219286983152744
0.6083333333333333     0.001679274296909942
0.6104166666666667     0.002287836304295245
0.6125     0.003083300526836743
0.6145833333333334     0.0041104973282683754
0.6166666666666667     0.005420763832165479
0.61875     0.007071543322803147
0.6208333333333333     0.009125476043871823
0.6229166666666667     0.011648887621259634
0.625     0.014709604133358234
0.6270833333333333     0.01837405947887697
0.6291666666666667     0.022703711211835072
0.63125     0.027750843825459122
0.6333333333333333     0.03355391005138757
0.6354166666666666     0.04013263561173743
0.6375     0.0474831837885603
0.6395833333333333     0.05557373470775498
0.6416666666666667     0.06434087152262256
0.64375     0.07368717353246856
0.6458333333333334     0.08348038832956836
0.6479166666666667     0.09355448797361016
0.65     0.1037128085310804
0.6520833333333333     0.11373333318356268
0.6541666666666667     0.12337601614687022
0.65625     0.1323918714657186
0.6583333333333333     0.14053338374829571
0.6604166666666667     0.14756565454419876
0.6625     0.15327759484601805
0.6645833333333333     0.1574924245424704
0.6666666666666666     0.16007675206691097
0.66875     0.16094758417632898
0.6708333333333333     0.16007675206691097
0.6729166666666667     0.1574924245424704
0.675     0.15327759484601805
0.6770833333333334     0.14756565454419876
0.6791666666666667     0.14053338374829571
0.68125     0.1323918714657186
0.6833333333333333     0.12337601614687022
0.6854166666666667     0.11373333318356268
0.6875     0.1037128085310804
0.6895833333333333     0.09355448797361016
0.6916666666666667     0.08348038832956836
0.69375     0.07368717353246856
0.6958333333333333     0.06434087152262256
0.6979166666666666     0.055573734707754986
0.7     0.047483183788560306
0.7020833333333333     0.04013263561173744
0.7041666666666667     0.033553910051387574
0.70625     0.027750843825459125
0.7083333333333334     0.02270371121183508
0.7104166666666667     0.018374059478876978
0.7125     0.014709604133358244
0.7145833333333333     0.011648887621259648
0.7166666666666667     0.009125476043871839
0.71875     0.007071543322803162
0.7208333333333333     0.005420763832165496
0.7229166666666667     0.0041104973282683945
0.725     0.0030833005268367623
0.7270833333333333     0.002287836304295266
0.7291666666666666     0.001679274296909964
0.73125     0.0012192869831527666
0.7333333333333333     0.0008757453447038433
0.7354166666666667     0.0006222105070667889
0.7375     0.00043730500423536534
0.7395833333333334     0.00030403190238256615
0.7416666666666667     0.00020909395148946535
0.74375     0.0001422497089327049
0.7458333333333333     0.0000957301867365431
0.7479166666666667     0.00006372854879661142
0.75     0.00004196688696937954
0.7520833333333333     0.00002733802174879569
0.7541666666666667     0.00001761631297395413
0.75625     0.000011229244898712887
0.7583333333333333     7.080659215815577e-6
0.7604166666666666     4.416563056648763e-6
0.7625     2.7251021178136267e-6
0.7645833333333333     1.6632928874195519e-6
0.7666666666666667     1.0042510230267084e-6
0.76875     5.997958251139598e-7
0.7708333333333334     3.543661232982088e-7
0.7729166666666667     2.071040347358891e-7
0.775     1.1973263086924275e-7
0.7770833333333333     6.847374704253918e-8
0.7791666666666667     3.873675762275146e-8
0.78125     2.1677542262122482e-8
0.7833333333333333     1.2000087706427225e-8
0.7854166666666667     6.571225974263733e-9
0.7875     3.559557291521686e-9
0.7895833333333333     1.9073622186601948e-9
0.7916666666666666     1.0110158576817664e-9
0.79375     5.301153287689966e-10
0.7958333333333333     2.749605326975247e-10
0.7979166666666667     1.4107756711921365e-10
0.8     7.160332100777425e-11
0.8020833333333334     3.5949758057439556e-11
0.8041666666666667     1.7854446004866988e-11
0.80625     8.771712410594115e-12
0.8083333333333333     4.2629474476037566e-12
0.8104166666666667     2.04938304288173e-12
0.8125     9.745941405117395e-13
0.8145833333333333     4.584708843566229e-13
0.8166666666666667     2.1334697435067432e-13
0.81875     9.820790004618705e-14
0.8208333333333333     4.471848999181268e-14
0.8229166666666666     2.0141690671072318e-14
0.825     8.972977731981534e-15
0.8270833333333333     3.952808676703259e-15
0.8291666666666667     1.7207131249156275e-15
0.83125     7.387537329334901e-16
0.8333333333333334     3.1105414255266903e-16
0.8354166666666667     1.2630966412428969e-16
0.8375     4.683151850105771e-17
0.8395833333333333     1.2412235281706925e-17
0.8416666666666667     -2.971433789962397e-18
0.84375     -1.0431167982846299e-17
0.8458333333333333     -1.4646110623066603e-17
0.8479166666666667     -1.7550176069799455e-17
0.85     -1.9917392926882233e-17
0.8520833333333333     -2.203619021608443e-17
0.8541666666666666     -2.3993560080789846e-17
0.85625     -2.579420823043932e-17
0.8583333333333333     -2.7410765794335488e-17
0.8604166666666667     -2.8805526637591e-17
0.8625     -2.994049621969574e-17
0.8645833333333334     -3.078257993584339e-17
0.8666666666666667     -3.130660802205471e-17
0.86875     -3.1497212265556175e-17
0.8708333333333333     -3.13499079170249e-17
0.8729166666666667     -3.087149397152734e-17
0.875     -3.0079817285572275e-17
0.8770833333333333     -2.900294675340791e-17
0.8791666666666667     -2.7677828514995095e-17
0.88125     -2.6148521996571275e-17
0.8833333333333333     -2.446414004096256e-17
0.8854166666666666     -2.2676629966090887e-17
0.8875     -2.0838534409310484e-17
0.8895833333333333     -1.900086151142849e-17
0.8916666666666667     -1.721117503218894e-17
0.89375     -1.551198903046976e-17
0.8958333333333334     -1.393952200230441e-17
0.8979166666666667     -1.2522835162786944e-17
0.9     -1.1283351878436553e-17
0.9020833333333333     -1.0234732439782124e-17
0.9041666666666667     -9.383061865087647e-18
0.90625     -8.727298739081632e-18
0.9083333333333333     -8.259929803749453e-18
0.9104166666666667     -7.967776988663391e-18
0.9125     -7.832909177686664e-18
0.9145833333333333     -7.833618458420842e-18
0.9166666666666666     -7.945428198835126e-18
0.91875     -8.142106697548591e-18
0.9208333333333333     -8.396664524699126e-18
0.9229166666666667     -8.682315750277058e-18
0.925     -8.973383335457556e-18
0.9270833333333334     -9.246127765353153e-18
0.9291666666666667     -9.479476518773627e-18
0.93125     -9.655631255562514e-18
0.9333333333333333     -9.760530574326628e-18
0.9354166666666667     -9.78414947415092e-18
0.9375     -9.720622458811641e-18
0.9395833333333333     -9.568185323502148e-18
0.9416666666666667     -9.328940425874022e-18
0.94375     -9.008460717792011e-18
0.9458333333333333     -8.615257885661123e-18
0.9479166666666666     -8.160148495239254e-18
0.95     -7.655558096760321e-18
0.9520833333333333     -7.114806140703681e-18
0.9541666666666667     -6.551413979877647e-18
0.95625     -5.978474289323741e-18
0.9583333333333334     -5.408113397979001e-18
0.9604166666666667     -4.85106907095955e-18
0.9625     -4.316396172680789e-18
0.9645833333333333     -3.8113024021419274e-18
0.9666666666666667     -3.3411068791324253e-18
0.96875     -2.9093065570953756e-18
0.9708333333333333     -2.5177297805559623e-18
0.9729166666666667     -2.1667530452227558e-18
0.975     -1.8555561312972605e-18
0.9770833333333333     -1.5823919991435632e-18
0.9791666666666666     -1.344850718199011e-18
0.98125     -1.1401007011410137e-18
0.9833333333333333     -9.650950693036976e-19
0.9854166666666667     -8.167355616059304e-19
0.9875     -6.919905956939035e-19
0.9895833333333334     -5.879676048647741e-19
0.9916666666666667     -5.019424569668594e-19
0.99375     -4.313505940730601e-19
0.9958333333333333     -3.7374560642154e-19
0.9979166666666667     -3.267314405954472e-19
1.     -2.878745510357378e-19
1.0020833333333334     -2.5460225212264966e-19
1.0041666666666667     -2.240935057587384e-19
1.00625     -1.931685266342806e-19
1.0083333333333333     -1.5818397668737394e-19
1.0104166666666667     -1.1494114786806608e-19
1.0125     -5.861531687120406e-20
1.0145833333333334     1.6284755619926666e-20
1.0166666666666666     1.159176263439491e-19
1.01875     2.470605904851753e-19
1.0208333333333333     4.17002633277047e-19
1.0229166666666667     6.333713764689214e-19
1.025     9.038891866731852e-19
1.0270833333333333     1.2360575600148872e-18
1.0291666666666666     1.6367740559840354e-18
1.03125     2.111892231323389e-18
1.0333333333333334     2.665741856048928e-18
1.0354166666666667     3.3006336397559467e-18
1.0375     4.016379071758095e-18
1.0395833333333333     4.8098610024349855e-18
1.0416666666666667     5.674693465524388e-18
1.04375     6.601009239263206e-18
1.0458333333333334     7.575410228822973e-18
1.0479166666666666     8.581108669664564e-18
1.05     9.598276515964763e-18
1.0520833333333333     1.0604606720437693e-17
1.0541666666666667     1.1576074375916972e-17
1.05625     1.2487869175137038e-17
1.0583333333333333     1.3315454895182796e-17
1.0604166666666666     1.4035698249647428e-17
1.0625     1.4627999987626276e-17
1.0645833333333334     1.5075356762793578e-17
1.0666666666666667     1.5365283780442428e-17
1.06875     1.549053569060988e-17
1.0708333333333333     1.5449576119185966e-17
1.0729166666666667     1.5246763490626668e-17
1.075     1.4892240773255783e-17
1.0770833333333334     1.4401537539009542e-17
1.0791666666666666     1.3794912264470585e-17
1.08125     1.3096479268676372e-17
1.0833333333333333     1.2333176638611871e-17
1.0854166666666667     1.1533638053192597e-17
1.0875     1.0727032355826764e-17
1.0895833333333333     9.941930478134689e-18
1.0916666666666666     9.205250887488175e-18
1.09375     8.54132352974514e-18
1.0958333333333334     7.971099869542477e-18
1.0979166666666667     7.51152465831469e-18
1.1     7.17507479511202e-18
1.1020833333333333     6.969462975646629e-18
1.1041666666666667     6.8974991199924785e-18
1.10625     6.957100664212668e-18
1.1083333333333334     7.141443064070328e-18
1.1104166666666666     7.439243327149568e-18
1.1125     7.835170952212085e-18
1.1145833333333333     8.310381252728881e-18
1.1166666666666667     8.843164856114846e-18
1.11875     9.409703767518408e-18
1.1208333333333333     9.984918801318025e-18
1.1229166666666666     1.0543385924309617e-17
1.125     1.1060291038550546e-17
1.1270833333333334     1.1512385150514015e-17
1.1291666666666667     1.187889602051293e-17
1.13125     1.2142349480456552e-17
1.1333333333333333     1.2289254658055087e-17
1.1354166666666667     1.231061314408175e-17
1.1375     1.2202223537535045e-17
1.1395833333333334     1.1964771625404863e-17
1.1416666666666666     1.1603727905273519e-17
1.14375     1.1129132835095511e-17
1.1458333333333333     1.055547480296315e-17
1.1479166666666667     9.902154934328547e-18
1.15     9.195731005797466e-18
1.1520833333333333     8.476835159834588e-18
1.1541666666666666     7.818794469146247e-18
1.15625     7.374928425700123e-18
1.1583333333333334     7.495147857732115e-18
1.1604166666666667     9.008050944284602e-18
1.1625     1.3893704555183776e-17
1.1645833333333333     2.686807464410147e-17
1.1666666666666667     5.906999824438387e-17
1.16875     1.3654040706309173e-16
1.1708333333333334     3.194956151132905e-16
1.1729166666666666     7.456253830833429e-16
1.175     1.7262287319966843e-15
1.1770833333333333     3.9571710392973326e-15
1.1791666666666667     8.976374721121375e-15
1.18125     2.0144292592404052e-14
1.1833333333333333     4.4720448135294213e-14
1.1854166666666666     9.820934625691637e-14
1.1875     2.1334802142888794e-13
1.1895833333333334     4.584716270867077e-13
1.1916666666666667     9.74594657126199e-13
1.19375     2.049383396782899e-12
1.1958333333333333     4.2629476891901004e-12
1.1979166666666667     8.771712579065858e-12
1.2     1.7854446129914928e-11
1.2020833333333334     3.594975816074905e-11
1.2041666666666666     7.160332110430205e-11
1.20625     1.410775672182179e-10
1.2083333333333333     2.74960532803347e-10
1.2104166666666667     5.301153288816119e-10
1.2125     1.0110158577971254e-9
1.2145833333333333     1.9073622187703988e-9
1.2166666666666666     3.559557291615035e-9
1.21875     6.571225974324693e-9
1.2208333333333334     1.2000087706436375e-8
1.2229166666666667     2.167754226205648e-8
1.225     3.8736757622583096e-8
1.2270833333333333     6.847374704223753e-8
1.2291666666666667     1.1973263086877354e-7
1.23125     2.0710403473521522e-7
1.2333333333333334     3.543661232972911e-7
1.2354166666666666     5.997958251127579e-7
1.2375     1.0042510230251825e-6
1.2395833333333333     1.6632928874176628e-6
1.2416666666666667     2.725102117811339e-6
1.24375     4.416563056646047e-6
1.2458333333333333     7.0806592158124086e-6
1.2479166666666666     0.000011229244898709248
1.25     0.00001761631297395002
1.2520833333333334     0.000027338021748791104
1.2541666666666667     0.0000419668869693745
1.25625     0.00006372854879660595
1.2583333333333333     0.00009573018673653724
1.2604166666666667     0.00014224970893269873
1.2625     0.00020909395148945888
1.2645833333333334     0.0003040319023825595
1.2666666666666666     0.0004373050042353585
1.26875     0.0006222105070667821
1.2708333333333333     0.0008757453447038364
1.2729166666666667     0.00121928698315276
1.275     0.0016792742969099573
1.2770833333333333     0.0022878363042952597
1.2791666666666666     0.0030833005268367563
1.28125     0.0041104973282683884
1.2833333333333334     0.0054207638321654905
1.2854166666666667     0.007071543322803157
1.2875     0.009125476043871834
1.2895833333333333     0.011648887621259645
1.2916666666666667     0.01470960413335824
1.29375     0.018374059478876974
1.2958333333333334     0.022703711211835075
1.2979166666666666     0.027750843825459125
1.3     0.033553910051387574
1.3020833333333333     0.04013263561173744
1.3041666666666667     0.0474831837885603
1.30625     0.05557373470775498
1.3083333333333333     0.06434087152262256
1.3104166666666666     0.07368717353246856
1.3125     0.08348038832956836
1.3145833333333334     0.09355448797361016
1.3166666666666667     0.1037128085310804
1.31875     0.11373333318356268
1.3208333333333333     0.12337601614687022
1.3229166666666667     0.1323918714657186
1.325     0.14053338374829571
1.3270833333333334     0.14756565454419876
1.3291666666666666     0.15327759484601805
1.33125     0.1574924245424704
1.3333333333333333     0.16007675206691097
1.3354166666666667     0.16094758417632898
1.3375     0.16007675206691097
1.3395833333333333     0.1574924245424704
1.3416666666666666     0.15327759484601805
1.34375     0.14756565454419876
1.3458333333333334     0.14053338374829571
1.3479166666666667     0.1323918714657186
1.35     0.12337601614687022
1.3520833333333333     0.11373333318356268
1.3541666666666667     0.1037128085310804
1.35625     0.09355448797361016
1.3583333333333334     0.08348038832956836
1.3604166666666666     0.07368717353246856
1.3625     0.06434087152262256
1.3645833333333333     0.05557373470775498
1.3666666666666667     0.0474831837885603
1.36875     0.04013263561173743
1.3708333333333333     0.03355391005138757
1.3729166666666666     0.02775084382545912
1.375     0.02270371121183507
1.3770833333333334     0.018374059478876964
1.3791666666666667     0.014709604133358234
1.38125     0.011648887621259634
1.3833333333333333     0.009125476043871823
1.3854166666666667     0.007071543322803146
1.3875     0.0054207638321654775
1.3895833333333334     0.0041104973282683754
1.3916666666666666     0.0030833005268367424
1.39375     0.002287836304295245
1.3958333333333333     0.001679274296909942
1.3979166666666667     0.0012192869831527439
1.4     0.0008757453447038204
1.4020833333333333     0.000622210507066766
1.4041666666666666     0.00043730500423534274
1.40625     0.00030403190238254414
1.4083333333333334     0.00020909395148944416
1.4104166666666667     0.0001422497089326848
1.4125     0.00009573018673652428
1.4145833333333333     0.00006372854879659404
1.4166666666666667     0.00004196688696936372
1.41875     0.00002733802174878147
1.4208333333333334     0.000017616312973941518
1.4229166666666666     0.000011229244898701823
1.425     7.080659215805956e-6
1.4270833333333333     4.4165630566404315e-6
1.4291666666666667     2.7251021178063867e-6
1.43125     1.6632928874131773e-6
1.4333333333333333     1.0042510230209458e-6
1.4354166666666666     5.997958251085401e-7
1.4375     3.5436612329285813e-7
1.4395833333333334     2.0710403473033745e-7
1.4416666666666667     1.197326308632337e-7
1.44375     6.8473747035839e-8
1.4458333333333333     3.873675761515692e-8
1.4479166666666667     2.1677542253467767e-8
1.45     1.200008769658942e-8
1.4520833333333334     6.571225963166739e-9
1.4541666666666666     3.5595572791384438e-9
1.45625     1.9073622050131626e-9
1.4583333333333333     1.0110158428416549e-9
1.4604166666666667     5.301153128518369e-10
1.4625     2.74960515860255e-10
1.4645833333333333     1.41077549554034e-10
1.4666666666666666     7.160330293559575e-11
1.46875     3.5949739720818176e-11
1.4708333333333334     1.785442766085526e-11
1.4729166666666667     8.77169432398274e-12
1.475     4.262929885082631e-12
1.4770833333333333     2.049366268803497e-12
1.4791666666666667     9.74578415393765e-13
1.48125     4.584564685121097e-13
1.4833333333333334     2.1333414234151665e-13
1.4854166666666666     9.819698003326619e-14
1.4875     4.470996284329863e-14
1.4895833333333333     2.0136434332564665e-14
1.4916666666666667     8.972864003028168e-15
1.49375     3.962147957368133e-15
1.4958333333333333     1.7497181710342849e-15
1.4979166666666666     8.11756345009002e-16
1.5     4.8578147060438165e-16
1.5020833333333334     5.385960980215218e-16
1.5041666666666667     1.0131477922011638e-15
1.50625     2.2622857791382064e-15
1.5083333333333333     5.1938683509834504e-15
1.5104166666666667     1.1884358839605827e-14
1.5125     2.6942816524441802e-14
1.5145833333333334     6.0448628076576e-14
1.5166666666666666     1.3417954262298255e-13
1.51875     2.946487303415527e-13
1.5208333333333333     6.400671443162517e-13
1.5229166666666667     1.3754401720721293e-12
1.525     2.923811253042808e-12
1.5270833333333333     6.148179213111754e-12
1.5291666666666666     1.2788873558030354e-11
1.53125     2.6315169402918318e-11
1.5333333333333334     5.356337092399886e-11
1.5354166666666667     1.0784930756929301e-10
1.5375     2.1480999663364158e-10
1.5395833333333333     4.232327348922511e-10
1.5416666666666667     8.248816312550947e-10
1.54375     1.5903460187995707e-9
1.5458333333333334     3.0330476045725606e-9
1.5479166666666666     5.7220866862515214e-9
1.55     1.0678671903292978e-8
1.5520833333333333     1.9713677949691934e-8
1.5541666666666667     3.600026314407051e-8
1.55625     6.503262680875536e-8
1.5583333333333333     1.162102728879443e-7
1.5604166666666666     2.0542124114430117e-7
1.5625     3.591978926210846e-7
1.5645833333333334     6.213121042173631e-7
1.5666666666666667     1.0630983699003189e-6
1.56875     1.7993874753432231e-6
1.5708333333333333     3.0127530690767807e-6
1.5729166666666667     4.9898786622503e-6
1.575     8.17530635342722e-6
1.5770833333333334     0.00001324968916992709
1.5791666666666666     0.00002124197764742181
1.58125     0.000033687734696107925
1.5833333333333333     0.00005284893892182584
1.5854166666666667     0.00008201406524634482
1.5875     0.0001259006609080909
1.5895833333333333     0.00019118564638978137
1.5916666666666666     0.00028719056020957176
1.59375     0.00042674912679805315
1.5958333333333334     0.0006272818544683311
1.5979166666666667     0.000912095707147631
1.6     0.0013119150127060269
1.6020833333333333     0.0018666315212002964
1.6041666666666667     0.0026272360341114596
1.60625     0.00365786094945823
1.6083333333333334     0.005037822890729824
1.6104166666666666     0.006863508912885733
1.6125     0.009249901580510225
1.6145833333333333     0.012331491984805125
1.6166666666666667     0.016262291496496432
1.61875     0.021214629968409435
1.6208333333333333     0.027376428131615466
1.6229166666666666     0.0349466628637789
1.625     0.0441288124000747
1.6270833333333334     0.0551221784366309
1.6291666666666667     0.06811113363550521
1.63125     0.08325253147637734
1.6333333333333333     0.1006617301541627
1.6354166666666667     0.1203979068352123
1.6375     0.14244955136568088
1.6395833333333334     0.16672120412326494
1.6416666666666666     0.19302261456786768
1.64375     0.22106152059740572
1.6458333333333333     0.2504411649887051
1.6479166666666667     0.2806634639208305
1.65     0.31113842559324123
1.6520833333333333     0.3411999995506881
1.6541666666666666     0.3701280484406107
1.65625     0.3971756143971558
1.6583333333333334     0.4216001512448872
1.6604166666666667     0.44269696363259636
1.6625     0.45983278453805426
1.6645833333333333     0.4724772736274112
1.6666666666666667     0.48023025620073284
1.66875     0.48284275252898695
1.6708333333333334     0.48023025620073284
1.6729166666666666     0.4724772736274112
1.675     0.45983278453805426
1.6770833333333333     0.44269696363259636
1.6791666666666667     0.4216001512448872
1.68125     0.3971756143971558
1.6833333333333333     0.3701280484406107
1.6854166666666666     0.3411999995506881
1.6875     0.31113842559324123
1.6895833333333334     0.2806634639208305
1.6916666666666667     0.2504411649887051
1.69375     0.22106152059740572
1.6958333333333333     0.19302261456786768
1.6979166666666667     0.16672120412326494
1.7     0.14244955136568088
1.7020833333333334     0.1203979068352123
1.7041666666666666     0.1006617301541627
1.70625     0.08325253147637734
1.7083333333333333     0.06811113363550521
1.7104166666666667     0.05512217843663089
1.7125     0.04412881240007469
1.7145833333333333     0.03494666286377889
1.7166666666666666     0.027376428131615456
1.71875     0.02121462996840942
1.7208333333333334     0.01626229149649642
1.7229166666666667     0.012331491984805107
1.725     0.009249901580510207
1.7270833333333333     0.006863508912885715
1.7291666666666667     0.005037822890729806
1.73125     0.003657860949458211
1.7333333333333334     0.0026272360341114396
1.7354166666666666     0.0018666315212002758
1.7375     0.0013119150127060058
1.7395833333333333     0.0009120957071476096
1.7416666666666667     0.0006272818544683094
1.74375     0.00042674912679803136
1.7458333333333333     0.00028719056020954975
1.7479166666666666     0.00019118564638975934
1.75     0.00012590066090806878
1.7520833333333334     0.00008201406524632265
1.7541666666666667     0.00005284893892180361
1.75625     0.00003368773469608559
1.7583333333333333     0.000021241977647399335
1.7604166666666667     0.000013249689169904416
1.7625     8.175306353404268e-6
1.7645833333333334     4.9898786622269915e-6
1.7666666666666666     3.0127530690530248e-6
1.76875     1.7993874753189279e-6
1.7708333333333333     1.0630983698753905e-6
1.7729166666666667     6.213121041917124e-7
1.775     3.591978925946295e-7
1.7770833333333333     2.0542124111697202e-7
1.7791666666666666     1.162102728596884e-7
1.78125     6.503262677954172e-8
1.7833333333333334     3.600026311389421e-8
1.7854166666666667     1.971367791857823e-8
1.7875     1.0678671871300438e-8
1.7895833333333333     5.722086653474104e-9
1.7916666666666667     3.0330475711402984e-9
1.79375     1.590345984877633e-9
1.7958333333333334     8.248815970411573e-10
1.7979166666666666     4.232327006121787e-10
1.8     2.1480996253562708e-10
1.8020833333333333     1.0784927391673426e-10
1.8041666666666667     5.356333798749155e-11
1.80625     2.63151374518177e-11
1.8083333333333333     1.2788842852048619e-11
1.8104166666666666     6.148149994347039e-12
1.8125     2.9237837386106564e-12
1.8145833333333334     1.3754145469694036e-12
1.8166666666666667     6.400435528864553e-13
1.81875     2.946272617323906e-13
1.8208333333333333     1.3416019850823345e-13
1.8229166666666667     6.043124385335586e-14
1.825     2.692686649675483e-14
1.8270833333333334     1.1868479646208933e-14
1.8291666666666666     5.17470967392554e-15
1.83125     2.2317763989233753e-15
1.8333333333333333     9.52074183560285e-16
1.8354166666666667     4.0170109624487216e-16
1.8375     1.6758879325437753e-16
1.8395833333333333     6.909612400097953e-17
1.8416666666666666     2.8115768929714414e-17
1.84375     1.1254900852683529e-17
1.8458333333333334     4.397648137555894e-18
1.8479166666666667     1.6438557548935005e-18
1.85     5.549728106184333e-19
1.8520833333333333     1.343800244843893e-19
1.8541666666666667     -2.0705462459773578e-20
1.85625     -7.124475001621588e-20
1.8583333333333334     -8.079292136514393e-20
1.8604166666666666     -7.405213236234288e-20
1.8625     -6.032444840891164e-20
1.8645833333333333     -4.278130856082919e-20
1.8666666666666667     -2.206686679032819e-20
1.86875     2.337190153240393e-21
1.8708333333333333     3.162161123688713e-20
1.8729166666666666     6.74970954817312e-20
1.875     1.1216863470368418e-19
1.8770833333333334     1.6835285859917562e-19
1.8791666666666667     2.3930270342466296e-19
1.88125     3.2882126430761e-19
1.8833333333333333     4.412526417974116e-19
1.8854166666666667     5.814394757665159e-19
1.8875     7.546377065696412e-19
1.8895833333333334     9.66380203302292e-19
1.8916666666666666     1.222282843232944e-18
1.89375     1.527789686515709e-18
1.8958333333333333     1.8878581383246526e-18
1.8979166666666667     2.3065903259977625e-18
1.9     2.7868230680934696e-18
1.9020833333333333     3.3296953315123958e-18
1.9041666666666666     3.934218366822857e-18
1.90625     4.596879075964222e-18
1.9083333333333334     5.311310851577414e-18
1.9104166666666667     6.0680674245232405e-18
1.9125     6.854533592611338e-18
1.9145833333333333     7.655001736373975e-18
1.9166666666666667     8.450934724006389e-18
1.91875     9.221424495164135e-18
1.9208333333333334     9.943841990932565e-18
1.9229166666666666     1.0594659197686093e-17
1.925     1.1150409177706899e-17
1.9270833333333333     1.158873647513947e-17
1.9291666666666667     1.1889479589504639e-17
1.93125     1.203572048959498e-17
1.9333333333333333     1.2014734252733716e-17
1.9354166666666666     1.1818775266967473e-17
1.9375     1.144564492965158e-17
1.9395833333333334     1.0898998812085113e-17
1.9416666666666667     1.018836778850196e-17
1.94375     9.328886269506938e-18
1.9458333333333333     8.340739874073626e-18
1.9479166666666667     7.248363043671791e-18
1.95     6.079432813600623e-18
1.9520833333333334     4.8637170536713735e-18
1.9541666666666666     3.631843186355081e-18
1.95625     2.4140563137374154e-18
1.9583333333333333     1.2390338759411253e-18
1.9604166666666667     1.3281783290487962e-19
1.9625     -8.820843859285595e-19
1.9645833333333333     -1.787391371966424e-18
1.9666666666666666     -2.5695070099623677e-18
1.96875     -3.2197376423702347e-18
1.9708333333333334     -3.734271638139029e-18
1.9729166666666667     -4.113939027240248e-18
1.975     -4.36378001923373e-18
1.9770833333333333     -4.4924598329764705e-18
1.9791666666666667     -4.51157296704834e-18
1.98125     -4.4348826842758924e-18
1.9833333333333334     -4.277541120273921e-18
1.9854166666666666     -4.055332298480526e-18
1.9875     -3.783974855518764e-18
1.9895833333333333     -3.4785139997970044e-18
1.9916666666666667     -3.1528237845537118e-18
1.99375     -2.819231856736967e-18
1.9958333333333333     -2.4882701138902972e-18
1.9979166666666666     -2.1685467636883745e-18
2.     -1.8667286219982802e-18