# generlized Kondo-Heisenberg model
# U/W=1 Jh/U=0.25 n=1/3 L=48
# static structure factor S(q) q=k*pi/L
# k, S(q)
           0     1.1437225001070233E-003
           1    0.10217406550579480     
           2     8.0362409277746197E-002
           3    0.16727300767190484     
           4    0.16746831740684753     
           5    0.25486336936925874     
           6    0.26120350986813723     
           7    0.35624758371777154     
           8    0.36553612772582800     
           9    0.48148947964249988     
          10    0.49375313643785418     
          11    0.66076465728817091     
          12    0.68359468203901597     
          13     1.0124386010667861     
          14     1.0942533920273012     
          15     2.5408882568139619     
          16     4.1461681835926658     
          17     2.1851396130079190     
          18    0.97694425807838681     
          19    0.84027988315336355     
          20    0.64662831837502288     
          21    0.60451994038860146     
          22    0.54175091601440672     
          23    0.52383410815834952     
          24    0.49905819501842796     
          25    0.49133302906699894     
          26    0.48265573074818824     
          27    0.48135433985456688     
          28    0.48186212903675535     
          29    0.48594934934577971     
          30    0.49346608626431521     
          31    0.50305920698842743     
          32    0.51667754758094930     
          33    0.53218839467184531     
          34    0.54836222250849720     
          35    0.56521682608505330     
          36    0.58309264727343280     
          37    0.60160342213805795     
          38    0.62070012647729966     
          39    0.64093882731222018     
          40    0.66060436862857086     
          41    0.68233289300815125     
          42    0.70144390290354797     
          43    0.72502887831417673     
          44    0.74254021014040850     
          45    0.77381203238172747     
          46    0.79267801512964675     
          47    0.90352173179815631     
          48     1.0697504058924849     
