# Fourier modes
# pi/2 block
0.002     -6.803226453056195e-19
0.004     -5.253334372955768e-19
0.006     -3.3329268286582183e-19
0.008     -1.0539211515259442e-19
0.01     1.556975974361373e-19
0.012     4.458135455378865e-19
0.014     7.593672644611394e-19
0.016     1.0894928339850193e-18
0.018     1.4282719778432976e-18
0.02     1.7670259273431257e-18
0.022     2.0966585441472617e-18
0.024     2.4080309889452585e-18
0.026     2.6923455023224716e-18
0.028     2.9415149256651405e-18
0.03     3.1484955581422112e-18
0.032     3.3075637578350228e-18
0.034     3.414521103410816e-18
0.036     3.4668185291927416e-18
0.038     3.463596104815468e-18
0.04     3.4056414624801117e-18
0.042     3.2952756922167607e-18
0.044     3.1361803028690233e-18
0.046     2.933182174084191e-18
0.048     2.69201504851624e-18
0.05     2.4190759572276103e-18
0.052     2.1211931377603698e-18
0.054     1.805418758695741e-18
0.056     1.4788555010607678e-18
0.058     1.1485212444270855e-18
0.06     8.212512762027061e-19
0.062     5.036330805259906e-19
0.064     2.0196529710496952e-19
0.066     -7.776980482257678e-20
0.068     -3.2993182265043085e-19
0.07     -5.492565388313732e-19
0.072     -7.309079140906509e-19
0.074     -8.705534724909952e-19
0.076     -9.64464865303541e-19
0.078     -1.0096410952140075e-18
0.08     -1.0039476603729669e-18
0.082     -9.462611949158737e-19
0.084     -8.366064488501835e-19
0.086     -6.762709902133803e-19
0.088     -4.678830320009329e-19
0.09     -2.1543934907142564e-19
0.092     7.572673388795424e-20
0.094     3.9904307335616186e-19
0.096     7.468628769727294e-19
0.098     1.1106905924287351e-18
0.1     1.4814595099911363e-18
0.102     1.8498464698688965e-18
0.104     2.2066056165415106e-18
0.106     2.5429012146031686e-18
0.108     2.8506193536757285e-18
0.11     3.122639967178535e-18
0.112     3.3530538309470217e-18
0.114     3.537313780597253e-18
0.116     3.672314838487611e-18
0.118     3.7564037271112205e-18
0.12     3.7893237873667224e-18
0.122     3.77210606871302e-18
0.124     3.706920854463418e-18
0.126     3.596905808933382e-18
0.128     3.4459871353509755e-18
0.13     3.258708651417187e-18
0.132     3.040080738355718e-18
0.134     2.7954570656776305e-18
0.136     2.530442312721224e-18
0.138     2.2508293296769698e-18
0.14     1.9625598335755877e-18
0.142     1.671699289620641e-18
0.144     1.3844144517190583e-18
0.146     1.1069413550782189e-18
0.148     8.45532436210231e-19
0.15     6.063738072288556e-19
0.152     3.9546728779846565e-19
0.154     2.1847623190271624e-19
0.156     8.053902371267113e-20
0.158     -1.3941139217066705e-20
0.16     -6.151739835279732e-20
0.162     -5.991541287547354e-20
0.164     -8.226899635153485e-21
0.166     9.293728456160057e-20
0.168     2.413508109248652e-19
0.17     4.3314546092139563e-19
0.172     6.62863286029854e-19
0.174     9.235904993777315e-19
0.176     1.2071702037615597e-18
0.178     1.50448499862713e-18
0.18     1.8057949769753205e-18
0.182     2.101112126674906e-18
0.184     2.380589107778077e-18
0.186     2.634899078720777e-18
0.188     2.8555838226069317e-18
0.19     3.035349840648031e-18
0.192     3.1682961239493036e-18
0.194     3.250062627727651e-18
0.196     3.2778945790145417e-18
0.198     3.2506241065311668e-18
0.2     3.1685767306784776e-18
0.202     3.0334154716264055e-18
0.204     2.847939290546842e-18
0.206     2.6158549652215248e-18
0.208     2.3415421595925613e-18
0.21     2.0298303805305753e-18
0.212     1.6858038810122005e-18
0.214     1.3146466567020415e-18
0.216     9.215348832376463e-19
0.218     5.115789068176177e-19
0.22     8.981170347420119e-20
0.222     -3.3878398555116404e-19
0.224     -7.692214586209361e-19
0.226     -1.1964430452376343e-18
0.228     -1.6152557646670002e-18
0.23     -2.0202848842165595e-18
0.232     -2.4059589155042384e-18
0.234     -2.7665365965203917e-18
0.236     -3.0961823729166284e-18
0.238     -3.3890921496718456e-18
0.24     -3.639666029385757e-18
0.242     -3.84271981226209e-18
0.244     -3.993722631329379e-18
0.246     -4.089044627224273e-18
0.248     -4.1261963565918596e-18
0.25     -4.104040907699839e-18
0.252     -4.022960576976307e-18
0.254     -3.88496241563488e-18
0.256     -3.693710820259505e-18
0.258     -3.4544803162469037e-18
0.26     -3.1740273581166296e-18
0.262     -2.8603858586341664e-18
0.264     -2.5225967396090984e-18
0.266     -2.17038656924652e-18
0.268     -1.8138138814747953e-18
0.27     -1.4629037447441357e-18
0.272     -1.1272913954148044e-18
0.274     -8.158942790098712e-19
0.276     -5.366288285926869e-19
0.278     -2.9618408496228565e-19
0.28     -9.985927844893652e-20
0.282     4.8532733917126004e-20
0.284     1.4669921857036312e-19
0.286     1.938457095627685e-19
0.288     1.906087629533648e-19
0.29     1.389551546171918e-19
0.292     4.20595118913523e-20
0.294     -9.582881470901427e-20
0.296     -2.6952104623488434e-19
0.298     -4.730205471777128e-19
0.3     -6.9964710590732e-19
0.302     -9.421507316310617e-19
0.304     -1.1928070101928529e-18
0.306     -1.4434688803921669e-18
0.308     -1.6855027062293857e-18
0.31     -1.909417546649678e-18
0.312     -2.1037034910458564e-18
0.314     -2.2516829900138047e-18
0.316     -2.323467267754673e-18
0.318     -2.2560351434602914e-18
0.32     -1.9048530018898057e-18
0.322     -9.280860949646868e-19
0.324     1.487107373289109e-18
0.326     7.264237184233353e-18
0.328     2.0916068013529192e-17
0.33     5.2925643812365605e-17
0.332     1.2739482854375772e-16
0.334     2.9916184793234806e-16
0.336     6.917006477998227e-16
0.338     1.5801330295062207e-15
0.34     3.5710994655297525e-15
0.342     7.988307195974793e-15
0.344     1.7690023093328077e-14
0.346     3.878368314857434e-14
0.348     8.418310715056645e-14
0.35     1.8090821036117136e-13
0.352     3.8490126573128925e-13
0.354     8.10770589170451e-13
0.356     1.6908458810277874e-12
0.358     3.491140359077861e-12
0.36     7.136540841493083e-12
0.362     1.4443262731191883e-11
0.364     2.8940094853973624e-11
0.366     5.741054346355308e-11
0.368     1.1275619907032038e-10
0.37     2.1925335906617724e-10
0.372     4.220939626215898e-10
0.374     8.045056171850955e-10
0.376     1.5181199121675033e-9
0.378     2.8362213887540742e-9
0.38     5.246035609820435e-9
0.382     9.60681429904123e-9
0.384     1.7417451607673945e-8
0.386     3.126416862997694e-8
0.388     5.556050847264831e-8
0.39     9.775581344115182e-8
0.392     1.7028485793542616e-7
0.394     2.936746933898428e-7
0.396     5.014343390258933e-7
0.398     8.476541152904992e-7
0.4     1.418666563560512e-6
0.402     2.3507099541850256e-6
0.404     3.856335540377755e-6
0.406     6.263363810402748e-6
0.408     0.000010071577931149596
0.41     0.000016034094970875618
0.412     0.0000252725137141364
0.414     0.000039437509874959496
0.416     0.0000609294958938437
0.418     0.00009319717319414491
0.42     0.0001411350722004245
0.422     0.00021160416659579098
0.424     0.0003141018796277892
0.426     0.00046160862069258323
0.428     0.0006716365800214596
0.43     0.0009675019019063472
0.432     0.0013798324954793673
0.434     0.0019483095744467392
0.436     0.0027236206370346984
0.438     0.0037695744296816396
0.44     0.00516529446061668
0.442     0.0070073676131621335
0.444     0.009411780146242594
0.446     0.012515427855500985
0.448     0.016476944680859744
0.45     0.021476560083219215
0.452     0.027714676535765082
0.454     0.035408861430672844
0.456     0.04478897931450598
0.458     0.05609025623060337
0.46     0.06954417149138832
0.462     0.08536721362777684
0.464     0.10374771260785305
0.466     0.12483116093083739
0.468     0.14870464817418838
0.47     0.1753812387770362
0.472     0.2047852996864852
0.474     0.23673990984677237
0.476     0.2709575351436449
0.478     0.30703511179482146
0.48     0.3444545363245408
0.482     0.3825893082808221
0.484     0.4207177207275765
0.486     0.4580425628185632
0.488     0.4937168188927074
0.49     0.5268743587716088
0.492     0.5566641588733126
0.494     0.5822862187941371
0.496     0.603027084345618
0.498     0.6182927876653221
0.5     0.6276370865167413
0.502     0.6307831305050402
0.504     0.6276370865167413
0.506     0.6182927876653221
0.508     0.603027084345618
0.51     0.5822862187941371
0.512     0.5566641588733126
0.514     0.5268743587716088
0.516     0.49371681889270747
0.518     0.45804256281856326
0.52     0.4207177207275766
0.522     0.38258930828082216
0.524     0.34445453632454087
0.526     0.3070351117948215
0.528     0.27095753514364496
0.53     0.2367399098467724
0.532     0.20478529968648523
0.534     0.17538123877703624
0.536     0.1487046481741884
0.538     0.12483116093083742
0.54     0.10374771260785307
0.542     0.08536721362777686
0.544     0.06954417149138835
0.546     0.05609025623060339
0.548     0.044788979314506004
0.55     0.03540886143067286
0.552     0.0277146765357651
0.554     0.02147656008321923
0.556     0.016476944680859758
0.558     0.012515427855500999
0.56     0.009411780146242608
0.562     0.007007367613162147
0.564     0.005165294460616695
0.566     0.0037695744296816543
0.568     0.002723620637034713
0.57     0.001948309574446754
0.572     0.001379832495479382
0.574     0.0009675019019063616
0.576     0.0006716365800214744
0.578     0.00046160862069259814
0.58     0.0003141018796278041
0.582     0.000211604166595806
0.584     0.00014113507220043955
0.586     0.00009319717319415998
0.588     0.000060929495893858676
0.59     0.00003943750987497437
0.592     0.000025272513714151077
0.594     0.00001603409497089004
0.596     0.000010071577931163679
0.598     6.263363810416423e-6
0.6     3.856335540390956e-6
0.602     2.350709954197694e-6
0.604     1.4186665635725951e-6
0.606     8.476541153019554e-7
0.608     5.014343390366922e-7
0.61     2.9367469339996704e-7
0.612     1.702848579448717e-7
0.614     9.775581344992793e-8
0.616     5.556050848077723e-8
0.618     3.126416863749289e-8
0.62     1.7417451614621924e-8
0.622     9.60681430547553e-9
0.624     5.246035615803142e-9
0.626     2.836221394353389e-9
0.628     1.5181199174562676e-9
0.63     8.045056222394557e-10
0.632     4.220939675199256e-10
0.634     2.1925336388832348e-10
0.636     1.1275620389710925e-10
0.638     5.741054837666779e-11
0.64     2.8940099936089485e-11
0.642     1.4443268066358613e-11
0.644     7.136546515700164e-12
0.646     3.491146460935152e-12
0.648     1.6908525024882922e-12
0.65     8.107778262202241e-13
0.652     3.849092189713612e-13
0.654     1.809169854073415e-13
0.656     8.419281477822557e-14
0.658     3.879443911111188e-14
0.66     1.7701947544625444e-14
0.662     8.001523651001498e-15
0.664     3.5857332397356695e-15
0.666     1.5963091094126588e-15
0.668     7.095409637605434e-16
0.67     3.1878194686207158e-16
0.672     1.488999800523437e-16
0.674     7.640645701575389e-17
0.676     4.6443746296017e-17
0.678     3.488565089962036e-17
0.68     3.121991516588039e-17
0.682     3.0900006397818105e-17
0.684     3.196471612747633e-17
0.686     3.356051263339044e-17
0.688     3.5303120344311846e-17
0.69     3.700531647563851e-17
0.692     3.85628424706621e-17
0.694     3.99078337649952e-17
0.696     4.099071207851911e-17
0.698     4.177384253486551e-17
0.7     4.222985527131726e-17
0.702     4.2341614741124195e-17
0.704     4.2102550277903574e-17
0.706     4.151680040467198e-17
0.708     4.0598949615654666e-17
0.71     3.937329188844074e-17
0.712     3.78726388073561e-17
0.714     3.613674080758541e-17
0.716     3.4210422148521535e-17
0.718     3.214154878945383e-17
0.72     2.9978955157130824e-17
0.722     2.777045198603017e-17
0.724     2.5561024381953797e-17
0.726     2.3391308926404094e-17
0.728     2.1296413351317295e-17
0.73     1.9305114627348953e-17
0.732     1.7439443728008214e-17
0.734     1.5714640068116312e-17
0.736     1.4139437403479814e-17
0.738     1.2716626969012973e-17
0.74     1.1443833359490463e-17
0.742     1.0314434082639599e-17
0.744     9.318554325502142e-18
0.746     8.444073416242249e-18
0.748     7.677587680496898e-18
0.75     7.005284767278356e-18
0.752     6.413695989073974e-18
0.754     5.89030485269514e-18
0.756     5.424001002479714e-18
0.758     5.005378706134747e-18
0.76     4.626887428235546e-18
0.762     4.282848766998614e-18
0.764     3.969359020495988e-18
0.766     3.6840999425502666e-18
0.768     3.4260819579534693e-18
0.77     3.195344386553985e-18
0.772     2.9926362570561025e-18
0.774     2.8190992697164276e-18
0.776     2.675971596930402e-18
0.778     2.5643277023548947e-18
0.78     2.4848654274306477e-18
0.782     2.4377474561485108e-18
0.784     2.4225001411419597e-18
0.786     2.4379687674328514e-18
0.788     2.4823248423711767e-18
0.79     2.5531181078848015e-18
0.792     2.6473638189490722e-18
0.794     2.7616545232330726e-18
0.796     2.8922851628980975e-18
0.798     3.0353807935243445e-18
0.8     3.1870175075147768e-18
0.802     3.3433291286892305e-18
0.804     3.500594724525864e-18
0.806     3.655304733385985e-18
0.808     3.804206272418248e-18
0.81     3.944330722154549e-18
0.812     4.073008743366391e-18
0.814     4.187879284625194e-18
0.816     4.286899766234217e-18
0.818     4.368364439100767e-18
0.82     4.430936961530079e-18
0.822     4.473701637050085e-18
0.824     4.496235698520661e-18
0.826     4.4987027316864466e-18
0.828     4.48196503629198e-18
0.83     4.447710632771216e-18
0.832     4.398588894398462e-18
0.834     4.3383475053730974e-18
0.836     4.2719626229034704e-18
0.838     4.205753691007758e-18
0.84     4.147474195727216e-18
0.842     4.10636962086177e-18
0.844     4.09319382690322e-18
0.846     4.1201749501937365e-18
0.848     4.2009217045281896e-18
0.85     4.350260769177888e-18
0.852     4.583995982611221e-18
0.854     4.918580643429503e-18
0.856     5.370695722788629e-18
0.858     5.956729593788531e-18
0.86     6.692159295277418e-18
0.862     7.590839540823992e-18
0.864     8.664213615685667e-18
0.866     9.920469664690114e-18
0.868     1.1363676056099812e-17
0.87     1.2992939620139029e-17
0.872     1.480163948454728e-17
0.874     1.6776795708766177e-17
0.876     1.8898634700996512e-17
0.878     2.1140411399350795e-17
0.88     2.3468540651530788e-17
0.882     2.5843076861965397e-17
0.884     2.821856211276734e-17
0.886     3.054523957621901e-17
0.888     3.277060271894421e-17
0.89     3.4841223668758005e-17
0.892     3.6704778627476306e-17
0.894     3.8312166909053417e-17
0.896     3.961960541208946e-17
0.898     4.05905739734373e-17
0.9     4.1197490247980717e-17
0.902     4.1423005774495284e-17
0.904     4.12608370015304e-17
0.906     4.071607460716668e-17
0.908     3.9804949013485586e-17
0.91     3.855406659407442e-17
0.912     3.6999166501883545e-17
0.914     3.51834792271937e-17
0.916     3.31557923021285e-17
0.918     3.0968344089939605e-17
0.92     2.86746723268668e-17
0.922     2.6327539988148308e-17
0.924     2.3977048025511675e-17
0.926     2.1669024254201778e-17
0.928     1.944375239555109e-17
0.93     1.7335077534904812e-17
0.932     1.536989656638717e-17
0.934     1.3568016842879224e-17
0.936     1.1942345050068712e-17
0.938     1.049935250543187e-17
0.94     9.239753232696577e-18
0.942     8.15932724966808e-18
0.944     7.249822975205338e-18
0.946     6.4998785590851064e-18
0.948     5.895911078047344e-18
0.95     5.4229336519775375e-18
0.952     5.0652724010940324e-18
0.954     4.807166735578482e-18
0.956     4.63324692170216e-18
0.958     4.528891642654178e-18
0.96     4.480475064466024e-18
0.962     4.4755176506982054e-18
0.964     4.5027577463598844e-18
0.966     4.552161999583381e-18
0.968     4.614892309118343e-18
0.97     4.683245504391685e-18
0.972     4.750579703767619e-18
0.974     4.811238548408454e-18
0.976     4.860481527289586e-18
0.978     4.894425605552955e-18
0.98     4.910000517216615e-18
0.982     4.904917524832414e-18
0.984     4.87764929510836e-18
0.986     4.827416877183865e-18
0.988     4.754178659981477e-18
0.99     4.658615660048608e-18
0.992     4.542107553990471e-18
0.994     4.406694488911521e-18
0.996     4.255020814642004e-18
0.998     4.090258384627581e-18
1.     3.916008842284704e-18
1.002     3.736186201080578e-18
1.004     3.554882885578646e-18
1.006     3.3762240764071464e-18
1.008     3.204216558828142e-18
1.01     3.0425992021147443e-18
1.012     2.8947026186947093e-18
1.014     2.763325430017764e-18
1.016     2.650633902759984e-18
1.018     2.558090555787253e-18
1.02     2.4864157519836506e-18
1.022     2.4355843857503473e-18
1.024     2.404857685110805e-18
1.026     2.3928480096165274e-18
1.028     2.3976124900957942e-18
1.03     2.4167695690757227e-18
1.032     2.4476310945462262e-18
1.034     2.487341706271472e-18
1.036     2.533016914285362e-18
1.038     2.5818715460860843e-18
1.04     2.631331129731424e-18
1.042     2.6791202327973472e-18
1.044     2.723323690959788e-18
1.046     2.762418888795507e-18
1.048     2.7952796176501392e-18
1.05     2.821154328007169e-18
1.052     2.8396236102593337e-18
1.054     2.8505432887153323e-18
1.056     2.853980447182664e-18
1.058     2.8501499242606454e-18
1.06     2.8393582949888966e-18
1.062     2.8219611400009058e-18
1.064     2.798337613762827e-18
1.066     2.7688841416995415e-18
1.068     2.734026727462514e-18
1.07     2.6942490813058164e-18
1.072     2.650131826356032e-18
1.074     2.602396605891404e-18
1.076     2.5519481500653127e-18
1.078     2.499907341462567e-18
1.08     2.4476290428272544e-18
1.082     2.396699837095763e-18
1.084     2.3489127323474105e-18
1.086     2.306218105927675e-18
1.088     2.2706524792943166e-18
1.09     2.244248901777007e-18
1.092     2.228934571436468e-18
1.094     2.2264226683760325e-18
1.096     2.2381061078287872e-18
1.098     2.2649609860818875e-18
1.1     2.3074669030120217e-18
1.102     2.3655501690835348e-18
1.104     2.438554257881995e-18
1.106     2.5252398977763786e-18
1.108     2.6238150780196727e-18
1.11     2.7319931503242006e-18
1.112     2.8470753025512613e-18
1.114     2.966052111462747e-18
1.116     3.085717760468981e-18
1.118     3.202789911820181e-18
1.12     3.314028183854554e-18
1.122     3.4163446912978257e-18
1.124     3.5069011051969025e-18
1.126     3.583188084165593e-18
1.128     3.643084592625888e-18
1.13     3.684896403713437e-18
1.132     3.7073748221929674e-18
1.134     3.709718196179891e-18
1.136     3.691559972628724e-18
1.138     3.652947778209946e-18
1.14     3.594318205019379e-18
1.142     3.516471631736574e-18
1.144     3.4205505530858045e-18
1.146     3.3080236154987434e-18
1.148     3.1806760032351522e-18
1.15     3.040605159494077e-18
1.152     2.890219250989857e-18
1.154     2.7322344793591452e-18
1.156     2.5696664732798814e-18
1.158     2.405810684940023e-18
1.16     2.2442070314720993e-18
1.162     2.0885849695241194e-18
1.164     1.9427867057553757e-18
1.166     1.8106682022034524e-18
1.168     1.6959798571374282e-18
1.17     1.6022310195985654e-18
1.172     1.5325446067313237e-18
1.174     1.4895098235864813e-18
1.176     1.4750421517383632e-18
1.178     1.49026024027185e-18
1.18     1.5353890262116463e-18
1.182     1.609697325510913e-18
1.184     1.711476333640652e-18
1.186     1.8380630833607763e-18
1.188     1.9859101051472574e-18
1.19     2.150699537966771e-18
1.192     2.3274969772324798e-18
1.194     2.510937653353902e-18
1.196     2.695435317565841e-18
1.198     2.87540264258986e-18
1.2     3.045471142930604e-18
1.202     3.2006986404095653e-18
1.204     3.3367531358526667e-18
1.206     3.45006352302425e-18
1.208     3.5379297614565884e-18
1.21     3.5985877271059974e-18
1.212     3.6312267658783826e-18
1.214     3.6359607511723675e-18
1.216     3.61375596337121e-18
1.218     3.5663211630105416e-18
1.22     3.495966662219546e-18
1.222     3.405439915940943e-18
1.224     3.297745135666138e-18
1.226     3.1759537356248263e-18
1.228     3.0430111959591397e-18
1.23     2.901544380680853e-18
1.232     2.7536717432025467e-18
1.234     2.6008174782862515e-18
1.236     2.4435298208765564e-18
1.238     2.281303594829576e-18
1.24     2.1124079496726907e-18
1.242     1.933722057872636e-18
1.244     1.740584315709283e-18
1.246     1.5266640908541318e-18
1.248     1.2838689371575787e-18
1.25     1.0023039693483762e-18
1.252     6.703031754671865e-19
1.254     2.745542099842906e-19
1.256     -1.9966196490610512e-19
1.258     -7.680978719392632e-19
1.26     -1.4470195176743498e-18
1.262     -2.2525348222483003e-18
1.264     -3.1997769305184956e-18
1.266     -4.301962313273586e-18
1.268     -5.569358353849274e-18
1.27     -7.008209996255081e-18
1.272     -8.619688518504402e-18
1.274     -1.039893597237892e-17
1.276     -1.2334284713916399e-17
1.278     -1.440673137248065e-17
1.28     -1.6589737616860674e-17
1.282     -1.8849415805371445e-17
1.284     -2.1145136396547337e-17
1.286     -2.343056696211251e-17
1.288     -2.5655121642437418e-17
1.29     -2.77657673954624e-17
1.292     -2.970910229804879e-17
1.294     -3.1433594462310336e-17
1.296     -3.289185059044532e-17
1.298     -3.404277294285816e-17
1.3     -3.4853463589511506e-17
1.302     -3.5300744612949104e-17
1.304     -3.537217899097087e-17
1.306     -3.506649050335353e-17
1.308     -3.439327229075074e-17
1.31     -3.337179714554193e-17
1.312     -3.202849237466643e-17
1.314     -3.039196944530742e-17
1.316     -2.848281910066913e-17
1.318     -2.6291330408748502e-17
1.32     -2.3726704563414177e-17
1.322     -2.049896439037633e-17
1.324     -1.5843188730267484e-17
1.326     -7.878148394408071e-18
1.328     7.87354371367086e-18
1.33     4.1867231980659995e-17
1.332     1.181850352592503e-16
1.334     2.9165319153078753e-16
1.336     6.857408019180257e-16
1.338     1.5755710155723347e-15
1.34     3.567790656201654e-15
1.342     7.98611699685117e-15
1.344     1.7688829275625404e-14
1.346     3.878337690259983e-14
1.348     8.418359301223766e-14
1.35     1.809094052267156e-13
1.352     3.8490309721564243e-13
1.354     8.107729935817196e-13
1.356     1.690848801224209e-12
1.358     3.4911437424473815e-12
1.36     7.136544638252673e-12
1.362     1.4443266893148727e-11
1.364     2.8940099333828612e-11
1.366     5.741054821476406e-11
1.368     1.1275620404748377e-10
1.37     2.192533642258362e-10
1.372     4.2209396792333975e-10
1.374     8.045056225928348e-10
1.376     1.5181199176506708e-9
1.378     2.836221394288725e-9
1.38     5.246035615390029e-9
1.382     9.606814304637049e-9
1.384     1.741745161329509e-8
1.386     3.12641686356299e-8
1.388     5.556050847834617e-8
1.39     9.775581344691318e-8
1.392     1.7028485794127386e-7
1.394     2.936746933958026e-7
1.396     5.014343390319926e-7
1.398     8.476541152967657e-7
1.4     1.4186665635669734e-6
1.402     2.3507099541917087e-6
1.404     3.8563355403846855e-6
1.406     6.263363810409949e-6
1.408     0.000010071577931157092
1.41     0.00001603409497088343
1.412     0.000025272513714144548
1.414     0.00003943750987496801
1.416     0.00006092949589385259
1.418     0.00009319717319415419
1.42     0.0001411350722004342
1.422     0.0002116041665958011
1.424     0.0003141018796277997
1.426     0.0004616086206925942
1.428     0.0006716365800214707
1.43     0.0009675019019063589
1.432     0.001379832495479379
1.434     0.0019483095744467513
1.436     0.002723620637034711
1.438     0.003769574429681652
1.44     0.005165294460616692
1.442     0.007007367613162146
1.444     0.009411780146242606
1.446     0.012515427855500997
1.448     0.016476944680859758
1.45     0.02147656008321923
1.452     0.027714676535765093
1.454     0.03540886143067285
1.456     0.044788979314506
1.458     0.05609025623060338
1.46     0.06954417149138835
1.462     0.08536721362777686
1.464     0.10374771260785305
1.466     0.1248311609308374
1.468     0.1487046481741884
1.47     0.17538123877703624
1.472     0.20478529968648523
1.474     0.2367399098467724
1.476     0.27095753514364496
1.478     0.3070351117948215
1.48     0.34445453632454087
1.482     0.38258930828082216
1.484     0.4207177207275766
1.486     0.45804256281856326
1.488     0.49371681889270747
1.49     0.5268743587716088
1.492     0.5566641588733126
1.494     0.5822862187941371
1.496     0.603027084345618
1.498     0.6182927876653221
1.5     0.6276370865167413
1.502     0.6307831305050402
1.504     0.6276370865167413
1.506     0.6182927876653221
1.508     0.603027084345618
1.51     0.5822862187941371
1.512     0.5566641588733126
1.514     0.5268743587716088
1.516     0.49371681889270747
1.518     0.45804256281856326
1.52     0.4207177207275766
1.522     0.38258930828082216
1.524     0.34445453632454087
1.526     0.3070351117948215
1.528     0.27095753514364496
1.53     0.23673990984677235
1.532     0.2047852996864852
1.534     0.1753812387770362
1.536     0.14870464817418838
1.538     0.12483116093083739
1.54     0.10374771260785304
1.542     0.08536721362777683
1.544     0.0695441714913883
1.546     0.056090256230603375
1.548     0.04478897931450599
1.55     0.035408861430672844
1.552     0.027714676535765086
1.554     0.021476560083219222
1.556     0.01647694468085975
1.558     0.012515427855500994
1.56     0.009411780146242605
1.562     0.007007367613162145
1.564     0.005165294460616691
1.566     0.0037695744296816513
1.568     0.002723620637034709
1.57     0.0019483095744467496
1.572     0.0013798324954793775
1.574     0.0009675019019063573
1.576     0.0006716365800214688
1.578     0.0004616086206925919
1.58     0.0003141018796277972
1.582     0.00021160416659579833
1.584     0.00014113507220043115
1.586     0.00009319717319415086
1.588     0.00006092949589384896
1.59     0.000039437509874964104
1.592     0.00002527251371414039
1.594     0.000016034094970879034
1.596     0.000010071577931152486
1.598     6.263363810405176e-6
1.6     3.856335540379791e-6
1.602     2.350709954186747e-6
1.604     1.4186665635620015e-6
1.606     8.47654115291844e-7
1.608     5.014343390271814e-7
1.61     2.936746933911608e-7
1.612     1.7028485793685614e-7
1.614     9.775581344276746e-8
1.616     5.556050847451242e-8
1.618     3.126416863213848e-8
1.62     1.7417451610165932e-8
1.622     9.606814301879331e-9
1.624     5.246035613002554e-9
1.626     2.8362213922608763e-9
1.628     1.5181199159639587e-9
1.63     8.045056212229621e-10
1.632     4.2209396684272237e-10
1.634     2.1925336340648188e-10
1.636     1.1275620346414043e-10
1.638     5.741054784825066e-11
1.64     2.8940099174469534e-11
1.642     1.4443266944239394e-11
1.644     7.13654491949286e-12
1.646     3.4911442932803996e-12
1.648     1.6908496840165022e-12
1.65     8.107742965647551e-13
1.652     3.8490493709121796e-13
1.654     1.809119293087854e-13
1.656     8.418698074620244e-14
1.658     3.878784057104565e-14
1.66     1.7694613673351475e-14
1.662     7.993497843930863e-15
1.664     3.577071521989318e-15
1.666     1.587078554379723e-15
1.668     6.998181562608413e-16
1.67     3.0865150267798045e-16
1.672     1.384531115707933e-16
1.674     6.57395581044539e-17
1.676     3.5656959707499136e-17
1.678     2.4081379121533006e-17
1.68     2.050124066339159e-17
1.682     2.0368998884873977e-17
1.684     2.172062151209978e-17
1.686     2.369783877316687e-17
1.688     2.5909656548802323e-17
1.69     2.816014447120329e-17
1.692     3.0334414009415274e-17
1.694     3.2352202171598576e-17
1.696     3.415001019430346e-17
1.698     3.567509677050455e-17
1.7     3.6884214599903073e-17
1.702     3.7744055046039224e-17
1.704     3.8232089894844034e-17
1.706     3.833723402174181e-17
1.708     3.806007745955236e-17
1.71     3.741259209076307e-17
1.712     3.6417305698819853e-17
1.714     3.510599293688064e-17
1.716     3.351797272880965e-17
1.718     3.169812886106466e-17
1.72     2.96947859049906e-17
1.722     2.7557576330919324e-17
1.724     2.5335427353924783e-17
1.726     2.3074779044540858e-17
1.728     2.081812062943381e-17
1.73     1.8602902311336178e-17
1.732     1.6460848225502785e-17
1.734     1.4417665155012216e-17
1.736     1.2493113876131264e-17
1.738     1.0701387504927601e-17
1.74     9.051725317964454e-18
1.742     7.549181862426288e-18
1.744     6.195469705345721e-18
1.746     4.9897992482486065e-18
1.748     3.929649535984206e-18
1.75     3.0114184907214244e-18
1.752     2.2309179296829876e-18
1.754     1.5836965032686924e-18
1.756     1.0651908660131715e-18
1.758     6.707207268215493e-19
1.76     3.9535594948260886e-19
1.762     2.336929228142355e-19
1.764     1.7958263089750872e-19
1.766     2.258541591725078e-19
1.768     3.6407497010761786e-19
1.77     5.84383604224381e-19
1.772     8.754221333306972e-19
1.774     1.2243854862632894e-18
1.776     1.6171935550955743e-18
1.778     2.0387806865464178e-18
1.78     2.4734866672856883e-18
1.782     2.9055244418168133e-18
1.784     3.3194932363181018e-18
1.786     3.7009019854912154e-18
1.788     4.036667220162306e-18
1.79     4.3155518594655975e-18
1.792     4.528516390526178e-18
1.794     4.668961200972089e-18
1.796     4.73284765535754e-18
1.798     4.718695051858185e-18
1.8     4.6274599920426635e-18
1.802     4.46231311468355e-18
1.804     4.228334872311447e-18
1.806     3.932156536406922e-18
1.808     3.581574599804836e-18
1.81     3.1851661448169474e-18
1.812     2.75192974429665e-18
1.814     2.2909714524447368e-18
1.816     1.811248977514843e-18
1.818     1.3213798679422579e-18
1.82     8.295121840920755e-19
1.822     3.4324934416849467e-19
1.824     -1.3038477793414296e-19
1.826     -5.849583854490382e-19
1.828     -1.0146417862507915e-18
1.83     -1.4142346174234852e-18
1.832     -1.7792276682712685e-18
1.834     -2.1059124278332346e-18
1.836     -2.3915455447334185e-18
1.838     -2.6345682233925297e-18
1.84     -2.8348727292046917e-18
1.842     -2.9941002456574374e-18
1.844     -3.1159469666344107e-18
1.846     -3.2064491677329283e-18
1.848     -3.2742136946549708e-18
1.85     -3.3305583689205852e-18
1.852     -3.389527654123705e-18
1.854     -3.467752800164261e-18
1.856     -3.584132640437361e-18
1.858     -3.759321083951066e-18
1.86     -4.015019705441022e-18
1.862     -4.373088035121286e-18
1.864     -4.854499306474326e-18
1.866     -5.4781844724848426e-18
1.868     -6.2598210611249644e-18
1.87     -7.210634678320182e-18
1.872     -8.336288500727973e-18
1.874     -9.635938908425736e-18
1.876     -1.11015327324034e-17
1.878     -1.2717413045230421e-17
1.88     -1.4460286068482403e-17
1.882     -1.6299582174373754e-17
1.884     -1.819822020286123e-17
1.886     -2.0113757955289697e-17
1.888     -2.199988469832519e-17
1.89     -2.380818598929479e-17
1.892     -2.5490089334208134e-17
1.894     -2.6998883161749127e-17
1.896     -2.82916930009721e-17
1.898     -2.933129866152702e-17
1.9     -3.008768497098718e-17
1.902     -3.0539235747137727e-17
1.904     -3.06735048893485e-17
1.906     -3.048752777016448e-17
1.908     -2.998766798134743e-17
1.91     -2.9189026152901277e-17
1.912     -2.811446625444913e-17
1.914     -2.679333805494706e-17
1.916     -2.5259990382437044e-17
1.918     -2.3552177381385914e-17
1.92     -2.170945887244343e-17
1.922     -1.9771686808968682e-17
1.924     -1.7777654094102356e-17
1.926     -1.576396164702576e-17
1.928     -1.3764136891709455e-17
1.93     -1.180801414392037e-17
1.932     -9.921366838718629e-18
1.934     -8.125764882739844e-18
1.936     -6.438618755664434e-18
1.938     -4.8733657851287634e-18
1.94     -3.4397530941613113e-18
1.942     -2.144175330005534e-18
1.944     -9.900322824672047e-19
1.946     2.191947834416869e-20
1.948     8.932371685073464e-19
1.95     1.6274917688833997e-18
1.952     2.2299972176594676e-18
1.954     2.7075634420363294e-18
1.956     3.06826514067213e-18
1.958     3.3212178521874854e-18
1.96     3.476354390112598e-18
1.962     3.544197582930875e-18
1.964     3.535628738446896e-18
1.966     3.461654686174202e-18
1.968     3.333179081231261e-18
1.97     3.1607854897652226e-18
1.972     2.9545404291396257e-18
1.974     2.7238240119582473e-18
1.976     2.4771943144285238e-18
1.978     2.2222893489424603e-18
1.98     1.9657679226041584e-18
1.982     1.7132880670028453e-18
1.984     1.469519443976088e-18
1.986     1.2381844001571918e-18
1.988     1.0221212912183206e-18
1.99     8.233633520985315e-19
1.992     6.432266867883108e-19
1.994     4.824017551419576e-19
1.996     3.4104386819268695e-19
1.998     2.188594796798396e-19
2.     1.1518630741910102e-19