# Fourier modes
# classical spiral
0.0020833333333333333     -7.200142362444851e-19
0.004166666666666667     -8.518894350606693e-19
0.00625     -9.970409230031447e-19
0.008333333333333333     -1.1543309461059924e-18
0.010416666666666666     -1.3220116911130734e-18
0.0125     -1.49771043250712e-18
0.014583333333333334     -1.6784484801879626e-18
0.016666666666666666     -1.860697503776938e-18
0.01875     -2.040474313145903e-18
0.020833333333333332     -2.213472250764631e-18
0.022916666666666665     -2.375224244001791e-18
0.025     -2.5212895685968725e-18
0.027083333333333334     -2.647453801306752e-18
0.029166666666666667     -2.7499295860334255e-18
0.03125     -2.8255449443190027e-18
0.03333333333333333     -2.8719060800886684e-18
0.035416666666666666     -2.8875229991351078e-18
0.0375     -2.8718887013531776e-18
0.03958333333333333     -2.8255060041589836e-18
0.041666666666666664     -2.7498599159008676e-18
0.04375     -2.647337530116943e-18
0.04583333333333333     -2.521101264260223e-18
0.04791666666666667     -2.3749245521885226e-18
0.05     -2.2130015163726087e-18
0.052083333333333336     -2.039743491217873e-18
0.05416666666666667     -1.8595754612341723e-18
0.05625     -1.6767445603815322e-18
0.058333333333333334     -1.4951509096496408e-18
0.06041666666666667     -1.3182084970548007e-18
0.0625     -1.1487408327827125e-18
0.06458333333333334     -9.889130659071799e-19
0.06666666666666667     -8.4019943314328e-19
0.06875     -7.033825791352949e-19
0.07083333333333333     -5.785796228612899e-19
0.07291666666666667     -4.652889405756098e-19
0.075     -3.6245149875902067e-19
0.07708333333333334     -2.68521126485709e-19
0.07916666666666666     -1.8153922510669296e-19
0.08125     -9.921088716726556e-20
0.08333333333333333     -1.8981023636302205e-20
0.08541666666666667     6.188933780266276e-20
0.0875     1.4624512197232e-19
0.08958333333333333     2.369553174919199e-19
0.09166666666666666     3.368244994773036e-19
0.09375     4.484954546718028e-19
0.09583333333333334     5.743415534580144e-19
0.09791666666666667     7.163490364137304e-19
0.1     8.75991348001005e-19
0.10208333333333333     1.0540998682284938e-18
0.10416666666666667     1.25073762766538e-18
0.10625     1.4650845742635966e-18
0.10833333333333334     1.6953444175087539e-18
0.11041666666666666     1.9386837536303527e-18
0.1125     2.191213874527848e-18
0.11458333333333333     2.4480242640923195e-18
0.11666666666666667     2.703274275966227e-18
0.11875     2.9503459742318954e-18
0.12083333333333333     3.1820568333152658e-18
0.12291666666666666     3.390926276263765e-18
0.125     3.569485308156811e-18
0.12708333333333333     3.710614255843956e-18
0.12916666666666668     3.807890373725007e-18
0.13125     3.855925397135906e-18
0.13333333333333333     3.8506738236765894e-18
0.13541666666666666     3.7896973222329125e-18
0.1375     3.672382909585527e-18
0.13958333333333334     3.500141942510376e-18
0.14166666666666666     3.2766883338980043e-18
0.14375     3.0086712713426324e-18
0.14583333333333334     2.7073806577601388e-18
0.14791666666666667     2.3933523920807933e-18
0.15     2.1084581798485653e-18
0.15208333333333332     1.9468550261412222e-18
0.15416666666666667     2.132704973875891e-18
0.15625     3.2123705129116987e-18
0.15833333333333333     6.523422099277589e-18
0.16041666666666668     1.5325119116887348e-17
0.1625     3.7491042509681176e-17
0.16458333333333333     9.18477076179115e-17
0.16666666666666666     2.2292274647709085e-16
0.16875     5.348615574269206e-16
0.17083333333333334     1.2685197591599024e-15
0.17291666666666666     2.9746544061588985e-15
0.175     6.898465969783554e-15
0.17708333333333334     1.5823425329503307e-14
0.17916666666666667     3.590123509093652e-14
0.18125     8.057372168255652e-14
0.18333333333333332     1.78878995218242e-13
0.18541666666666667     3.9283509149382143e-13
0.1875     8.533901637105548e-13
0.18958333333333333     1.8338848394427648e-12
0.19166666666666668     3.8983771061876375e-12
0.19375     8.197532114618181e-12
0.19583333333333333     1.7051789244691474e-11
0.19791666666666666     3.508684868037824e-11
0.2     7.141778267852121e-11
0.20208333333333334     1.437990305158011e-10
0.20416666666666666     2.8641328192168623e-10
0.20625     5.643102659232544e-10
0.20833333333333334     1.0998421277184146e-9
0.21041666666666667     2.120461311387368e-9
0.2125     4.044063426297052e-9
0.21458333333333332     7.629448869317933e-9
0.21666666666666667     1.4238229159690773e-8
0.21875     2.628490388937454e-8
0.22083333333333333     4.8000350816499744e-8
0.22291666666666668     8.671016903747303e-8
0.225     1.5494703047786692e-7
0.22708333333333333     2.7389498815454684e-7
0.22916666666666666     4.78930523458509e-7
0.23125     8.284161389218342e-7
0.23333333333333334     1.4174644931674241e-6
0.23541666666666666     2.3991833004263013e-6
0.2375     4.0170040920727346e-6
0.23958333333333334     6.653171549639131e-6
0.24166666666666667     0.000010900408471210077
0.24375     0.00001766625222654495
0.24583333333333332     0.00002832263686320629
0.24791666666666667     0.00004491697959478947
0.25     0.00007046525189574837
0.2520833333333333     0.0001093520869951086
0.25416666666666665     0.00016786754787743828
0.25625     0.0002549141951863604
0.25833333333333336     0.0003829207469460824
0.2604166666666667     0.0005689988357307255
0.2625     0.000836375805957764
0.26458333333333334     0.0012161276095301648
0.26666666666666666     0.0017492200169413603
0.26875     0.0024888420282670543
0.2708333333333333     0.0035029813788152726
0.27291666666666664     0.004877147932610968
0.275     0.00671709718763976
0.27708333333333335     0.009151345217180973
0.2791666666666667     0.012333202107346961
0.28125     0.016441989313073495
0.2833333333333333     0.021683055328661903
0.28541666666666665     0.02828617329121258
0.2875     0.036501904175487286
0.28958333333333336     0.04659555048503853
0.2916666666666667     0.05883841653343293
0.29375     0.07349623791550786
0.29583333333333334     0.09081484484734027
0.29791666666666666     0.11100337530183647
0.3     0.13421564020555027
0.3020833333333333     0.16053054244694973
0.30416666666666664     0.1899327351542412
0.30625     0.22229493883101992
0.30833333333333335     0.25736348609049026
0.3104166666666667     0.29474869412987426
0.3125     0.33392155331827345
0.3145833333333333     0.3742179518944406
0.31666666666666665     0.4148512341243216
0.31875     0.45493333273425074
0.32083333333333336     0.49350406458748086
0.3229166666666667     0.5295674858628744
0.325     0.5621335349931829
0.32708333333333334     0.590262618176795
0.32916666666666666     0.6131103793840722
0.33125     0.6299696981698816
0.3333333333333333     0.6403070082676439
0.33541666666666664     0.6437903367053159
0.3375     0.6403070082676439
0.33958333333333335     0.6299696981698816
0.3416666666666667     0.6131103793840722
0.34375     0.590262618176795
0.3458333333333333     0.5621335349931829
0.34791666666666665     0.5295674858628744
0.35     0.49350406458748086
0.35208333333333336     0.45493333273425074
0.3541666666666667     0.4148512341243216
0.35625     0.3742179518944406
0.35833333333333334     0.33392155331827345
0.36041666666666666     0.29474869412987426
0.3625     0.25736348609049026
0.3645833333333333     0.22229493883101992
0.36666666666666664     0.1899327351542412
0.36875     0.16053054244694973
0.37083333333333335     0.13421564020555027
0.3729166666666667     0.11100337530183647
0.375     0.09081484484734027
0.3770833333333333     0.07349623791550786
0.37916666666666665     0.05883841653343293
0.38125     0.04659555048503853
0.38333333333333336     0.036501904175487286
0.3854166666666667     0.02828617329121258
0.3875     0.021683055328661906
0.38958333333333334     0.0164419893130735
0.39166666666666666     0.012333202107346964
0.39375     0.009151345217180976
0.3958333333333333     0.006717097187639764
0.39791666666666664     0.004877147932610973
0.4     0.003502981378815279
0.40208333333333335     0.0024888420282670617
0.4041666666666667     0.0017492200169413686
0.40625     0.0012161276095301744
0.4083333333333333     0.0008363758059577745
0.41041666666666665     0.0005689988357307371
0.4125     0.00038292074694609506
0.41458333333333336     0.00025491419518637424
0.4166666666666667     0.00016786754787745313
0.41875     0.0001093520869951244
0.42083333333333334     0.00007046525189576492
0.42291666666666666     0.00004491697959480661
0.425     0.00002832263686322376
0.4270833333333333     0.000017666252226562448
0.42916666666666664     0.000010900408471227258
0.43125     6.653171549655621e-6
0.43333333333333335     4.0170040920881285e-6
0.4354166666666667     2.3991833004401812e-6
0.4375     1.4174644931793684e-6
0.4395833333333333     8.28416138931433e-7
0.44166666666666665     4.789305234653802e-7
0.44375     2.738949881583496e-7
0.44583333333333336     1.5494703047831722e-7
0.4479166666666667     8.67101690343561e-8
0.45     4.8000350809680626e-8
0.45208333333333334     2.6284903878806065e-8
0.45416666666666666     1.4238229145418067e-8
0.45625     7.629448851479305e-9
0.4583333333333333     4.04406340512112e-9
0.46041666666666664     2.120461287186439e-9
0.4625     1.0998421008784146e-9
0.46458333333333335     5.643102368906388e-10
0.4666666666666667     2.864132511879627e-10
0.46875     1.4379899860041095e-10
0.4708333333333333     7.141775011091032e-11
0.47291666666666665     3.508681598212448e-11
0.475     1.705175691252982e-11
0.47708333333333336     8.197500605131201e-12
0.4791666666666667     3.8983468228093055e-12
0.48125     1.8338561222681627e-12
0.48333333333333334     8.533632824256262e-13
0.48541666666666666     3.9281024155220323e-13
0.4875     1.7885629721006877e-13
0.4895833333333333     8.055322367595016e-14
0.49166666666666664     3.588291759098839e-14
0.49375     1.5807208399023626e-14
0.49583333333333335     6.884217994339305e-15
0.4979166666666667     2.9622019626569915e-15
0.5     1.2576580588888093e-15
0.5020833333333333     5.253649749436573e-16
0.5041666666666667     2.1455500732937433e-16
0.50625     8.437138237774957e-17
0.5083333333333333     3.067607412228628e-17
0.5104166666666666     8.956188482912312e-18
0.5125     4.0602816650723718e-19
0.5145833333333333     -2.822437044925625e-18
0.5166666666666667     -3.9595413390493575e-18
0.51875     -4.311883595526331e-18
0.5208333333333334     -4.3940740471397146e-18
0.5229166666666667     -4.398919346492645e-18
0.525     -4.390685971274494e-18
0.5270833333333333     -4.383759650548264e-18
0.5291666666666667     -4.374389136788157e-18
0.53125     -4.353409315064553e-18
0.5333333333333333     -4.311305440287668e-18
0.5354166666666667     -4.240193328849296e-18
0.5375     -4.1345378458588916e-18
0.5395833333333333     -3.991329754945117e-18
0.5416666666666666     -3.8100058303199165e-18
0.54375     -3.5922285277131936e-18
0.5458333333333333     -3.3415780927482024e-18
0.5479166666666667     -3.0631873457116205e-18
0.55     -2.7633419804956738e-18
0.5520833333333334     -2.4490669527675818e-18
0.5541666666666667     -2.127718431056959e-18
0.55625     -1.806599330381568e-18
0.5583333333333333     -1.4926141610372977e-18
0.5604166666666667     -1.1919757917135271e-18
0.5625     -9.099729576237546e-19
0.5645833333333333     -6.508032567038721e-19
0.5666666666666667     -4.174723165127543e-19
0.56875     -2.11756106539518e-19
0.5708333333333333     -3.42202828628635e-20
0.5729166666666666     1.1571182834959472e-19
0.575     2.3965237906214756e-19
0.5770833333333333     3.401135180158198e-19
0.5791666666666667     4.2035315389604415e-19
0.58125     4.842107826781453e-19
0.5833333333333334     5.35940645819959e-19
0.5854166666666667     5.800476542648798e-19
0.5875     6.211296311464587e-19
0.5895833333333333     6.637277112551482e-19
0.5916666666666667     7.121853765728684e-19
0.59375     7.705157483043978e-19
0.5958333333333333     8.422764818572785e-19
0.5979166666666667     9.304519382185248e-19
0.6     1.037343175070403e-18
0.6020833333333333     1.1644675827723016e-18
0.6041666666666666     1.312471488929803e-18
0.60625     1.4810605285669094e-18
0.6083333333333333     1.6689537605517963e-18
0.6104166666666667     1.873868149066037e-18
0.6125     2.0925399080164014e-18
0.6145833333333334     2.3207881878193896e-18
0.6166666666666667     2.553624631325751e-18
0.61875     2.785409520744225e-18
0.6208333333333333     3.01005178341419e-18
0.6229166666666667     3.2212463320686412e-18
0.625     3.4127384741081002e-18
0.6270833333333333     3.578601859305121e-18
0.6291666666666667     3.713514055635351e-18
0.63125     3.813012689287526e-18
0.6333333333333333     3.873715381891554e-18
0.6354166666666666     3.893488539224999e-18
0.6375     3.871553297296617e-18
0.6395833333333333     3.8085213574872235e-18
0.6416666666666667     3.706358650014298e-18
0.64375     3.568280270540125e-18
0.6458333333333334     3.398585419589041e-18
0.6479166666666667     3.2024456458491063e-18
0.65     2.9856631419123138e-18
0.6520833333333333     2.7544178802088906e-18
0.6541666666666667     2.515022875281107e-18
0.65625     2.2737058398520078e-18
0.6583333333333333     2.0364331300026662e-18
0.6604166666666667     1.8087884191090455e-18
0.6625     1.595914332585231e-18
0.6645833333333333     1.4025206611179987e-18
0.6666666666666666     1.2329580642492165e-18
0.66875     1.0913516322318546e-18
0.6708333333333333     9.817844677623104e-19
0.6729166666666667     9.08517681125009e-19
0.675     8.762299078495229e-19
0.6770833333333334     8.902566801174566e-19
0.6791666666666667     9.568077516517253e-19
0.68125     1.0831388848134783e-18
0.6833333333333333     1.277653833693856e-18
0.6854166666666667     1.5499125639369354e-18
0.6875     1.9105234797473356e-18
0.6895833333333333     2.3709009553517987e-18
0.6916666666666667     2.942875133593918e-18
0.69375     3.638148982477599e-18
0.6958333333333333     4.467608006306642e-18
0.6979166666666666     5.4405005129929045e-18
0.7     6.563520310661933e-18
0.7020833333333333     7.839838138837253e-18
0.7041666666666667     9.268141686821407e-18
0.70625     1.0841755125026194e-17
0.7083333333333334     1.2547915995847854e-17
0.7104166666666667     1.4367288516085076e-17
0.7125     1.6273786614844763e-17
0.7145833333333333     1.8234766722898697e-17
0.7166666666666667     2.0211629553895792e-17
0.71875     2.216084285897112e-17
0.7208333333333333     2.4035365260330934e-17
0.7229166666666667     2.5786417414676993e-17
0.725     2.7365514104642674e-17
0.7270833333333333     2.87266427982072e-17
0.7291666666666666     2.9828453961560906e-17
0.73125     3.063631857783391e-17
0.7333333333333333     3.1124110574671013e-17
0.7354166666666667     3.127558664029502e-17
0.7375     3.1085262312912724e-17
0.7395833333333334     3.05587190730846e-17
0.7416666666666667     2.971231919030252e-17
0.74375     2.8572349298990285e-17
0.7458333333333333     2.7173655877814498e-17
0.7479166666666667     2.5557871991730334e-17
0.75     2.3771361539917957e-17
0.7520833333333333     2.1863022608517112e-17
0.7541666666666667     1.988209441119052e-17
0.75625     1.787610310359847e-17
0.7583333333333333     1.588906208832742e-17
0.7604166666666666     1.396001485143533e-17
0.7625     1.2121976056327105e-17
0.7645833333333333     1.0401292926063188e-17
0.7666666666666667     8.817417035944755e-18
0.76875     7.383049153420645e-18
0.7708333333333334     6.104598585706932e-18
0.7729166666666667     4.9828846428981175e-18
0.775     4.014001449368292e-18
0.7770833333333333     3.1902678373962532e-18
0.7791666666666667     2.5011902586872926e-18
0.78125     1.934377023488544e-18
0.7833333333333333     1.4763550694810521e-18
0.7854166666666667     1.1132542984220612e-18
0.7875     8.313379610032569e-19
0.7895833333333333     6.17369625571644e-19
0.7916666666666666     4.588173286878032e-19
0.79375     3.4390335099243337e-19
0.7958333333333333     2.6151379892064493e-19
0.7979166666666667     2.0098616380386495e-19
0.8     1.5179579658301168e-19
0.8020833333333334     1.0316436067145814e-19
0.8041666666666667     4.3615354756930595e-20
0.80625     -3.9495839894469307e-20
0.8083333333333333     -1.6044699583164121e-19
0.8104166666666667     -3.3557525324822343e-19
0.8125     -5.836267778038899e-19
0.8145833333333333     -9.259885249988572e-19
0.8166666666666667     -1.3867581754323351e-18
0.81875     -1.9926076844849568e-18
0.8208333333333333     -2.7723983144830327e-18
0.8229166666666666     -3.7565115235018625e-18
0.825     -4.9758715200416206e-18
0.8270833333333333     -6.460652140363887e-18
0.8291666666666667     -8.238682910952535e-18
0.83125     -1.0333595982350355e-17
0.8333333333333334     -1.2762785544345375e-17
0.8354166666666667     -1.5535282051686413e-17
0.8375     -1.8649672113597186e-17
0.8395833333333333     -2.209221777365872e-17
0.8416666666666667     -2.5835342546622883e-17
0.84375     -2.9836652707609326e-17
0.8458333333333333     -3.403864845425339e-17
0.8479166666666667     -3.8369249443384966e-17
0.85     -4.2743213234352786e-17
0.8520833333333333     -4.706446560248679e-17
0.8541666666666666     -5.122929263365879e-17
0.85625     -5.513027170772591e-17
0.8583333333333333     -5.86607487782818e-17
0.8604166666666667     -6.171961002246239e-17
0.8625     -6.421605379824627e-17
0.8645833333333334     -6.607404943568112e-17
0.8666666666666667     -6.723617615477865e-17
0.86875     -6.766656916419924e-17
0.8708333333333333     -6.735275868534909e-17
0.8729166666666667     -6.630626642915429e-17
0.875     -6.456191579506999e-17
0.8770833333333333     -6.217590812047105e-17
0.8791666666666667     -5.922280852112323e-17
0.88125     -5.579166261334524e-17
0.8833333333333333     -5.1981522616138444e-17
0.8854166666666666     -4.789669323757845e-17
0.8875     -4.3642012387904567e-17
0.8895833333333333     -3.9318460067663253e-17
0.8916666666666667     -3.50193443355444e-17
0.89375     -3.0827251731401765e-17
0.8958333333333334     -2.68118778800818e-17
0.8979166666666667     -2.302877961841166e-17
0.9     -1.9519019829521576e-17
0.9020833333333333     -1.630961604895223e-17
0.9041666666666667     -1.3414657991415517e-17
0.90625     -1.0836929705251414e-17
0.9083333333333333     -8.569859472884376e-18
0.9104166666666667     -6.599623553961227e-18
0.9125     -4.907245846028029e-18
0.9145833333333333     -3.470561136937885e-18
0.9166666666666666     -2.2659411369785075e-18
0.91875     -1.269716306517643e-18
0.9208333333333333     -4.592594835987955e-19
0.9229166666666667     1.8627301617966573e-19
0.925     6.855225133857222e-19
0.9270833333333334     1.0547922934282345e-18
0.9291666666666667     1.308143665222283e-18
0.93125     1.4576656644041085e-18
0.9333333333333333     1.5138588958021823e-18
0.9354166666666667     1.4860768319955486e-18
0.9375     1.38297391691994e-18
0.9395833333333333     1.2129180503517285e-18
0.9416666666666667     9.843345280882112e-19
0.94375     7.059584970260368e-19
0.9458333333333333     3.869828189821561e-19
0.9479166666666666     3.709743369899555e-20
0.95     -3.3357548896925933e-19
0.9520833333333333     -7.146393679915282e-19
0.9541666666666667     -1.0956572310794727e-18
0.95625     -1.4664411584384784e-18
0.9583333333333334     -1.8173739396151425e-18
0.9604166666666667     -2.1397388719412465e-18
0.9625     -2.426034287005227e-18
0.9645833333333333     -2.670251454003043e-18
0.9666666666666667     -2.8680977947569973e-18
0.96875     -3.0171516040663713e-18
0.9708333333333333     -3.1169393852070614e-18
0.9729166666666667     -3.1689321173053757e-18
0.975     -3.176461876079973e-18
0.9770833333333333     -3.144564846052696e-18
0.9791666666666666     -3.0797605500269074e-18
0.98125     -2.9897798233131487e-18
0.9833333333333333     -2.8832555346648443e-18
0.9854166666666667     -2.7693902982884427e-18
0.9875     -2.6576145669192276e-18
0.9895833333333334     -2.557246805357586e-18
0.9916666666666667     -2.477165269520003e-18
0.99375     -2.4254986541484914e-18
0.9958333333333333     -2.4093409056652207e-18
0.9979166666666667     -2.434494136841342e-18
1.     -2.5052430172672113e-18
1.0020833333333334     -2.624164282939555e-18
1.0041666666666667     -2.7919759770295484e-18
1.00625     -3.007432415270021e-18
1.0083333333333333     -3.267272260526816e-18
1.0104166666666667     -3.5662280318028524e-18
1.0125     -3.897105417408446e-18
1.0145833333333334     -4.250939553705339e-18
1.0166666666666666     -4.617232768731181e-18
1.01875     -4.984274176558113e-18
1.0208333333333333     -5.339536169840708e-18
1.0229166666666667     -5.670136733778166e-18
1.025     -5.9633502031324865e-18
1.0270833333333333     -6.207143312120822e-18
1.0291666666666666     -6.390708861583525e-18
1.03125     -6.504966679737955e-18
1.0333333333333334     -6.543001239406241e-18
1.0354166666666667     -6.500407532083549e-18
1.0375     -6.375521525628691e-18
1.0395833333333333     -6.169518406690572e-18
1.0416666666666667     -5.886370246921525e-18
1.04375     -5.532663973358527e-18
1.0458333333333334     -5.117289721358839e-18
1.0479166666666666     -4.651017968730034e-18
1.05     -4.145990564677481e-18
1.0520833333333333     -3.615155334371175e-18
1.0541666666666667     -3.071676053967959e-18
1.05625     -2.5283492049756426e-18
1.0583333333333333     -1.9970562326426285e-18
1.0604166666666666     -1.488275463695305e-18
1.0625     -1.0106719513622857e-18
1.0645833333333334     -5.707769628069406e-19
1.0666666666666667     -1.727622729486812e-19
1.06875     1.8169150477375724e-19
1.0708333333333333     4.934381256432672e-19
1.0729166666666667     7.65829347855631e-19
1.075     1.0046095141374513e-18
1.0770833333333334     1.2177515436072455e-18
1.0791666666666666     1.4152432258709848e-18
1.08125     1.6088299704836218e-18
1.0833333333333333     1.8117167468881707e-18
1.0854166666666667     2.0382284481033482e-18
1.0875     2.3034249780300132e-18
1.0895833333333333     2.6226656449601715e-18
1.0916666666666666     3.011117514225575e-18
1.09375     3.48320464900694e-18
1.0958333333333334     4.051999838972733e-18
1.0979166666666667     4.728567376670727e-18
1.1     5.5212742509872686e-18
1.1020833333333333     6.435097002185661e-18
1.1041666666666667     7.470961334248464e-18
1.10625     8.625160096290956e-18
1.1083333333333334     9.888901025076864e-18
1.1104166666666666     1.1248037364409736e-17
1.1125     1.2683031092464075e-17
1.1145833333333333     1.416918939618052e-17
1.1166666666666667     1.5677200238718587e-17
1.11875     1.7173973073788802e-17
1.1208333333333333     1.862376737600102e-17
1.1229166666666666     1.998956670240848e-17
1.125     2.1234631933910887e-17
1.1270833333333334     2.232414679284279e-17
1.1291666666666667     2.322685417768016e-17
1.13125     2.3916575312174123e-17
1.1333333333333333     2.4373506433285535e-17
1.1354166666666667     2.458520003529873e-17
1.1375     2.4547158785598584e-17
1.1395833333333334     2.426299835650112e-17
1.1416666666666666     2.3744167967334494e-17
1.14375     2.3009251249060947e-17
1.1458333333333333     2.20829018045042e-17
1.1479166666666667     2.0994494438213213e-17
1.15     1.977659195933781e-17
1.1520833333333333     1.8463337085757446e-17
1.1541666666666666     1.7088878714596923e-17
1.15625     1.568593217106635e-17
1.1583333333333334     1.4284555477396572e-17
1.1604166666666667     1.2911200420922115e-17
1.1625     1.1588070915491226e-17
1.1645833333333333     1.0332794619167219e-17
1.1666666666666667     9.158389547171969e-18
1.16875     8.073487561467926e-18
1.1708333333333334     7.08276250717737e-18
1.1729166666666666     6.187503019750257e-18
1.175     5.386268523675755e-18
1.1770833333333333     4.675570931106195e-18
1.1791666666666667     4.050532816514769e-18
1.18125     3.505483927686044e-18
1.1833333333333333     3.0344702822119523e-18
1.1854166666666666     2.6316624109082617e-18
1.1875     2.2916604260110235e-18
1.1895833333333334     2.009702730550094e-18
1.1916666666666667     1.781791918280681e-18
1.19375     1.6047556354401111e-18
1.1958333333333333     1.4762620345651609e-18
1.1979166666666667     1.3948092611086928e-18
1.2     1.3597065670922195e-18
1.2020833333333334     1.371061534950639e-18
1.2041666666666666     1.4297838605856516e-18
1.20625     1.5376114560293284e-18
1.2083333333333333     1.6971594925820669e-18
1.2104166666666667     1.911987586027484e-18
1.2125     2.1866748133922673e-18
1.2145833333333333     2.526886899290931e-18
1.2166666666666666     2.9394150802902875e-18
1.21875     3.4321623347278583e-18
1.2208333333333334     4.014050451382929e-18
1.2229166666666667     4.69482146213756e-18
1.225     5.48470991360347e-18
1.2270833333333333     6.39396879179832e-18
1.2291666666666667     7.432241864601564e-18
1.23125     8.607788601522488e-18
1.2333333333333334     9.926584021521028e-18
1.2354166666666666     1.139133364118596e-17
1.2375     1.3000461496459471e-17
1.2395833333333333     1.4747144970068422e-17
1.2416666666666667     1.6618481677349108e-17
1.24375     1.859487883355641e-17
1.2458333333333333     2.0649752616340928e-17
1.2479166666666666     2.2749612995078737e-17
1.25     2.4854588195716782e-17
1.2520833333333334     2.6919413356994094e-17
1.2541666666666667     2.889487206901341e-17
1.25625     3.0729640409668286e-17
1.2583333333333333     3.237244456156002e-17
1.2604166666666667     3.3774409168532606e-17
1.2625     3.489144817852083e-17
1.2645833333333334     3.568653625773018e-17
1.2666666666666666     3.6131699082715316e-17
1.26875     3.6209575620754964e-17
1.2708333333333333     3.5914434006662e-17
1.2729166666666667     3.525256238788899e-17
1.275     3.424200342223689e-17
1.2770833333333333     3.29116513896752e-17
1.2791666666666666     3.1299779209730825e-17
1.28125     2.945210437917936e-17
1.2833333333333334     2.741953409684256e-17
1.2854166666666667     2.5255747983742534e-17
1.2875     2.3014780685798403e-17
1.2895833333333333     2.0748756663348108e-17
1.2916666666666667     1.8505907448242353e-17
1.29375     1.6328970526478606e-17
1.2958333333333334     1.4254032426415047e-17
1.2979166666666666     1.2309840436064791e-17
1.3     1.051757129045132e-17
1.3020833333333333     8.89101420658261e-18
1.3041666666666667     7.437101968562068e-18
1.30625     6.15670854131933e-18
1.3083333333333333     5.0456250810139886e-18
1.3104166666666666     4.09562750116343e-18
1.3125     3.295556570042802e-18
1.3145833333333334     2.6323440741315514e-18
1.3166666666666667     2.0919339573800597e-18
1.31875     1.6600636995895072e-18
1.3208333333333333     1.3228869620232524e-18
1.3229166666666667     1.0674325209146573e-18
1.325     8.819059749512304e-19
1.3270833333333334     7.558493094174634e-19
1.3291666666666666     6.801791372131785e-19
1.33125     6.471275864727185e-19
1.3333333333333333     6.5011079780325135e-19
1.3354166666666667     6.835493285353669e-19
1.3375     7.426629212280516e-19
1.3395833333333333     8.232594958515449e-19
1.3416666666666666     9.215351901900767e-19
1.34375     1.033899020672276e-18
1.3458333333333334     1.1568323989446144e-18
1.3479166666666667     1.2867903907633873e-18
1.35     1.4201482871499021e-18
1.3520833333333333     1.5531938179060314e-18
1.3541666666666667     1.6821622419330921e-18
1.35625     1.803308698502634e-18
1.3583333333333334     1.913009732328972e-18
1.3604166666666666     2.0078839664140617e-18
1.3625     2.084920642139193e-18
1.3645833333333333     2.1416043008592447e-18
1.3666666666666667     2.176024318030421e-18
1.36875     2.1869593203334087e-18
1.3708333333333333     2.1739286361432732e-18
1.3729166666666666     2.137205685591392e-18
1.375     2.077791374136738e-18
1.3770833333333334     1.9973488319184493e-18
1.3791666666666667     1.8981039424280393e-18
1.38125     1.782718746981264e-18
1.3833333333333333     1.6541467629063116e-18
1.3854166666666667     1.515480353637769e-18
1.3875     1.3698004679416461e-18
1.3895833333333334     1.2200383476334792e-18
1.3916666666666666     1.0688573006081673e-18
1.39375     9.185605324985884e-19
1.3958333333333333     7.710285575937389e-19
1.3979166666666667     6.276871205729403e-19
1.4     4.895041019723403e-19
1.4020833333333333     3.570117691222906e-19
1.4041666666666666     2.3034913945930635e-19
1.40625     1.0931825366924657e-19
1.4083333333333334     -6.5521435957524785e-21
1.4104166666666667     -1.179416667553722e-19
1.4125     -2.256773221936651e-19
1.4145833333333333     -3.306803614373885e-19
1.4166666666666667     -4.339231382741208e-19
1.41875     -5.363963769119168e-19
1.4208333333333334     -6.390855609800958e-19
1.4229166666666666     -7.429537169930461e-19
1.425     -8.4892685049523385e-19
1.4270833333333333     -9.578778210909942e-19
1.4291666666666667     -1.0706045858536032e-18
1.43125     -1.1877995092313903e-18
1.4333333333333333     -1.3100077726236707e-18
1.4354166666666666     -1.4375746893585098e-18
1.4375     -1.5705837482688507e-18
1.4395833333333334     -1.7087892298099872e-18
1.4416666666666667     -1.851548994762858e-18
1.44375     -1.997764272084263e-18
1.4458333333333333     -2.1458337404946073e-18
1.4479166666666667     -2.293628747993985e-18
1.45     -2.438495081975583e-18
1.4520833333333334     -2.5772843436763702e-18
1.4541666666666666     -2.70641487065994e-18
1.45625     -2.8219585791353975e-18
1.4583333333333333     -2.919746439194797e-18
1.4604166666666667     -2.9954819638978156e-18
1.4625     -3.0448494639605647e-18
1.4645833333333333     -3.063602103912197e-18
1.4666666666666666     -3.0476137787117483e-18
1.46875     -2.992877279758298e-18
1.4708333333333334     -2.895425420359064e-18
1.4729166666666667     -2.7511318385332218e-18
1.475     -2.555288626646157e-18
1.4770833333333333     -2.301694250827107e-18
1.4791666666666667     -1.9805557234032123e-18
1.48125     -1.5734125671942389e-18
1.4833333333333334     -1.0405428305457711e-18
1.4854166666666666     -2.89527954913409e-19
1.4875     9.028792952843751e-19
1.4895833333333333     3.083236478791385e-18
1.4916666666666667     7.59053340981899e-18
1.49375     1.7686581980173435e-17
1.4958333333333333     4.1248334754014776e-17
1.4979166666666666     9.710596329416646e-17
1.5     2.2979030964791646e-16
1.5020833333333334     5.434486549554343e-16
1.5041666666666667     1.2789362085455645e-15
1.50625     2.9870063568575847e-15
1.5083333333333333     6.91285176897518e-15
1.5104166666666667     1.5839930698178064e-14
1.5125     3.591992788452081e-14
1.5145833333333334     8.05946465827487e-14
1.5166666666666666     1.7890216875047856e-13
1.51875     3.9286049778062776e-13
1.5208333333333333     8.534177513503039e-13
1.5229166666666667     1.833914519844822e-12
1.525     3.898408753601163e-12
1.5270833333333333     8.197565567969652e-12
1.5291666666666666     1.7051824311205536e-11
1.53125     3.508688514081079e-11
1.5333333333333334     7.141782029369713e-11
1.5354166666666667     1.4379906903403585e-10
1.5375     2.864133210865934e-10
1.5395833333333333     5.643103054814087e-10
1.5416666666666667     1.0998421674263567e-9
1.54375     2.1204613510175024e-9
1.5458333333333334     4.044063465642096e-9
1.5479166666666666     7.629448908193716e-9
1.55     1.4238229197937324e-8
1.5520833333333333     2.628490392685559e-8
1.5541666666666667     4.8000350853100865e-8
1.55625     8.671016907309876e-8
1.5583333333333333     1.5494703051243727e-7
1.5604166666666666     2.7389498818799374e-7
1.5625     4.78930523490773e-7
1.5645833333333334     8.284161389528611e-7
1.5666666666666667     1.4174644931971643e-6
1.56875     2.3991833004547074e-6
1.5708333333333333     4.0170040920997625e-6
1.5729166666666667     6.6531715496647406e-6
1.575     0.00001090040847123423
1.5770833333333334     0.00001766625222656762
1.5791666666666666     0.00002832263686322746
1.58125     0.00004491697959480913
1.5833333333333333     0.00007046525189576652
1.5854166666666667     0.00010935208699512529
1.5875     0.00016786754787745349
1.5895833333333333     0.0002549141951863743
1.5916666666666666     0.00038292074694609485
1.59375     0.0005689988357307368
1.5958333333333334     0.0008363758059577739
1.5979166666666667     0.0012161276095301737
1.6     0.0017492200169413681
1.6020833333333333     0.0024888420282670612
1.6041666666666667     0.0035029813788152787
1.60625     0.004877147932610973
1.6083333333333334     0.006717097187639764
1.6104166666666666     0.009151345217180976
1.6125     0.012333202107346964
1.6145833333333333     0.0164419893130735
1.6166666666666667     0.021683055328661906
1.61875     0.02828617329121258
1.6208333333333333     0.036501904175487286
1.6229166666666666     0.04659555048503853
1.625     0.05883841653343293
1.6270833333333334     0.07349623791550786
1.6291666666666667     0.09081484484734027
1.63125     0.11100337530183647
1.6333333333333333     0.13421564020555027
1.6354166666666667     0.16053054244694973
1.6375     0.1899327351542412
1.6395833333333334     0.22229493883101992
1.6416666666666666     0.25736348609049026
1.64375     0.29474869412987426
1.6458333333333333     0.33392155331827345
1.6479166666666667     0.3742179518944406
1.65     0.4148512341243216
1.6520833333333333     0.45493333273425074
1.6541666666666666     0.49350406458748086
1.65625     0.5295674858628744
1.6583333333333334     0.5621335349931829
1.6604166666666667     0.590262618176795
1.6625     0.6131103793840722
1.6645833333333333     0.6299696981698816
1.6666666666666667     0.6403070082676439
1.66875     0.6437903367053159
1.6708333333333334     0.6403070082676439
1.6729166666666666     0.6299696981698816
1.675     0.6131103793840722
1.6770833333333333     0.590262618176795
1.6791666666666667     0.5621335349931829
1.68125     0.5295674858628744
1.6833333333333333     0.49350406458748086
1.6854166666666666     0.45493333273425074
1.6875     0.4148512341243216
1.6895833333333334     0.3742179518944406
1.6916666666666667     0.33392155331827345
1.69375     0.29474869412987426
1.6958333333333333     0.25736348609049026
1.6979166666666667     0.22229493883101992
1.7     0.1899327351542412
1.7020833333333334     0.16053054244694973
1.7041666666666666     0.13421564020555027
1.70625     0.11100337530183647
1.7083333333333333     0.09081484484734027
1.7104166666666667     0.07349623791550786
1.7125     0.05883841653343293
1.7145833333333333     0.04659555048503853
1.7166666666666666     0.036501904175487286
1.71875     0.028286173291212576
1.7208333333333334     0.021683055328661903
1.7229166666666667     0.016441989313073495
1.725     0.012333202107346961
1.7270833333333333     0.009151345217180973
1.7291666666666667     0.006717097187639759
1.73125     0.004877147932610968
1.7333333333333334     0.0035029813788152726
1.7354166666666666     0.0024888420282670543
1.7375     0.001749220016941361
1.7395833333333333     0.0012161276095301657
1.7416666666666667     0.000836375805957765
1.74375     0.000568998835730727
1.7458333333333333     0.00038292074694608406
1.7479166666666666     0.0002549141951863624
1.75     0.00016786754787744058
1.7520833333333334     0.00010935208699511129
1.7541666666666667     0.00007046525189575138
1.75625     0.000044916979594792796
1.7583333333333333     0.000028322636863209905
1.7604166666666667     0.000017666252226548824
1.7625     0.000010900408471214161
1.7645833333333334     6.6531715496433835e-6
1.7666666666666666     4.017004092077104e-6
1.76875     2.3991833004307356e-6
1.7708333333333333     1.4174644931718683e-6
1.7729166666666667     8.284161389262353e-7
1.775     4.78930523462817e-7
1.7770833333333333     2.738949881587149e-7
1.7791666666666666     1.5494703048185446e-7
1.78125     8.671016904124582e-8
1.7833333333333334     4.8000350820030846e-8
1.7854166666666667     2.6284903892644724e-8
1.7875     1.4238229162688581e-8
1.7895833333333333     7.629448872039404e-9
1.7916666666666667     4.0440634287451575e-9
1.79375     2.1204613135712483e-9
1.7958333333333334     1.0998421296524224e-9
1.7979166666666666     5.643102676258973e-10
1.8     2.864132834145129e-10
1.8020833333333333     1.4379903182229208e-10
1.8041666666666667     7.141778382302765e-11
1.80625     3.508684968714486e-11
1.8083333333333333     1.7051790136990914e-11
1.8104166666666666     8.197532914013208e-12
1.8125     3.8983778319301036e-12
1.8145833333333334     1.8338855080111107e-12
1.8166666666666667     8.533907884829142e-13
1.81875     3.928356825505265e-13
1.8208333333333333     1.7887955926575222e-13
1.8229166666666667     8.057426209014216e-14
1.825     3.590175203135158e-14
1.8270833333333334     1.582391601498347e-14
1.8291666666666666     6.898924974636204e-15
1.83125     2.9750740667254992e-15
1.8333333333333333     1.2688906409043932e-15
1.8354166666666667     5.351729773498831e-16
1.8375     2.2316333710785986e-16
1.8395833333333333     9.200600672960434e-17
1.8416666666666666     3.7556090738688756e-17
1.84375     1.5287046187148638e-17
1.8458333333333334     6.3740016899105e-18
1.8479166666666667     2.9455242662727826e-18
1.85     1.744937951184157e-18
1.8520833333333333     1.4376082122210892e-18
1.8541666666666667     1.4803684276382439e-18
1.85625     1.6524163517243511e-18
1.8583333333333334     1.863026475447546e-18
1.8604166666666666     2.0737497415419917e-18
1.8625     2.267403179273126e-18
1.8645833333333333     2.435946298045469e-18
1.8666666666666667     2.5758751418772302e-18
1.86875     2.686553231462997e-18
1.8708333333333333     2.769653292675404e-18
1.8729166666666666     2.828989003665765e-18
1.875     2.8704548731597775e-18
1.8770833333333334     2.901964922005714e-18
1.8791666666666667     2.9333479587005625e-18
1.88125     2.9761828558386746e-18
1.8833333333333333     3.043566561232749e-18
1.8854166666666667     3.1498106114691635e-18
1.8875     3.3100627925058227e-18
1.8895833333333334     3.539851232199029e-18
1.8916666666666666     3.854549682343053e-18
1.89375     4.2687657288406144e-18
1.8958333333333333     4.7956585476233e-18
1.8979166666666667     5.44619968563769e-18
1.9     6.228398924744535e-18
1.9020833333333333     7.146526939834225e-18
1.9041666666666666     8.200376192291216e-18
1.90625     9.384610026519832e-18
1.9083333333333334     1.0688255831923126e-17
1.9104166666666667     1.2094399996269989e-17
1.9125     1.3580139044181135e-17
1.9145833333333333     1.5116832101358894e-17
1.9166666666666667     1.667068453875961e-17
1.91875     1.820367194253677e-17
1.9208333333333334     1.9674788784312733e-17
1.9229166666666666     2.1041579361136902e-17
1.925     2.2261882254664034e-17
1.9270833333333333     2.3295696468429917e-17
1.9291666666666667     2.4107060187305363e-17
1.93125     2.4665823978297115e-17
1.9333333333333333     2.49492006958464e-17
1.9354166666666666     2.4942984887774072e-17
1.9375     2.464235457176235e-17
1.9395833333333334     2.405219627514728e-17
1.9416666666666667     2.318692772818392e-17
1.94375     2.2069828491043423e-17
1.9458333333333333     2.0731923743045678e-17
1.9479166666666667     1.9210497265756316e-17
1.95     1.754733359863021e-17
1.9520833333333334     1.578680450792506e-17
1.9541666666666666     1.3973920321769657e-17
1.95625     1.2152462401036616e-17
1.9583333333333333     1.036330003955216e-17
1.9604166666666667     8.64297518911526e-18
1.9625     7.022613868591414e-18
1.9645833333333333     5.527196447301933e-18
1.9666666666666666     4.175192631931111e-18
1.96875     2.9785430649093933e-18
1.9708333333333334     1.9429496052103704e-18
1.9729166666666667     1.0684216687471313e-18
1.975     3.5001691005296303e-19
1.9770833333333333     -2.2128906894360897e-19
1.9791666666666667     -6.57667944496924e-19
1.98125     -9.734973639896324e-19
1.9833333333333334     -1.1844631913935995e-18
1.9854166666666666     -1.3067450336276404e-18
1.9875     -1.3563135682120558e-18
1.9895833333333333     -1.3483570596831306e-18
1.9916666666666667     -1.2968441404833593e-18
1.99375     -1.2142209860420513e-18
1.9958333333333333     -1.1112337770936221e-18
1.9979166666666666     -9.968619741743698e-19
2.     -8.783444312785315e-19