# Fourier modes
# pi/3 block
0.001996007984031936     1.105000155567605e-17
0.003992015968063872     9.56181194154825e-18
0.005988023952095809     7.717423631154802e-18
0.007984031936127744     5.538501914782765e-18
0.00998003992015968     3.061338037370428e-18
0.011976047904191617     3.3643315860730295e-19
0.013972055888223553     -2.5727259427470445e-18
0.015968063872255488     -5.591693460672283e-18
0.017964071856287425     -8.637832321329477e-18
0.01996007984031936     -1.1623707244955414e-17
0.021956087824351298     -1.4460937547003598e-17
0.023952095808383235     -1.706430392894529e-17
0.02594810379241517     -1.9355876713254294e-17
0.027944111776447105     -2.1268922426475466e-17
0.029940119760479042     -2.2751352813820846e-17
0.031936127744510975     -2.3768505178900104e-17
0.033932135728542916     -2.4305083648978388e-17
0.03592814371257485     -2.4366144330200423e-17
0.03792415169660679     -2.3977068893938203e-17
0.03992015968063872     -2.3182535716054628e-17
0.041916167664670656     -2.204455983525494e-17
0.043912175648702596     -2.0639727595471818e-17
0.04590818363273453     -1.9055794636949458e-17
0.04790419161676647     -1.7387843929105258e-17
0.0499001996007984     -1.5734212380184932e-17
0.05189620758483034     -1.4192390451822232e-17
0.05389221556886228     -1.2855080949196071e-17
0.05588822355289421     -1.1806573843924121e-17
0.05788423153692615     -1.1119557606237353e-17
0.059880239520958084     -1.0852448471863984e-17
0.06187624750499002     -1.1047281636935336e-17
0.06387225548902195     -1.172817626147746e-17
0.0658682634730539     -1.2900362082989054e-17
0.06786427145708583     -1.4549740854131698e-17
0.06986027944111776     -1.664295080595002e-17
0.0718562874251497     -1.9127905651482548e-17
0.07385229540918163     -2.1934788898023444e-17
0.07584830339321358     -2.497749622972374e-17
0.07784431137724551     -2.8155529857882543e-17
0.07984031936127745     -3.135635548216298e-17
0.08183632734530938     -3.445823185762823e-17
0.08383233532934131     -3.7333512853207254e-17
0.08582834331337326     -3.985240150102423e-17
0.08782435129740519     -4.1887105487000813e-17
0.08982035928143713     -4.331630588647592e-17
0.09181636726546906     -4.402980907559599e-17
0.09381237524950099     -4.3933210024982973e-17
0.09580838323353294     -4.295235855269292e-17
0.09780439121756487     -4.103739357429857e-17
0.0998003992015968     -3.8166098427853556e-17
0.10179640718562874     -3.4346336420547377e-17
0.10379241516966067     -2.961735180410793e-17
0.10578842315369262     -2.4049767596195085e-17
0.10778443113772455     -1.7744176236462367e-17
0.10978043912175649     -1.0828298309749092e-17
0.11177644710578842     -3.4527731344699436e-18
0.11377245508982035     4.214263699310547e-18
0.1157684630738523     1.1993574054343852e-17
0.11776447105788423     1.9701865696726948e-17
0.11976047904191617     2.715912291425103e-17
0.1217564870259481     3.4195814984216275e-17
0.12375249500998003     4.065957441826826e-17
0.12574850299401197     4.642096270278729e-17
0.1277445109780439     5.137799569043832e-17
0.12974051896207583     5.545918053051525e-17
0.1317365269461078     5.862491548657002e-17
0.13373253493013973     6.086721593046796e-17
0.13572854291417166     6.220784621090019e-17
0.1377245508982036     6.269505074671048e-17
0.13972055888223553     6.239918495424911e-17
0.14171656686626746     6.140765304713062e-17
0.1437125748502994     5.981969232098364e-17
0.14570858283433133     5.774177841687143e-17
0.14770459081836326     5.528495278475936e-17
0.1497005988023952     5.2566643385280894e-17
0.15169660678642716     4.972261570054811e-17
0.1536926147704591     4.694198045464635e-17
0.15568862275449102     4.455523021084874e-17
0.15768463073852296     4.324455808109784e-17
0.1596806387225549     4.4535062122930805e-17
0.16167664670658682     5.192624290245115e-17
0.16367265469061876     7.346928489120286e-17
0.1656686626746507     1.2757535532296606e-16
0.16766467065868262     2.5596773506406764e-16
0.16966067864271456     5.522586926909035e-16
0.17165668662674652     1.224329191534506e-15
0.17365269461077845     2.7290410412724757e-15
0.17564870259481039     6.0600359188903264e-15
0.17764471057884232     1.3355978956285472e-14
0.17964071856287425     2.917218318583645e-14
0.18163672654690619     6.311039750606406e-14
0.18363273453093812     1.3519840928411523e-13
0.18562874251497005     2.8677517750992054e-13
0.18762475049900199     6.022758150927423e-13
0.18962075848303392     1.2523542621758347e-12
0.19161676646706588     2.5783068000693102e-12
0.1936127744510978     5.255532947340704e-12
0.19560878243512975     1.0606531983649918e-11
0.19760479041916168     2.1193585060280873e-11
0.1996007984031936     4.192854613822188e-11
0.20159680638722555     8.212767617173806e-11
0.20359281437125748     1.5927353711365224e-10
0.2055888223552894     3.058243630150895e-10
0.20758483033932135     5.813998336427626e-10
0.20958083832335328     1.0943395558272058e-9
0.21157684630738524     2.039405866734819e-9
0.21357285429141717     3.7629600250748164e-9
0.2155688622754491     6.874322763629714e-9
0.21756487025948104     1.2433820928913157e-8
0.21956087824351297     2.2266587937750888e-8
0.2215568862275449     3.947999698628268e-8
0.22355289421157684     6.930665272064247e-8
0.22554890219560877     1.2046117994150547e-7
0.2275449101796407     2.072973146744143e-7
0.22954091816367264     3.5319505515641117e-7
0.2315369261477046     5.958129358484572e-7
0.23353293413173654     9.951295357281452e-7
0.23552894211576847     1.645597730545999e-6
0.2375249500998004     2.6942762204600747e-6
0.23952095808383234     4.367520291229983e-6
0.24151696606786427     7.009743387998529e-6
0.2435129740518962     0.000011138935339505154
0.24550898203592814     0.00001752506434364445
0.24750499001996007     0.00002729920088755204
0.249500998003992     0.000042103153225818637
0.25149700598802394     0.00006429151884601351
0.25349301397205587     0.00009720019226955201
0.2554890219560878     0.0001454973010010602
0.25748502994011974     0.00021563394349638398
0.25948103792415167     0.0003164125410243242
0.26147704590818366     0.00045968954513358947
0.2634730538922156     0.0006612260267678699
0.2654690618762475     0.0009416936193000117
0.26746506986027946     0.0013278337125673023
0.2694610778443114     0.0018537541183149648
0.2714570858283433     0.0025623292951184604
0.27345309381237526     0.003506647650100301
0.2754491017964072     0.0047514229704784085
0.2774451097804391     0.006374257900471734
0.27944111776447106     0.008466617577463463
0.281437125748503     0.011134343921910282
0.2834331337325349     0.014497519272943316
0.28542914171656686     0.018689476323968703
0.2874251497005988     0.023854754181148054
0.2894211576846307     0.030145822208930622
0.29141716566866266     0.037718437736214035
0.2934131736526946     0.0467255728201184
0.2954091816367265     0.057309939111124725
0.29740518962075846     0.06959525570722762
0.2994011976047904     0.08367653686349726
0.3013972055888224     0.09960981544701066
0.3033932135728543     0.11740185208635467
0.30538922155688625     0.1370004948938209
0.3073852295409182     0.15828643532704847
0.3093812375249501     0.18106713774321612
0.31137724550898205     0.20507369149622406
0.313373253493014     0.22996123737937918
0.3153692614770459     0.2553134531295059
0.31736526946107785     0.2806513510002941
0.3193612774451098     0.30544635703983786
0.3213572854291417     0.32913732671216095
0.32335329341317365     0.35115083061668656
0.3253493013972056     0.3709237464344512
0.3273453093812375     0.38792694849751325
0.32934131736526945     0.40168872136481343
0.3313373253493014     0.4118164592829982
0.3333333333333333     0.4180152614209271
0.33532934131736525     0.42010219465001847
0.3373253493013972     0.4180152614209271
0.3393213572854291     0.4118164592829982
0.3413173652694611     0.40168872136481343
0.34331337325349304     0.38792694849751325
0.34530938123752497     0.3709237464344512
0.3473053892215569     0.35115083061668656
0.34930139720558884     0.32913732671216095
0.35129740518962077     0.30544635703983786
0.3532934131736527     0.2806513510002941
0.35528942115768464     0.2553134531295059
0.35728542914171657     0.22996123737937915
0.3592814371257485     0.20507369149622406
0.36127744510978044     0.18106713774321612
0.36327345309381237     0.15828643532704847
0.3652694610778443     0.1370004948938209
0.36726546906187624     0.1174018520863547
0.36926147704590817     0.09960981544701066
0.3712574850299401     0.08367653686349727
0.37325349301397204     0.06959525570722765
0.37524950099800397     0.05730993911112474
0.3772455089820359     0.04672557282011842
0.37924151696606784     0.037718437736214076
0.3812375249500998     0.030145822208930653
0.38323353293413176     0.023854754181148075
0.3852295409181637     0.01868947632396874
0.3872255489021956     0.014497519272943335
0.38922155688622756     0.0111343439219103
0.3912175648702595     0.00846661757746348
0.3932135728542914     0.006374257900471749
0.39520958083832336     0.0047514229704784215
0.3972055888223553     0.0035066476501003146
0.3992015968063872     0.0025623292951184695
0.40119760479041916     0.0018537541183149735
0.4031936127744511     0.0013278337125673112
0.405189620758483     0.0009416936193000212
0.40718562874251496     0.0006612260267678801
0.4091816367265469     0.0004596895451336008
0.4111776447105788     0.0003164125410243376
0.41317365269461076     0.00021563394349639938
0.4151696606786427     0.0001454973010010785
0.4171656686626746     0.0000972001922695732
0.41916167664670656     0.00006429151884603787
0.42115768463073855     0.000042103153225846365
0.4231536926147705     0.000027299200887583082
0.4251497005988024     0.000017525064343678767
0.42714570858283435     0.000011138935339542622
0.4291417165668663     7.009743388038957e-6
0.4311377245508982     4.3675202912731395e-6
0.43313373253493015     2.694276220505708e-6
0.4351297405189621     1.6455977305938387e-6
0.437125748502994     9.951295357779232e-7
0.43912175648702595     5.958129358999137e-7
0.4411177644710579     3.5319505520930086e-7
0.4431137724550898     2.0729731472850613e-7
0.44510978043912175     1.2046117999658484e-7
0.4471057884231537     6.930665277650646e-8
0.4491017964071856     3.947999704273544e-8
0.45109780439121755     2.226658799459861e-8
0.4530938123752495     1.243382098595867e-8
0.4550898203592814     6.87432282066813e-9
0.45708582834331335     3.762960081890597e-9
0.4590818363273453     2.0394059231006643e-9
0.46107784431137727     1.094339611504959e-9
0.4630738522954092     5.813998883863194e-10
0.46506986027944114     3.0582441657507623e-10
0.46706586826347307     1.5927358924359614e-10
0.469061876247505     8.2127726635269e-11
0.47105788423153694     4.1928594716867444e-11
0.47305389221556887     2.1193631561377298e-11
0.4750499001996008     1.060657624792943e-11
0.47704590818363274     5.255574855795455e-12
0.47904191616766467     2.5783462797424757e-12
0.4810379241516966     1.252391290580742e-12
0.48303393213572854     6.023104230079384e-13
0.48502994011976047     2.8680744994341776e-13
0.4870259481037924     1.352284844481577e-13
0.48902195608782434     6.313846370156895e-14
0.49101796407185627     2.91984735702112e-14
0.4930139720558882     1.3380764264285845e-14
0.49500998003992014     6.083615324330757e-15
0.49700598802395207     2.751731483208224e-15
0.499001996007984     1.2464536319761302e-15
0.500998003992016     5.741339091941455e-16
0.5029940119760479     2.7789236284922185e-16
0.5049900199600799     1.4981896153217064e-16
0.5069860279441117     9.626326605578443e-17
0.5089820359281437     7.54572745243389e-17
0.5109780439121756     6.894169256234367e-17
0.5129740518962076     6.861733236244484e-17
0.5149700598802395     7.094046641240614e-17
0.5169660678642715     7.434902340564478e-17
0.5189620758483033     7.81340869460446e-17
0.5209580838323353     8.19509228537717e-17
0.5229540918163673     8.560989584900988e-17
0.5249500998003992     8.898851765689752e-17
0.5269461077844312     9.199531485347244e-17
0.5289421157684631     9.455559108069279e-17
0.530938123752495     9.660630809593691e-17
0.5329341317365269     9.809469188197172e-17
0.5349301397205589     9.897830758019415e-17
0.5369261477045908     9.922566032807129e-17
0.5389221556886228     9.881691718401286e-17
0.5409181636726547     9.774455866691256e-17
0.5429141716566867     9.601384911287894e-17
0.5449101796407185     9.364304473066849e-17
0.5469061876247505     9.066327168291923e-17
0.5489021956087824     8.711801846327222e-17
0.5508982035928144     8.306220318730474e-17
0.5528942115768463     7.856079887671864e-17
0.5548902195608783     7.368702783466571e-17
0.5568862275449101     6.852016784992912e-17
0.5588822355289421     6.314304543471799e-17
0.5608782435129741     5.763932136077411e-17
0.562874251497006     5.209069813936083e-17
0.564870259481038     4.657419487646958e-17
0.5668662674650699     4.115963992375577e-17
0.5688622754491018     3.590752473812112e-17
0.5708582834331337     3.086734333929664e-17
0.5728542914171657     2.607651192478746e-17
0.5748502994011976     2.1559924909556657e-17
0.5768463073852296     1.7330160156082116e-17
0.5788423153692615     1.3388301273983448e-17
0.5808383233532934     9.725302592328664e-18
0.5828343313373253     6.323786484893021e-18
0.5848303393213573     3.160136259429467e-18
0.5868263473053892     2.067329518454493e-19
0.5888223552894212     -2.5658179136907807e-18
0.590818363273453     -5.186613456448413e-18
0.592814371257485     -7.682657258538054e-18
0.5948103792415169     -1.007743296764718e-17
0.5968063872255489     -1.2389905462022389e-17
0.5988023952095808     -1.4633969789425507e-17
0.6007984031936128     -1.6818331635398276e-17
0.6027944111776448     -1.894677076517256e-17
0.6047904191616766     -2.1018713163065002e-17
0.6067864271457086     -2.303002013755504e-17
0.6087824351297405     -2.4973894284271804e-17
0.6107784431137725     -2.684180286114663e-17
0.6127744510978044     -2.862432801668726e-17
0.6147704590818364     -3.031186898774835e-17
0.6167664670658682     -3.1895141980336e-17
0.6187624750499002     -3.336544687874137e-17
0.6207584830339321     -3.4714694094891264e-17
0.6227544910179641     -3.593520784343458e-17
0.624750499001996     -3.701934229859947e-17
0.626746506986028     -3.795896325988527e-17
0.6287425149700598     -3.8744859383910186e-17
0.6307385229540918     -3.9366153430488353e-17
0.6327345309381237     -3.980978540647965e-17
0.6347305389221557     -4.006013634405176e-17
0.6367265469061876     -4.0098854270164463e-17
0.6387225548902196     -3.9904933326342304e-17
0.6407185628742516     -3.9455083572123004e-17
0.6427145708582834     -3.872441326257188e-17
0.6447105788423154     -3.768742775313314e-17
0.6467065868263473     -3.631933002945156e-17
0.6487025948103793     -3.459758759340229e-17
0.6506986027944112     -3.250370960189268e-17
0.6526946107784432     -3.002515753055262e-17
0.654690618762475     -2.7157293307446392e-17
0.656686626746507     -2.390525224687965e-17
0.6586826347305389     -2.0285615897361678e-17
0.6606786427145709     -1.6327753925673844e-17
0.6626746506986028     -1.207470614496067e-17
0.6646706586826348     -7.583487182511839e-18
0.6666666666666666     -2.9247178894678314e-18
0.6686626746506986     1.8184806187726615e-18
0.6706586826347305     6.552353507672147e-18
0.6726546906187625     1.1175114736228706e-17
0.6746506986027944     1.5580209339267717e-17
0.6766467065868264     1.9660107953525796e-17
0.6786427145708582     2.3310459435818548e-17
0.6806387225548902     2.643438995019176e-17
0.6826347305389222     2.8946712545137926e-17
0.6846307385229541     3.077780299634155e-17
0.6866267465069861     3.187690719190621e-17
0.688622754491018     3.221467261388312e-17
0.6906187624750499     3.1784739870678777e-17
0.6926147704590818     3.0604286552670164e-17
0.6946107784431138     2.871348046453826e-17
0.6966067864271457     2.6173867288550163e-17
0.6986027944111777     2.3065783465487622e-17
0.7005988023952096     1.948494337904494e-17
0.7025948103792415     1.5538396467834138e-17
0.7045908183632734     1.1340081576383971e-17
0.7065868263473054     7.006221078300199e-18
0.7085828343313373     2.6507959782724447e-18
0.7105788423153693     -1.6186733488311093e-18
0.7125748502994012     -5.70484543011173e-18
0.7145708582834331     -9.523618462221045e-18
0.716566866267465     -1.3006421844535205e-17
0.718562874251497     -1.6101673951950342e-17
0.720558882235529     -1.8775388086548542e-17
0.7225548902195609     -2.1010951717892927e-17
0.7245508982035929     -2.2808142147504077e-17
0.7265469061876247     -2.4181473461892555e-17
0.7285429141716567     -2.5157994516608617e-17
0.7305389221556886     -2.5774675610468326e-17
0.7325349301397206     -2.6075532624730908e-17
0.7345309381237525     -2.610864199526946e-17
0.7365269461077845     -2.592319824822491e-17
0.7385229540918163     -2.556675822100213e-17
0.7405189620758483     -2.5082802755123265e-17
0.7425149700598802     -2.4508727879197275e-17
0.7445109780439122     -2.3874353734046853e-17
0.7465069860279441     -2.3201011397363925e-17
0.7485029940119761     -2.250123631735418e-17
0.7504990019960079     -2.1779063575054106e-17
0.7524950099800399     -2.1030886290501152e-17
0.7544910179640718     -2.024680603912215e-17
0.7564870259481038     -1.9412375147623854e-17
0.7584830339321357     -1.8510607165044396e-17
0.7604790419161677     -1.7524115435805496e-17
0.7624750499001997     -1.6437231963288374e-17
0.7644710578842315     -1.523796056595068e-17
0.7664670658682635     -1.3919629991409045e-17
0.7684630738522954     -1.24821337640898e-17
0.7704590818363274     -1.0932672965716988e-17
0.7724550898203593     -9.285954047982548e-18
0.7744510978043913     -7.56383369778417e-18
0.7764471057884231     -5.794443788791038e-18
0.7784431137724551     -4.0108683586266186e-18
0.780439121756487     -2.249478126021582e-18
0.782435129740519     -5.480533429727691e-19
0.7844311377245509     1.0561596512148747e-18
0.7864271457085829     2.5283105371161865e-18
0.7884231536926147     3.8375887288153345e-18
0.7904191616766467     4.958534442692839e-18
0.7924151696606786     5.871936056146747e-18
0.7944111776447106     6.565273317120223e-18
0.7964071856287425     7.03271023266631e-18
0.7984031936127745     7.274685115205475e-18
0.8003992015968064     7.297184144739424e-18
0.8023952095808383     7.110815666564184e-18
0.8043912175648703     6.729824213975398e-18
0.8063872255489022     6.171199384640795e-18
0.8083832335329342     5.454058232935674e-18
0.810379241516966     4.599544890301884e-18
0.812375249500998     3.631679973770558e-18
0.8143712574850299     2.5800989546777465e-18
0.8163672654690619     1.4868964685428357e-18
0.8183632734530938     4.2289529936179896e-19
0.8203592814371258     -4.739914739702836e-19
0.8223552894211577     -9.085112303727916e-19
0.8243512974051896     -2.1676886567836597e-19
0.8263473053892215     3.12474173433029e-18
0.8283433133732535     1.262927715062924e-17
0.8303393213572854     3.637481939751329e-17
0.8323353293413174     9.280934998665271e-17
0.8343313373253493     2.236994994617672e-16
0.8363273453093812     5.227037516315109e-16
0.8383233532934131     1.1977485422595984e-15
0.8403193612774451     2.7057370755048854e-15
0.8423153692614771     6.040345442144456e-15
0.844311377245509     1.3340263836619515e-14
0.846307385229541     2.916081920516749e-14
0.8483033932135728     6.310376197679483e-14
0.8502994011976048     1.3519686794503233e-13
0.8522954091816367     2.8677907114426276e-13
0.8542914171656687     6.022854462349441e-13
0.8562874251497006     1.2523698822070138e-12
0.8582834331337326     2.578328596956638e-12
0.8602794411177644     5.25556103425867e-12
0.8622754491017964     1.0606566388732572e-11
0.8642714570858283     2.119362571778795e-11
0.8662674650698603     4.192859288144827e-11
0.8682634730538922     8.212772872804172e-11
0.8702594810379242     1.5927359510200636e-10
0.872255489021956     3.058244259465667e-10
0.874251497005988     5.813999009243225e-10
0.8762475049900199     1.0943396267690747e-9
0.8782435129740519     2.039405940561627e-9
0.8802395209580839     3.7629601009404845e-9
0.8822355289421158     6.8743228406359056e-9
0.8842315369261478     1.243382100613087e-8
0.8862275449101796     2.2266588014244604e-8
0.8882235528942116     3.947999706113625e-8
0.8902195608782435     6.930665279298581e-8
0.8922155688622755     1.2046118001054098e-7
0.8942115768463074     2.0729731473944212e-7
0.8962075848303394     3.5319505521685184e-7
0.8982035928143712     5.95812935903871e-7
0.9001996007984032     9.951295357782478e-7
0.9021956087824351     1.6455977305906712e-6
0.9041916167664671     2.694276220499368e-6
0.906187624750499     4.367520291264121e-6
0.908183632734531     7.0097433880278964e-6
0.9101796407185628     0.000011138935339530294
0.9121756487025948     0.000017525064343666038
0.9141716566866267     0.00002729920088757088
0.9161676646706587     0.00004210315322583562
0.9181636726546906     0.00006429151884602963
0.9201596806387226     0.00009720019226956819
0.9221556886227545     0.00014549730100107754
0.9241516966067864     0.00021563394349640347
0.9261477045908184     0.00031641254102434687
0.9281437125748503     0.0004596895451336162
0.9301397205588823     0.0006612260267679016
0.9321357285429142     0.0009416936193000491
0.9341317365269461     0.0013278337125673461
0.936127744510978     0.0018537541183150151
0.93812375249501     0.0025623292951185176
0.9401197604790419     0.003506647650100366
0.9421157684630739     0.0047514229704784805
0.9441117764471058     0.006374257900471813
0.9461077844311377     0.00846661757746355
0.9481037924151696     0.011134343921910376
0.9500998003992016     0.014497519272943417
0.9520958083832335     0.01868947632396881
0.9540918163672655     0.023854754181148168
0.9560878243512974     0.03014582220893074
0.9580838323353293     0.037718437736214167
0.9600798403193613     0.04672557282011853
0.9620758483033932     0.05730993911112486
0.9640718562874252     0.06959525570722774
0.9660678642714571     0.0836765368634974
0.9680638722554891     0.0996098154470108
0.9700598802395209     0.11740185208635481
0.9720558882235529     0.13700049489382105
0.9740518962075848     0.1582864353270486
0.9760479041916168     0.18106713774321626
0.9780439121756487     0.2050736914962242
0.9800399201596807     0.22996123737937926
0.9820359281437125     0.255313453129506
0.9840319361277445     0.28065135100029415
0.9860279441117764     0.3054463570398379
0.9880239520958084     0.329137326712161
0.9900199600798403     0.3511508306166866
0.9920159680638723     0.3709237464344512
0.9940119760479041     0.3879269484975133
0.9960079840319361     0.40168872136481343
0.998003992015968     0.41181645928299826
1.     0.4180152614209271
1.001996007984032     0.4201021946500185
1.003992015968064     0.4180152614209271
1.0059880239520957     0.41181645928299826
1.0079840319361277     0.4016887213648134
1.0099800399201597     0.38792694849751325
1.0119760479041917     0.37092374643445114
1.0139720558882235     0.35115083061668656
1.0159680638722555     0.32913732671216095
1.0179640718562875     0.30544635703983786
1.0199600798403194     0.2806513510002941
1.0219560878243512     0.2553134531295058
1.0239520958083832     0.22996123737937907
1.0259481037924152     0.205073691496224
1.0279441117764472     0.1810671377432161
1.029940119760479     0.15828643532704845
1.031936127744511     0.13700049489382088
1.033932135728543     0.11740185208635465
1.035928143712575     0.09960981544701067
1.0379241516966067     0.08367653686349728
1.0399201596806387     0.06959525570722765
1.0419161676646707     0.05730993911112472
1.0439121756487026     0.046725572820118404
1.0459081836327346     0.03771843773621404
1.0479041916167664     0.030145822208930646
1.0499001996007984     0.023854754181148075
1.0518962075848304     0.018689476323968727
1.0538922155688624     0.014497519272943349
1.0558882235528941     0.011134343921910319
1.0578842315369261     0.0084666175774635
1.0598802395209581     0.00637425790047177
1.06187624750499     0.004751422970478444
1.0638722554890219     0.003506647650100336
1.0658682634730539     0.0025623292951184942
1.0678642714570858     0.0018537541183149965
1.0698602794411178     0.001327833712567331
1.0718562874251496     0.0009416936193000367
1.0738522954091816     0.0006612260267678909
1.0758483033932136     0.00045968954513360535
1.0778443113772456     0.00031641254102433565
1.0798403193612773     0.0002156339434963903
1.0818363273453093     0.0001454973010010619
1.0838323353293413     0.00009720019226954929
1.0858283433133733     0.00006429151884600672
1.0878243512974053     0.00004210315322580826
1.089820359281437     0.000027299200887538694
1.091816367265469     0.000017525064343628823
1.093812375249501     0.000011138935339488058
1.095808383233533     7.009743387980785e-6
1.0978043912175648     4.367520291212436e-6
1.0998003992015968     2.694276220443564e-6
1.1017964071856288     1.6455977305313232e-6
1.1037924151696608     9.95129535716024e-7
1.1057884231536925     5.958129358395095e-7
1.1077844311377245     3.531950551511226e-7
1.1097804391217565     2.0729731467311716e-7
1.1117764471057885     1.2046117994436134e-7
1.1137724550898203     6.930665272763327e-8
1.1157684630738522     3.947999699720756e-8
1.1177644710578842     2.2266587952231158e-8
1.1197604790419162     1.2433820946404475e-8
1.1217564870259482     6.874322783440933e-9
1.12375249500998     3.762960046392578e-9
1.125748502994012     2.0394058886527256e-9
1.127744510978044     1.0943395773781532e-9
1.129740518962076     5.813998538328679e-10
1.1317365269461077     3.058243808576923e-10
1.1337325349301397     1.5927355166187883e-10
1.1357285429141717     8.212768654832324e-11
1.1377245508982037     4.192855156146933e-11
1.1397205588822354     2.1193584865312842e-11
1.1417165668662674     1.0606525638371912e-11
1.1437125748502994     5.255520062822341e-12
1.1457085828343314     2.5782871352960482e-12
1.1477045908183632     1.252327723347499e-12
1.1497005988023952     6.022424498279265e-13
1.1516966067864272     2.8673516445936664e-13
1.1536926147704591     1.3515204376744317e-13
1.155688622754491     6.305807387242094e-14
1.157684630738523     2.9114374669594233e-14
1.159680638722555     1.3293215861229408e-14
1.1616766467065869     5.992883022315154e-15
1.1636726546906189     2.6580751618900536e-15
1.1656686626746506     1.1501179056033684e-15
1.1676646706586826     4.753412001714218e-16
1.1696606786427146     1.7683885785313367e-16
1.1716566866267466     4.667357828768836e-17
1.1736526946107784     -8.830384456735449e-18
1.1756487025948104     -3.1461539536754404e-17
1.1776447105788423     -3.9692347683054317e-17
1.1796407185628743     -4.162570395387029e-17
1.181636726546906     -4.07980007723471e-17
1.183632734530938     -3.875197459069682e-17
1.18562874251497     -3.616494061020322e-17
1.187624750499002     -3.333822479164574e-17
1.1896207584830338     -3.040743434636854e-17
1.1916167664670658     -2.7432291943393513e-17
1.1936127744510978     -2.4435277995886235e-17
1.1956087824351298     -2.1418906390341197e-17
1.1976047904191616     -1.8374280151401713e-17
1.1996007984031936     -1.5286167948407432e-17
1.2015968063872255     -1.2136687421650693e-17
1.2035928143712575     -8.908357879937584e-18
1.2055888223552895     -5.586744461608419e-18
1.2075848303393213     -2.1627080402043145e-18
1.2095808383233533     1.365792205093988e-18
1.2115768463073853     4.992405492107938e-18
1.2135728542914173     8.701652851406536e-18
1.215568862275449     1.2468772060494089e-17
1.217564870259481     1.626014468146861e-17
1.219560878243513     2.0034282591881142e-17
1.221556886227545     2.3743329960849024e-17
1.2235528942115768     2.733501680483244e-17
1.2255489021956087     3.07549816445941e-17
1.2275449101796407     3.3949363089479793e-17
1.2295409181636727     3.686754351841077e-17
1.2315369261477045     3.9464913094867185e-17
1.2335329341317365     4.1705510419130444e-17
1.2355289421157685     4.3564388933879746e-17
1.2375249500998005     4.5029557752577504e-17
1.2395209580838322     4.610335379756784e-17
1.2415169660678642     4.680312051758787e-17
1.2435129740518962     4.716109774415751e-17
1.2455089820359282     4.7223467156011586e-17
1.2475049900199602     4.7048546876165374e-17
1.249500998003992     4.670418424779908e-17
1.251497005988024     4.6264454071283416e-17
1.253493013972056     4.5805825988877116e-17
1.255489021956088     4.5403014330335215e-17
1.2574850299401197     4.512476171161366e-17
1.2594810379241517     4.502982971838115e-17
1.2614770459081837     4.516347287124142e-17
1.2634730538922156     4.5554653982739083e-17
1.2654690618762474     4.6214219934039643e-17
1.2674650698602794     4.713419863261104e-17
1.2694610778443114     4.828830407044215e-17
1.2714570858283434     4.9633652158940167e-17
1.2734530938123751     5.111360171483573e-17
1.2754491017964071     5.26615496005103e-17
1.2774451097804391     5.420543361272857e-17
1.2794411177644711     5.567263770763066e-17
1.281437125748503     5.699495680587339e-17
1.2834331337325349     5.811326631662027e-17
1.2854291417165669     5.898155619376963e-17
1.2874251497005988     5.957003012845022e-17
1.2894211576846308     5.98670345528136e-17
1.2914171656686626     5.987966470942879e-17
1.2934131736526946     5.96329898335151e-17
1.2954091816367266     5.91679392361688e-17
1.2974051896207586     5.853798816124089e-17
1.2994011976047903     5.780486942251467e-17
1.3013972055888223     5.703360762824136e-17
1.3033932135728543     5.628722228956751e-17
1.3053892215568863     5.562147106132471e-17
1.307385229540918     5.5080003472911866e-17
1.30938123752495     5.4690269382562984e-17
1.311377245508982     5.4460477384827733e-17
1.313373253493014     5.4377830322785573e-17
1.3153692614770458     5.440818277761797e-17
1.3173652694610778     5.4497174458283603e-17
1.3193612774451098     5.4572799572801615e-17
1.3213572854291418     5.454928119878032e-17
1.3233532934131738     5.4332036647204275e-17
1.3253493013972055     5.3823449464924036e-17
1.3273453093812375     5.292910989854823e-17
1.3293413173652695     5.156415130679684e-17
1.3313373253493015     4.965929715709367e-17
1.3333333333333333     4.716624284743683e-17
1.3353293413173652     4.4062028545936185e-17
1.3373253493013972     4.035211229107892e-17
1.3393213572854292     3.6071924325176955e-17
1.341317365269461     3.12867704472165e-17
1.343313373253493     2.6090049365824928e-17
1.345309381237525     2.05998509496052e-17
1.347305389221557     1.4954102558563732e-17
1.3493013972055887     9.304522623829354e-18
1.3512974051896207     3.8097177983965295e-18
1.3532934131736527     -1.3721835161936772e-18
1.3552894211576847     -6.0909372760658644e-18
1.3572854291417165     -1.0211202558949534e-17
1.3592814371257484     -1.3618772040554159e-17
1.3612774451097804     -1.6225666793247403e-17
1.3632734530938124     -1.7973825318037835e-17
1.3652694610778444     -1.8837211940374115e-17
1.3672654690618762     -1.8822275427030068e-17
1.3692614770459082     -1.7966796568199523e-17
1.3712574850299402     -1.6337264998027916e-17
1.3732534930139721     -1.402501281041592e-17
1.375249500998004     -1.1141399054214563e-17
1.377245508982036     -7.812380437215793e-18
1.379241516966068     -4.172817391869203e-18
1.3812375249500999     -3.6085145307861453e-19
1.3832335329341316     3.4873475147528e-18
1.3852295409181636     7.242222455466055e-18
1.3872255489021956     1.0784686561083875e-17
1.3892215568862276     1.4009100484673524e-17
1.3912175648702594     1.682534693118443e-17
1.3932135728542914     1.9160046430183954e-17
1.3952095808383234     2.095701110745782e-17
1.3972055888223553     2.2177069583015226e-17
1.3992015968063871     2.2797414191310058e-17
1.401197604790419     2.2810622005925365e-17
1.403193612774451     2.2223485929237734e-17
1.405189620758483     2.1055765097142315e-17
1.407185628742515     1.9338929714628516e-17
1.4091816367265468     1.7114939215318816e-17
1.4111776447105788     1.443505914787071e-17
1.4131736526946108     1.1358695507704611e-17
1.4151696606786428     7.952208254723837e-18
1.4171656686626746     4.287659941424839e-18
1.4191616766467066     4.414606344066926e-19
1.4211576846307385     -3.507114893016528e-18
1.4231536926147705     -7.477540119053098e-18
1.4251497005988023     -1.1389757422632871e-17
1.4271457085828343     -1.5165959633190583e-17
1.4291417165668663     -1.873236554227852e-17
1.4311377245508983     -2.2020909429381372e-17
1.43313373253493     -2.497076069766808e-17
1.435129740518962     -2.7529595455654708e-17
1.437125748502994     -2.965455664673438e-17
1.439121756487026     -3.1312861265216005e-17
1.441117764471058     -3.2482039555802996e-17
1.4431137724550898     -3.3149818634074877e-17
1.4451097804391217     -3.331368841685996e-17
1.4471057884231537     -3.2980208253801e-17
1.4491017964071857     -3.2164126124417705e-17
1.4510978043912175     -3.088738764582038e-17
1.4530938123752495     -2.9178109460208535e-17
1.4550898203592815     -2.7069581888571815e-17
1.4570858283433135     -2.4599350886642207e-17
1.4590818363273452     -2.180841162113967e-17
1.4610778443113772     -1.874052778337923e-17
1.4630738522954092     -1.5441674171018635e-17
1.4650698602794412     -1.1959586576803057e-17
1.467065868263473     -8.34339319063243e-18
1.469061876247505     -4.643294840292057e-18
1.471057884231537     -9.102547809100104e-19
1.473053892215569     2.804354029993227e-18
1.4750499001996007     6.449229818448134e-18
1.4770459081836327     9.973925105434553e-18
1.4790419161676647     1.3330329657292943e-17
1.4810379241516967     1.6475799766263798e-17
1.4830339321357286     1.938020281688495e-17
1.4850299401197604     2.2042288920449987e-17
1.4870259481037924     2.4528182645668255e-17
1.4890219560878244     2.7061930024518133e-17
1.4910179640718564     3.023740691985989e-17
1.4930139720558881     3.5510318439246163e-17
1.4950099800399201     4.6329871840065126e-17
1.4970059880239521     7.071580838414128e-17
1.4990019960079841     1.270662124794977e-16
1.5009980039920159     2.571090603869445e-16
1.5029940119760479     5.544785099693237e-16
1.5049900199600799     1.2270940427069808e-15
1.5069860279441119     2.7318720213203224e-15
1.5089820359281436     6.062523979544653e-15
1.5109780439121756     1.3357799191902524e-14
1.5129740518962076     2.9173107649794944e-14
1.5149700598802396     6.311030595433961e-14
1.5169660678642714     1.351972971326546e-13
1.5189620758483033     2.867731602481925e-13
1.5209580838323353     6.022731284340894e-13
1.5229540918163673     1.2523512573530632e-12
1.5249500998003993     2.578303933897779e-12
1.526946107784431     5.255530766957118e-12
1.528942115768463     1.0606531106170459e-11
1.530938123752495     2.1193586147978232e-11
1.532934131736527     4.192854987016536e-11
1.5349301397205588     8.212768321314244e-11
1.5369261477045908     1.5927354808441173e-10
1.5389221556886228     3.0582437845911074e-10
1.5409181636726548     5.813998539997432e-10
1.5429141716566865     1.0943395814084249e-9
1.5449101796407185     2.039405897704322e-9
1.5469061876247505     3.762960061437099e-9
1.5489021956087825     6.8743228052246625e-9
1.5508982035928143     1.243382097541859e-8
1.5528942115768463     2.226658798869263e-8
1.5548902195608783     3.9479997041051706e-8
1.5568862275449102     6.93066527785182e-8
1.558882235528942     1.2046118000168395e-7
1.560878243512974     2.0729731473604003e-7
1.562874251497006     3.5319505521861065e-7
1.564870259481038     5.958129359103724e-7
1.56686626746507     9.951295357889656e-7
1.5688622754491017     1.6455977306049899e-6
1.5708582834331337     2.694276220516602e-6
1.5728542914171657     4.367520291283531e-6
1.5748502994011977     7.009743388048709e-6
1.5768463073852295     0.000011138935339551714
1.5788423153692615     0.000017525064343687265
1.5808383233532934     0.000027299200887591115
1.5828343313373254     0.00004210315322585407
1.5848303393213572     0.0000642915188460455
1.5868263473053892     0.00009720019226958077
1.5888223552894212     0.00014549730100108603
1.5908183632734532     0.00021563394349640713
1.592814371257485     0.000316412541024345
1.594810379241517     0.00045968954513360806
1.596806387225549     0.0006612260267678865
1.598802395209581     0.0009416936193000264
1.6007984031936129     0.0013278337125673149
1.6027944111776447     0.001853754118314975
1.6047904191616766     0.0025623292951184678
1.6067864271457086     0.0035066476501003055
1.6087824351297406     0.00475142297047841
1.6107784431137724     0.006374257900471731
1.6127744510978044     0.008466617577463458
1.6147704590818364     0.01113434392191027
1.6167664670658684     0.014497519272943297
1.6187624750499001     0.01868947632396868
1.620758483033932     0.023854754181148026
1.622754491017964     0.030145822208930584
1.624750499001996     0.03771843773621399
1.6267465069860279     0.04672557282011834
1.6287425149700598     0.05730993911112466
1.6307385229540918     0.06959525570722754
1.6327345309381238     0.08367653686349716
1.6347305389221556     0.09960981544701054
1.6367265469061876     0.11740185208635455
1.6387225548902196     0.1370004948938208
1.6407185628742516     0.15828643532704834
1.6427145708582835     0.18106713774321598
1.6447105788423153     0.2050736914962239
1.6467065868263473     0.22996123737937896
1.6487025948103793     0.2553134531295057
1.6506986027944113     0.28065135100029387
1.652694610778443     0.3054463570398376
1.654690618762475     0.3291373267121607
1.656686626746507     0.35115083061668634
1.658682634730539     0.3709237464344509
1.6606786427145708     0.38792694849751297
1.6626746506986028     0.40168872136481315
1.6646706586826348     0.4118164592829979
1.6666666666666667     0.4180152614209268
1.6686626746506985     0.4201021946500182
1.6706586826347305     0.4180152614209268
1.6726546906187625     0.4118164592829979
1.6746506986027945     0.40168872136481315
1.6766467065868262     0.38792694849751297
1.6786427145708582     0.3709237464344509
1.6806387225548902     0.35115083061668634
1.6826347305389222     0.3291373267121607
1.6846307385229542     0.30544635703983763
1.686626746506986     0.2806513510002939
1.688622754491018     0.2553134531295058
1.69061876247505     0.22996123737937912
1.692614770459082     0.20507369149622406
1.6946107784431137     0.18106713774321614
1.6966067864271457     0.15828643532704847
1.6986027944111777     0.13700049489382093
1.7005988023952097     0.11740185208635473
1.7025948103792414     0.09960981544701072
1.7045908183632734     0.08367653686349734
1.7065868263473054     0.06959525570722772
1.7085828343313374     0.0573099391111248
1.7105788423153692     0.046725572820118466
1.7125748502994012     0.03771843773621413
1.7145708582834331     0.030145822208930684
1.7165668662674651     0.023854754181148113
1.718562874251497     0.01868947632396877
1.7205588822355289     0.014497519272943375
1.7225548902195609     0.011134343921910345
1.7245508982035929     0.008466617577463528
1.7265469061876249     0.006374257900471796
1.7285429141716566     0.004751422970478463
1.7305389221556886     0.0035066476501003593
1.7325349301397206     0.0025623292951185137
1.7345309381237526     0.0018537541183150192
1.7365269461077844     0.0013278337125673563
1.7385229540918163     0.0009416936193000638
1.7405189620758483     0.0006612260267679219
1.7425149700598803     0.0004596895451336417
1.744510978043912     0.0003164125410243767
1.746506986027944     0.00021563394349643702
1.748502994011976     0.00014549730100111427
1.750499001996008     0.00009720019226960698
1.7524950099800398     0.00006429151884606953
1.7544910179640718     0.000042103153225875625
1.7564870259481038     0.00002729920088760985
1.7584830339321358     0.00001752506434370287
1.7604790419161678     0.000011138935339563818
1.7624750499001995     7.0097433880570284e-6
1.7644710578842315     4.367520291287818e-6
1.7664670658682635     2.69427622051667e-6
1.7684630738522955     1.6455977306007378e-6
1.7704590818363273     9.951295357803671e-7
1.7724550898203593     5.9581293589748e-7
1.7744510978043913     3.53195055201556e-7
1.7764471057884232     2.0729731471501763e-7
1.778443113772455     1.2046117997694284e-7
1.780439121756487     6.930665275034765e-8
1.782435129740519     3.9479997009766504e-8
1.784431137724551     2.226658795461913e-8
1.7864271457085827     1.2433820938882045e-8
1.7884231536926147     6.874322766538815e-9
1.7904191616766467     3.762960020896822e-9
1.7924151696606787     2.0394058555815244e-9
1.7944111776447105     1.0943395379513e-9
1.7964071856287425     5.813998094351821e-10
1.7984031936127745     3.0582433299769793e-10
1.8003992015968064     1.5927350192730533e-10
1.8023952095808384     8.212763655995454e-11
1.8043912175648702     4.192850292689428e-11
1.8063872255489022     2.1193539134054225e-11
1.8083832335329342     1.0606484259787177e-11
1.8103792415169662     5.255484348029615e-12
1.812375249500998     2.5782582242247607e-12
1.81437125748503     1.2523065578321253e-12
1.816367265469062     6.022297534647181e-13
1.818363273453094     2.8673142973136465e-13
1.8203592814371257     1.3515752671397123e-13
1.8223552894211577     6.30727963384704e-14
1.8243512974051896     2.913813392140954e-14
1.8263473053892216     1.3325601102311736e-14
1.8283433133732534     6.033298096501287e-15
1.8303393213572854     2.705766496724481e-15
1.8323353293413174     1.2042065413569225e-15
1.8343313373253494     5.348575799886503e-16
1.8363273453093811     2.4075893496703053e-16
1.8383233532934131     1.1395473797330865e-16
1.840319361277445     6.078492072027014e-17
1.842315369261477     3.9507814923456567e-17
1.844311377245509     3.172463397086318e-17
1.8463073852295409     2.94276386289663e-17
1.8483033932135728     2.9190983675306306e-17
1.8502994011976048     2.959136611916611e-17
1.8522954091816368     3.007321682814971e-17
1.8542914171656686     3.045297377006438e-17
1.8562874251497006     3.070312288734813e-17
1.8582834331337326     3.0857568218497296e-17
1.8602794411177646     3.0969316146814683e-17
1.8622754491017963     3.109080694067352e-17
1.8642714570858283     3.126432679493461e-17
1.8662674650698603     3.151725763778585e-17
1.8682634730538923     3.1859997996180205e-17
1.870259481037924     3.228564023854177e-17
1.872255489021956     3.277097013520414e-17
1.874251497005988     3.3278517262612615e-17
1.87624750499002     3.3759423457933394e-17
1.8782435129740518     3.415689407413026e-17
1.8802395209580838     3.440998813552602e-17
1.8822355289421158     3.445750278312851e-17
1.8842315369261478     3.4241719376835286e-17
1.8862275449101797     3.371180354770002e-17
1.8882235528942115     3.2826687349005823e-17
1.8902195608782435     3.15573052726165e-17
1.8922155688622755     2.988810364936824e-17
1.8942115768463075     2.7817791234823325e-17
1.8962075848303392     2.5359344366746286e-17
1.8982035928143712     2.2539320356050703e-17
1.9001996007984032     1.939656587006384e-17
1.9021956087824352     1.598043188468119e-17
1.904191616766467     1.2348622924694683e-17
1.906187624750499     8.56481596754784e-18
1.908183632734531     4.696184177444638e-18
1.910179640718563     8.109534729696961e-19
1.9121756487025947     -3.0238931147962897e-18
1.9141716566866267     -6.744666111506114e-18
1.9161676646706587     -1.0292699426184453e-17
1.9181636726546907     -1.3615707098380887e-17
1.9201596806387227     -1.6668739438356732e-17
1.9221556886227544     -1.9414735547718648e-17
1.9241516966067864     -2.1824692252209214e-17
1.9261477045908184     -2.3877489820581847e-17
1.9281437125748504     -2.555943137424353e-17
1.9301397205588822     -2.6863564719163705e-17
1.9321357285429142     -2.77888618733106e-17
1.9341317365269461     -2.8339332623355516e-17
1.9361277445109781     -2.8523144246210187e-17
1.93812375249501     -2.835181069834974e-17
1.9401197604790419     -2.783950206449381e-17
1.9421157684630739     -2.7002510040652858e-17
1.9441117764471059     -2.5858888958434273e-17
1.9461077844311376     -2.4428275533921873e-17
1.9481037924151696     -2.2731875171575382e-17
1.9500998003992016     -2.079258906008744e-17
1.9520958083832336     -1.8635245000783698e-17
1.9540918163672654     -1.628688623489781e-17
1.9560878243512974     -1.3777066670238238e-17
1.9580838323353293     -1.1138097984527461e-17
1.9600798403193613     -8.405194255022302e-18
1.9620758483033933     -5.616463234884624e-18
1.964071856287425     -2.812700395196837e-18
1.966067864271457     -3.6952552096410774e-20
1.968063872255489     2.666167701873246e-18
1.970059880239521     5.251417764164332e-18
1.9720558882235528     7.674091585593066e-18
1.9740518962075848     9.891375857713638e-18
1.9760479041916168     1.1863833241083471e-17
1.9780439121756488     1.3556931090397037e-17
1.9800399201596806     1.4942519847763276e-17
1.9820359281437125     1.600015774764375e-17
1.9840319361277445     1.6718179326471362e-17
1.9860279441117765     1.7094415326034543e-17
1.9880239520958083     1.7136490826352188e-17
1.9900199600798403     1.6861655685323148e-17
1.9920159680638723     1.629613443508952e-17
1.9940119760479043     1.547401871676183e-17
1.996007984031936     1.4435760671938487e-17
1.998003992015968     1.3226356924232235e-17
2.     1.189333670956324e-17