# generlized Kondo-Heisenberg model
# U/W=2 Jh/U=0.25 n=1/2 L=48
# static structure factor S(q) q=k*pi/L
# k, S(q)
           0   4.4097741278620171E-002
           1   6.5232687976200049E-002
           2   9.8111565746136789E-002
           3  0.15320828818096113     
           4  0.20384879706467424     
           5  0.26789853484733284     
           6  0.33093698896445706     
           7  0.40960944327537252     
           8  0.49532132457317923     
           9  0.59998968167888900     
          10  0.72782457013810253     
          11  0.90790632774199465     
          12   1.1744772163217310     
          13   1.7681902187206229     
          14   3.2209343640164327     
          15   4.0582011953436465     
          16   2.8049655823495723     
          17   1.7969515079504506     
          18   1.5557676445257469     
          19   1.2366041683040572     
          20   1.1250811973631778     
          21  0.99061665671039578     
          22  0.92663130725944343     
          23  0.85855514060117977     
          24  0.81267145587245293     
          25  0.77107627425162328     
          26  0.74547658358821955     
          27  0.71429077791420559     
          28  0.70207338103892325     
          29  0.67922362543324732     
          30  0.67908544452576403     
          31  0.66216649645170178     
          32  0.66236817590924790     
          33  0.65642135097680299     
          34  0.60240292645529037     
          35  0.57565471298075011     
          36  0.56270686407196002     
          37  0.55535898036077103     
          38  0.54885789006686914     
          39  0.54537616809897849     
          40  0.54167476052145858     
          41  0.53971104881807652     
          42  0.53743924364894879     
          43  0.53594142454890947     
          44  0.53431089275151988     
          45  0.53302556570361670     
          46  0.53189915868691373     
          47  0.53115407096341860     
          48  0.53089628346736051     
