# Fig. 2B
# Two-orbital Haldane model
# DeltaS(Sz=2) gap
# for Hund exchange Jh/U=0.25
# for various interaction U/W (W=1)
# in function of inverse system size L
# in units of effective spin exchange J

# 1st column: inverse system size
# 2nd column: gap value normalized by J

# Interaction U/W=0.1 (W=1)
 0.1  0.134188
 0.05  0.0705203
 0.0333333  0.0478268
 0.025  0.0362085
 0.02  0.0291501
 0.0166667  0.0244388
 0.0142857  0.0210579
 0.0125  0.0185104
 0.0111111  0.0165532
 0.01  0.015019

# Interaction U/W=0.2 (W=1)
 0.1  0.253438
 0.05  0.133416
 0.0333333  0.0905514
 0.025  0.0685539
 0.02  0.0551969
 0.0166667  0.0462407
 0.0142857  0.0398434
 0.0125  0.0349983
 0.0111111  0.0312845
 0.01  0.0283532

# Interaction U/W=0.3 (W=1)
 0.1  0.359245
 0.05  0.189465
 0.0333333  0.128685
 0.025  0.0974387
 0.02  0.078451
 0.0166667  0.0657169
 0.0142857  0.0565882
 0.0125  0.0496799
 0.0111111  0.0443594
 0.01  0.0401381

# Interaction U/W=0.4 (W=1)
 0.1  0.452673
 0.05  0.239104
 0.0333333  0.162415
 0.025  0.122888
 0.02  0.098804
 0.0166667  0.0826098
 0.0142857  0.0710479
 0.0125  0.0622375
 0.0111111  0.0554272
 0.01  0.050006

# Interaction U/W=0.5 (W=1)
 0.1  0.53455
 0.05  0.282588
 0.0333333  0.191793
 0.025  0.144858
 0.02  0.116119
 0.0166667  0.0966674
 0.0142857  0.0825908
 0.0125  0.0718204
 0.0111111  0.0634068
 0.01  0.0565936

# Interaction U/W=0.6 (W=1)
 0.1  0.605601
 0.05  0.320127
 0.0333333  0.21692
 0.025  0.16344
 0.02  0.130571
 0.0166667  0.108226
 0.0142857  0.0919531
 0.0125  0.0794897
 0.0111111  0.0696322
 0.01  0.0615677

# Interaction U/W=0.7 (W=1)
 0.1  0.666548
 0.05  0.351993
 0.0333333  0.237962
 0.025  0.178794
 0.02  0.1424
 0.0166667  0.11763
 0.0142857  0.0995871
 0.0125  0.0857005
 0.0111111  0.074676
 0.01  0.0656258

# Interaction U/W=0.8 (W=1)
 0.1  0.718174
 0.05  0.378626
 0.0333333  0.255387
 0.025  0.191525
 0.02  0.152348
 0.0166667  0.125721
 0.0142857  0.106364
 0.0125  0.0915154
 0.0111111  0.0797164
 0.01  0.0699919

# Interaction U/W=0.9 (W=1)
 0.1  0.761355
 0.05  0.400676
 0.0333333  0.269897
 0.025  0.202433
 0.02  0.161306
 0.0166667  0.133579
 0.0142857  0.113573
 0.0125  0.0982937
 0.0111111  0.0862626
 0.01  0.076586

# Interaction U/W=1.0 (W=1)
 0.1  0.797044
 0.05  0.418945
 0.0333333  0.282344
 0.025  0.212387
 0.02  0.170158
 0.0166667  0.142046
 0.0142857  0.122066
 0.0125  0.10711
 0.0111111  0.0955735
 0.01  0.0868941

# Interaction U/W=1.1 (W=1)
 0.1  0.82623
 0.05  0.434223
 0.0333333  0.293431
 0.025  0.222052
 0.02  0.179543
 0.0166667  0.151736
 0.0142857  0.132394
 0.0125  0.11829
 0.0111111  0.107722
 0.01  0.100047

# Interaction U/W=1.2 (W=1)
 0.1  0.849879
 0.05  0.447188
 0.0333333  0.303687
 0.025  0.231808
 0.02  0.189704
 0.0166667  0.162719
 0.0142857  0.144398
 0.0125  0.131444
 0.0111111  0.122036
 0.01  0.116108

# Interaction U/W=1.3 (W=1)
 0.1  0.868883
 0.05  0.458353
 0.0333333  0.313398
 0.025  0.241782
 0.02  0.200604
 0.0166667  0.174819
 0.0142857  0.157758
 0.0125  0.145997
 0.0111111  0.138623
 0.01  0.132675

# Interaction U/W=1.4 (W=1)
 0.1  0.884032
 0.05  0.468086
 0.0333333  0.322723
 0.025  0.252008
 0.02  0.212155
 0.0166667  0.187767
 0.0142857  0.172013
 0.0125  0.161392
 0.0111111  0.154672
 0.01  0.149445

# Interaction U/W=1.5 (W=1)
 0.1  0.896006
 0.05  0.476655
 0.0333333  0.331732
 0.025  0.262378
 0.02  0.224084
 0.0166667  0.201167
 0.0142857  0.186665
 0.0125  0.177058
 0.0111111  0.170442
 0.01  0.166263

# Interaction U/W=1.6 (W=1)
 0.1  0.905379
 0.05  0.484258
 0.0333333  0.340433
 0.025  0.272758
 0.02  0.236139
 0.0166667  0.214661
 0.0142857  0.201299
 0.0125  0.19256
 0.0111111  0.186581
 0.01  0.182692

# Interaction U/W=1.7 (W=1)
 0.1  0.912632
 0.05  0.491045
 0.0333333  0.348808
 0.025  0.283009
 0.02  0.248084
 0.0166667  0.227954
 0.0142857  0.215589
 0.0125  0.207559
 0.0111111  0.202085
 0.01  0.198445

# Interaction U/W=1.8 (W=1)
 0.1  0.91817
 0.05  0.497133
 0.0333333  0.35683
 0.025  0.293001
 0.02  0.259714
 0.0166667  0.240801
 0.0142857  0.229289
 0.0125  0.221845
 0.0111111  0.216775
 0.01  0.213349

# Interaction U/W=1.9 (W=1)
 0.1  0.922326
 0.05  0.502618
 0.0333333  0.364472
 0.025  0.302624
 0.02  0.270876
 0.0166667  0.253046
 0.0142857  0.242264
 0.0125  0.235306
 0.0111111  0.230565
 0.01  0.22747

# Interaction U/W=2.0 (W=1)
 0.1  0.925376
 0.05  0.507575
 0.0333333  0.371711
 0.025  0.311802
 0.02  0.281473
 0.0166667  0.264598
 0.0142857  0.254434
 0.0125  0.247879
 0.0111111  0.243408
 0.01  0.24042

# Interaction U/W=2.1 (W=1)
 0.1  0.927548
 0.05  0.512065
 0.0333333  0.378536
 0.025  0.320483
 0.02  0.291448
 0.0166667  0.275408
 0.0142857  0.26577
 0.0125  0.259554
 0.0111111  0.255308
 0.01  0.252418

# Interaction U/W=2.2 (W=1)
 0.1  0.929024
 0.05  0.516143
 0.0333333  0.384941
 0.025  0.328642
 0.02  0.300777
 0.0166667  0.285466
 0.0142857  0.276278
 0.0125  0.270347
 0.0111111  0.266326
 0.01  0.263492

# Interaction U/W=2.3 (W=1)
 0.1  0.929956
 0.05  0.519853
 0.0333333  0.390933
 0.025  0.336274
 0.02  0.30946
 0.0166667  0.294787
 0.0142857  0.285985
 0.0125  0.280297
 0.0111111  0.276429
 0.01  0.273687

# Interaction U/W=2.4 (W=1)
 0.1  0.930463
 0.05  0.523234
 0.0333333  0.396523
 0.025  0.343386
 0.02  0.317516
 0.0166667  0.303399
 0.0142857  0.294932
 0.0125  0.289453
 0.0111111  0.28568
 0.01  0.28306

# Interaction U/W=2.5 (W=1)
 0.1  0.930641
 0.05  0.526321
 0.0333333  0.401726
 0.025  0.350001
 0.02  0.324971
 0.0166667  0.311345
 0.0142857  0.303168
 0.0125  0.297871
 0.0111111  0.29425
 0.01  0.29167

# Interaction U/W=2.6 (W=1)
 0.1  0.930566
 0.05  0.529144
 0.0333333  0.406564
 0.025  0.356128
 0.02  0.331861
 0.0166667  0.318667
 0.0142857  0.310744
 0.0125  0.305606
 0.0111111  0.302089
 0.01  0.299576

# Interaction U/W=2.7 (W=1)
 0.1  0.930301
 0.05  0.531729
 0.0333333  0.411056
 0.025  0.361811
 0.02  0.338225
 0.0166667  0.325414
 0.0142857  0.317715
 0.0125  0.312717
 0.0111111  0.309279
 0.01  0.306838

# Interaction U/W=2.8 (W=1)
 0.1  0.929893
 0.05  0.5341
 0.0333333  0.415225
 0.025  0.367073
 0.02  0.3441
 0.0166667  0.331629
 0.0142857  0.324129
 0.0125  0.319255
 0.0111111  0.315901
 0.01  0.313512

# Interaction U/W=2.9 (W=1)
 0.1  0.92938
 0.05  0.536279
 0.0333333  0.419095
 0.025  0.371946
 0.02  0.349525
 0.0166667  0.337359
 0.0142857  0.330035
 0.0125  0.325271
 0.0111111  0.321998
 0.01  0.319651

# Interaction U/W=3.0 (W=1)
 0.1  0.928792
 0.05  0.538283
 0.0333333  0.422686
 0.025  0.376459
 0.02  0.354537
 0.0166667  0.342642
 0.0142857  0.335481
 0.0125  0.330812
 0.0111111  0.327608
 0.01  0.325302

# Interaction U/W=3.1 (W=1)
 0.1  0.928153
 0.05  0.54013
 0.0333333  0.42602
 0.025  0.38064
 0.02  0.359169
 0.0166667  0.34752
 0.0142857  0.340497
 0.0125  0.33592
 0.0111111  0.332775
 0.01  0.330511

# Interaction U/W=3.2 (W=1)
 0.1  0.92748
 0.05  0.541835
 0.0333333  0.429118
 0.025  0.384516
 0.02  0.363456
 0.0166667  0.352028
 0.0142857  0.345132
 0.0125  0.340637
 0.0111111  0.337541
 0.01  0.335318

# Interaction U/W=3.3 (W=1)
 0.1  0.926788
 0.05  0.543411
 0.0333333  0.431997
 0.025  0.388112
 0.02  0.367425
 0.0166667  0.356197
 0.0142857  0.349417
 0.0125  0.344992
 0.0111111  0.34195
 0.01  0.339758

# Interaction U/W=3.4 (W=1)
 0.1  0.926088
 0.05  0.544869
 0.0333333  0.434676
 0.025  0.391451
 0.02  0.371105
 0.0166667  0.360059
 0.0142857  0.353379
 0.0125  0.349026
 0.0111111  0.346028
 0.01  0.343867

# Interaction U/W=3.5 (W=1)
 0.1  0.925389
 0.05  0.546222
 0.0333333  0.43717
 0.025  0.394555
 0.02  0.37452
 0.0166667  0.363577
 0.0142857  0.357062
 0.0125  0.352765
 0.0111111  0.349806
 0.01  0.347675

# Interaction U/W=3.6 (W=1)
 0.1  0.924695
 0.05  0.547478
 0.0333333  0.439495
 0.025  0.397443
 0.02  0.377694
 0.0166667  0.366965
 0.0142857  0.360474
 0.0125  0.356233
 0.0111111  0.353311
 0.01  0.351207

# Interaction U/W=3.7 (W=1)
 0.1  0.924013
 0.05  0.548646
 0.0333333  0.441664
 0.025  0.400133
 0.02  0.380647
 0.0166667  0.370057
 0.0142857  0.363646
 0.0125  0.359456
 0.0111111  0.356569
 0.01  0.354488

# Interaction U/W=3.8 (W=1)
 0.1  0.923346
 0.05  0.549733
 0.0333333  0.443689
 0.025  0.402642
 0.02  0.383397
 0.0166667  0.372935
 0.0142857  0.366598
 0.0125  0.362456
 0.0111111  0.359598
 0.01  0.357541

# Interaction U/W=3.9 (W=1)
 0.1  0.922697
 0.05  0.550747
 0.0333333  0.445583
 0.025  0.404984
 0.02  0.385962
 0.0166667  0.375617
 0.0142857  0.369348
 0.0125  0.365249
 0.0111111  0.362422
 0.01  0.360517

# Interaction U/W=4.0 (W=1)
 0.1  0.922066
 0.05  0.551694
 0.0333333  0.447355
 0.025  0.407173
 0.02  0.388357
 0.0166667  0.378121
 0.0142857  0.371914
 0.0125  0.367858
 0.0111111  0.365055
 0.01  0.363037

