# generlized Kondo-Heisenberg model
# U/W=1.9 Jh/U=0.25 n=1/2 L=48
# chirality correlation d=1 kappa(l)
# l, kappa(l)
           1   1.1914949999999999E-003
           2   4.3691270000000004E-003
           3   7.2592100000000020E-003
           4   2.1883179999999999E-002
           5   1.9396944999999999E-002
           6   4.6845870000000005E-002
           7   2.9970681999999998E-002
           8   5.5237640000000005E-002
           9   3.8697945000000004E-002
          10   6.4725969999999994E-002
          11   4.7598610000000000E-002
          12   7.3994350000000014E-002
          13   5.6798219999999996E-002
          14   8.8063250000000010E-002
          15   6.9135639999999998E-002
          16  0.10744105000000000     
          17   8.5961019999999999E-002
          18  0.12874516000000000     
          19  0.11313373000000000     
          20  0.19123790000000002     
          21  0.14851545000000005     
          22  0.28475024999999998     
          23  0.29159659999999998     
          24   1.1689451000000000     
          25  0.28056448499999997     
          26  0.29103570000000001     
          27  0.14549465000000000     
          28  0.17945995000000003     
          29  0.10574879000000001     
          30  0.11735261000000002     
          31   8.0869820000000009E-002
          32  0.10092250000000001     
          33   6.6077598999999987E-002
          34   8.5779749999999974E-002
          35   5.6270435000000008E-002
          36   7.4794799999999995E-002
          37   4.7617509999999995E-002
          38   6.5182870000000004E-002
          39   3.8444804999999992E-002
          40   5.2007315000000005E-002
          41   2.9150960000000004E-002
          42   4.5716210000000000E-002
          43   2.0214895000000004E-002
          44   2.6734609999999999E-002
          45   9.7156130000000014E-003
          46   1.2328143000000000E-002
          47   2.5161564999999992E-003
