# generlized Kondo-Heisenberg model
# U/W=1.6 Jh/U=0.25 n=1/2 L=48
# static structure factor S(q) q=k*pi/L
# k, S(q)
           0     3.0421382519954685E-003
           1     6.4531849245332729E-002
           2     6.0280001390031632E-002
           3    0.11830209260484492     
           4    0.14147495468037152     
           5    0.20177978646282951     
           6    0.23898063001412262     
           7    0.30270597076902178     
           8    0.34664051543873842     
           9    0.41532762682474345     
          10    0.46369123364629006     
          11    0.53974434300518714     
          12    0.59321123766962669     
          13    0.68133721560478833     
          14    0.74123738283788887     
          15    0.84900505723404174     
          16    0.91840152425101218     
          17     1.0617421499299853     
          18     1.1451488820648121     
          19     1.3619091867403672     
          20     1.4736368835880973     
          21     1.8775179621592226     
          22     2.0796039246177136     
          23     3.1042763667513462     
          24     4.3249732989193781     
          25     2.6298731760468779     
          26     1.4686785458231388     
          27     1.2143341641155529     
          28    0.91080834587967086     
          29    0.82806797924329756     
          30    0.71745352132083373     
          31    0.68109463419241068     
          32    0.63020053642152418     
          33    0.61046889364353019     
          34    0.58276387361010396     
          35    0.57044318034467534     
          36    0.55349451465969002     
          37    0.54510582044895584     
          38    0.53399948111497164     
          39    0.52819280743463426     
          40    0.52076778713244165     
          41    0.51695242929590479     
          42    0.51219473804843019     
          43    0.51011640906385014     
          44    0.50748895060136756     
          45    0.50676989722909727     
          46    0.50576952500120986     
          47    0.50564965019674746     
          48    0.50565458145955255     
