# generlized Kondo-Heisenberg model
# U/W=1.8 Jh/U=0.25 n=1/2 L=48
# chirality correlation d=1 kappa(l)
# l, kappa(l)
           1   5.7580549999999972E-004
           2   2.6523603999999983E-003
           3   2.9713090000000010E-003
           4   8.7185259999999973E-003
           5   8.9370865000000001E-003
           6   2.3888210000000007E-002
           7   1.6656877000000000E-002
           8   3.5034244999999992E-002
           9   2.5730825000000002E-002
          10   5.2069749999999998E-002
          11   3.5639125000000001E-002
          12   6.5645250000000002E-002
          13   4.5317200000000002E-002
          14   7.8561349999999988E-002
          15   5.4955654999999999E-002
          16   9.3921049999999978E-002
          17   6.6504640000000004E-002
          18  0.10870389999999996     
          19   8.9791930000000006E-002
          20  0.16037588000000000     
          21  0.13097203000000002     
          22  0.30401814999999999     
          23  0.38099077999999997     
          24   1.2290283000000000     
          25  0.35983338500000001     
          26  0.31075735000000004     
          27  0.13421145000000001     
          28  0.16539021999999998     
          29   9.1230290000000006E-002
          30  0.11041105000000002     
          31   6.7567879999999997E-002
          32   9.5050749999999976E-002
          33   5.6096395000000000E-002
          34   7.9824200000000012E-002
          35   4.6635885000000002E-002
          36   6.8387480000000000E-002
          37   3.7237950000000006E-002
          38   5.4903035000000003E-002
          39   2.7021816999999997E-002
          40   3.6355260000000000E-002
          41   1.7598949999999999E-002
          42   2.5978744999999991E-002
          43   9.6489070000000000E-003
          44   9.3527850000000006E-003
          45   3.2912252000000010E-003
          46   3.4164020000000007E-003
          47   6.9429499999999918E-004
