# generlized Kondo-Heisenberg model
# U/W=1.6 Jh/U=0.25 n=1/2 L=48
# chirality correlation d=1 kappa(l)
# l, kappa(l)
           1  -1.1237999999999049E-004
           2  -1.0049459999999812E-003
           3  -3.0445799999999140E-004
           4  -5.7407799999999317E-004
           5  -6.2364000000000007E-004
           6  -2.3438100000000082E-003
           7  -9.3323300000000943E-004
           8  -1.9393500000000020E-003
           9  -1.3145600000000002E-003
          10  -3.6436500000000074E-003
          11  -1.7081100000000066E-003
          12  -4.1635300000000108E-003
          13  -2.1784199999999995E-003
          14  -4.7277199999999960E-003
          15  -2.4033199999999900E-003
          16  -9.2974700000000039E-003
          17  -1.9475300000000068E-003
          18   1.3786500000000017E-003
          19   3.9078599999999878E-003
          20  -3.5319799999999991E-002
          21   4.3884350000000003E-002
          22  0.27128272000000003     
          23  0.42032499999999995     
          24   1.3524453000000005     
          25  0.42023752500000000     
          26  0.27126294999999995     
          27   4.3871149999999998E-002
          28  -3.5362199999999996E-002
          29   3.9008499999999965E-003
          30   1.3995299999999961E-003
          31  -1.9527899999999955E-003
          32  -9.3525999999999887E-003
          33  -2.4163799999999992E-003
          34  -4.7454200000000011E-003
          35  -2.1890999999999942E-003
          36  -4.1855400000000050E-003
          37  -1.7158899999999934E-003
          38  -3.6564800000000032E-003
          39  -1.3207199999999983E-003
          40  -1.9516999999999972E-003
          41  -9.3876300000000326E-004
          42  -2.3574700000000047E-003
          43  -6.2845999999999779E-004
          44  -5.8087500000000641E-004
          45  -3.0726199999999977E-004
          46  -1.0139949999999774E-003
          47  -1.1337099999998804E-004
