# generlized Kondo-Heisenberg model
# U/W=1.1 Jh/U=0.25 n=1/3 L=48
# static structure factor S(r)
# r, S+-(r), Szz(r)
           1   -0.17724799999999999       -5.7529600000000000E-002
           2   -0.20518900000000001       -6.6871799999999995E-002
           3   -0.17360100000000001       -5.6837100000000002E-002
           4    0.13778199999999999        4.9423500000000002E-002
           5    0.16605800000000001        5.8411200000000003E-002
           6    0.14217299999999999        4.9959900000000002E-002
           7   -0.17063999999999999       -6.0915499999999997E-002
           8   -0.20197200000000001       -7.1714500000000000E-002
           9   -0.17059700000000000       -6.0251300000000001E-002
          10    0.16475500000000001        6.4878199999999997E-002
          11    0.19543500000000000        7.6085899999999998E-002
          12    0.16381999999999999        6.3325699999999999E-002
          13   -0.19468700000000000       -7.8157599999999994E-002
          14   -0.22900999999999999       -9.1549000000000005E-002
          15   -0.19076199999999999       -7.5623399999999993E-002
          16    0.20541200000000001        8.7165999999999993E-002
          17    0.24303500000000000       0.10263200000000000     
          18    0.20296300000000000        8.5153999999999994E-002
          19   -0.27262500000000001      -0.12133300000000000     
          20   -0.33615800000000001      -0.15060100000000001     
          21   -0.29691099999999998      -0.13360500000000000     
          22    0.20833499999999999        8.8218199999999997E-002
          23    0.25035600000000002       0.10635300000000000     
          24    0.73316000000000003       0.36472199999999999     
          25   -0.34733799999999998      -0.16021099999999999     
          26   -0.29524000000000000      -0.12904399999999999     
          27   -0.28915600000000002      -0.13037000000000001     
          28    0.19913900000000001        8.2478899999999994E-002
          29    0.23612500000000000        9.7626900000000003E-002
          30    0.20402300000000001        8.4975200000000001E-002
          31   -0.17276900000000001       -6.9527300000000000E-002
          32   -0.20850199999999999       -8.4645300000000007E-002
          33   -0.17750099999999999       -7.2708400000000006E-002
          34    0.16345799999999999        6.1399099999999998E-002
          35    0.19531399999999999        7.3861099999999999E-002
          36    0.16614799999999999        6.3174200000000000E-002
          37   -0.14518200000000001       -5.3646899999999997E-002
          38   -0.17303399999999999       -6.4421900000000004E-002
          39   -0.14574500000000001       -5.4946299999999997E-002
          40    0.15303100000000000        5.1175699999999998E-002
          41    0.18088399999999999        6.0801599999999997E-002
          42    0.15277099999999999        5.1658400000000000E-002
          43   -0.12853600000000001       -4.2739399999999997E-002
          44   -0.15008400000000000       -4.9962600000000003E-002
          45   -0.12438100000000001       -4.2191899999999997E-002
          46    0.15798999999999999        4.8979599999999998E-002
          47    0.18677199999999999        5.7643600000000003E-002
          48    0.16141500000000000        4.9612900000000001E-002
