# generlized Kondo-Heisenberg model
# U/W=2.2 Jh/U=0.25 n=1/2 L=48
# static structure factor S(q) q=k*pi/L
# k, S(q)
           0    0.30388388651024345     
           1    0.35079015082836651     
           2    0.49103425390007460     
           3    0.76664954859230638     
           4     1.3202507177968819     
           5     2.1957222359790411     
           6     2.9660763915559429     
           7     2.8926646489496415     
           8     2.2752712426711468     
           9     1.9598773005747923     
          10     1.6021530121665974     
          11     1.2977614098138925     
          12     1.1741685152876178     
          13    0.98554976971841557     
          14    0.88666040308093796     
          15    0.79904491930822130     
          16    0.74228399945728119     
          17    0.70397828437703502     
          18    0.67474913665048364     
          19    0.65305379387097684     
          20    0.63496868286959773     
          21    0.62056232724262050     
          22    0.60718106243838554     
          23    0.59689843278209931     
          24    0.58723796955470320     
          25    0.58010752947628785     
          26    0.57352535372397762     
          27    0.56898071562565855     
          28    0.56458718760691595     
          29    0.56174913738819754     
          30    0.55905489946138076     
          31    0.55750826318242108     
          32    0.55630586965399609     
          33    0.55573235444324920     
          34    0.55585348921431210     
          35    0.55558475956959430     
          36    0.55638423611741816     
          37    0.55551220446482819     
          38    0.55587727207378068     
          39    0.55465372794293799     
          40    0.55334808915365352     
          41    0.55183629345333307     
          42    0.54975637650212639     
          43    0.54832219442051533     
          44    0.54708082358924792     
          45    0.54607387410132602     
          46    0.54539243200391718     
          47    0.54493635403203222     
          48    0.54481374070456878     
