# generlized Kondo-Heisenberg model
# U/W=1.2 Jh/U=0.25 n=1/2 L=48
# static structure factor S(q) q=k*pi/L
# k, S(q)
           0     6.6065541683432184E-005
           1     6.7609045368544965E-002
           2     6.8696199071236350E-002
           3    0.12712388469805685     
           4    0.14833872420759961     
           5    0.20460614159910656     
           6    0.23086767936077413     
           7    0.28653245007086547     
           8    0.31484566204446840     
           9    0.37247422172298394     
          10    0.40255362284917728     
          11    0.46496170323232655     
          12    0.49728620638879550     
          13    0.56828040459920826     
          14    0.60382270505742086     
          15    0.68973978700572502     
          16    0.73023599742524492     
          17    0.84407930088354655     
          18    0.89351995811213314     
          19     1.0697555756868407     
          20     1.1421827550726991     
          21     1.5118652224982640     
          22     1.6785605087971951     
          23     3.2951029700346641     
          24     5.0915523094105151     
          25     2.9240735393556125     
          26     1.3903871788037618     
          27     1.1962621003399327     
          28    0.92464747677052617     
          29    0.86235054421962432     
          30    0.76564154338870360     
          31    0.73577942751982528     
          32    0.68945701128936820     
          33    0.67158814944667877     
          34    0.64535561558741483     
          35    0.63321728133092159     
          36    0.61671853455208947     
          37    0.60783075439755230     
          38    0.59675314071637997     
          39    0.59002213529225300     
          40    0.58237645132505367     
          41    0.57735778301341290     
          42    0.57222983150614437     
          43    0.56883365111030804     
          44    0.56584364309602708     
          45    0.56410039399756950     
          46    0.56295732803300014     
          47    0.56254494365367491     
          48    0.56245659088184197     
