# generlized Kondo-Heisenberg model
# U/W=1.0 Jh/U=0.25 n=1/3 L=48
# chirality correlation d=1 kappa(l)
# l, kappa(l)
           1   1.1660999999999139E-004
           2   2.1849999999984729E-005
           3  -3.3124300000000710E-004
           4   1.3180000000000223E-005
           5   8.3899999999995480E-005
           6  -8.3830999999997657E-004
           7   1.4414000000000050E-004
           8  -8.5319999999999840E-005
           9   2.9863999999999824E-004
          10  -7.0749999999998765E-005
          11   4.1687000000000494E-004
          12  -4.5170880000000276E-003
          13   7.5031000000000099E-004
          14  -7.4993000000000087E-004
          15   4.2347600000000058E-003
          16  -4.3223999999999260E-004
          17   2.3030100000000059E-003
          18  -2.3117786700000000E-002
          19   8.7648800000000061E-003
          20   7.7246999999999386E-004
          21  0.11871759999999995     
          22   2.0372500000000002E-002
          23  0.18472849999999999     
          24   1.0782023500000000     
          25  0.18417938500000003     
          26   2.0365379999999988E-002
          27  0.11900060000000001     
          28   7.4572999999999133E-004
          29   8.7723300000000001E-003
          30  -2.3131617800000011E-002
          31   2.2981599999999957E-003
          32  -4.3476000000000712E-004
          33   4.2634100000000005E-003
          34  -7.5205999999999797E-004
          35   7.5319999999999988E-004
          36  -4.5294499999999956E-003
          37   4.1641000000000117E-004
          38  -7.1889999999988526E-005
          39   3.1578999999999874E-004
          40  -8.7670000000003665E-005
          41   1.4436999999999480E-004
          42  -8.4498999999999967E-004
          43   8.4079999999996579E-005
          44   1.3149999999992161E-005
          45  -3.2582899999999938E-004
          46   2.1889999999998803E-005
          47   1.1580000000002222E-004
