# generlized Kondo-Heisenberg model
# U/W=1.4 Jh/U=0.25 n=1/3 L=48
# static structure factor S(r)
# r, S+-(r), Szz(r)
           1    -9.4927800000000007E-002  -1.7615200000000000E-004
           2   -0.11143699999999999       -1.0518600000000001E-004
           3    -9.8938600000000002E-002   3.2214100000000002E-004
           4     3.9609099999999998E-003   3.1692600000000001E-003
           5     6.0389100000000001E-002   3.3353300000000001E-003
           6     9.1498599999999999E-002   3.1741199999999999E-003
           7    0.15275700000000000        2.5618400000000001E-003
           8    0.17927399999999999        2.1698199999999998E-003
           9    0.19057499999999999        1.9685300000000000E-003
          10    0.21291299999999999        1.7764000000000000E-003
          11    0.23216400000000001        1.6492200000000001E-003
          12    0.24610299999999999        1.1907500000000000E-003
          13    0.27485500000000002        7.9763699999999997E-005
          14    0.30204500000000001       -1.1888400000000000E-003
          15    0.32185900000000001       -3.3155200000000002E-003
          16    0.35506500000000002       -7.1327400000000003E-003
          17    0.38486100000000001       -1.0562900000000000E-002
          18    0.40311799999999998       -1.3991999999999999E-002
          19    0.42764999999999997       -1.8533999999999998E-002
          20    0.44874700000000001       -2.2169700000000001E-002
          21    0.45525700000000002       -2.4283500000000000E-002
          22    0.45746100000000001       -2.5269400000000001E-002
          23    0.45139099999999999       -2.5342000000000000E-002
          24    0.86791900000000000       0.32255200000000001     
          25    0.44828899999999999       -2.5689799999999999E-002
          26    0.46489599999999998       -2.6706600000000000E-002
          27    0.45877400000000002       -2.5672600000000000E-002
          28    0.44728000000000001       -2.3065800000000001E-002
          29    0.44203599999999998       -2.0921800000000001E-002
          30    0.42486200000000002       -1.8099299999999999E-002
          31    0.40593299999999999       -1.4460400000000000E-002
          32    0.39444299999999999       -1.1850500000000000E-002
          33    0.37015799999999999       -9.0539999999999995E-003
          34    0.34227800000000003       -5.7527100000000003E-003
          35    0.32552900000000001       -3.6871500000000001E-003
          36    0.29976500000000000       -1.9902200000000000E-003
          37    0.27214100000000002       -1.7749399999999999E-004
          38    0.25864700000000002        6.9456800000000001E-004
          39    0.23677500000000001        9.2240699999999998E-004
          40    0.20940000000000000        7.9113600000000001E-004
          41    0.19499600000000000        4.4907900000000001E-004
          42    0.16540299999999999       -1.5864500000000001E-004
          43    0.10411300000000000       -1.3597100000000001E-003
          44     7.2641899999999995E-002  -1.7589800000000000E-003
          45     1.1136999999999999E-002  -2.0479100000000000E-003
          46   -0.11544000000000000       -9.3449199999999998E-004
          47   -0.13167799999999999       -7.3781699999999999E-004
          48   -0.11274199999999999       -5.8270999999999996E-004
