# generlized Kondo-Heisenberg model
# U/W=2.1 Jh/U=0.25 n=1/2 L=48
# static structure factor S(q) q=k*pi/L
# k, S(q)
           0     6.6150766752433060E-002
           1    0.10698375156055462     
           2    0.15310778496342070     
           3    0.19095739884446011     
           4    0.27603078184760532     
           5    0.38050920593067922     
           6    0.49804640020988172     
           7    0.64319530955560489     
           8    0.88823531890394403     
           9     1.2441931827244939     
          10     1.7699663696257644     
          11     2.9224406861642152     
          12     4.2565699781776285     
          13     3.5497770855347168     
          14     1.8908818463147310     
          15     1.4103018848896778     
          16     1.1539886921267297     
          17    0.99223251021460457     
          18    0.89699796259845255     
          19    0.79181540764646541     
          20    0.75303669760034619     
          21    0.69242905515591968     
          22    0.67070708911910770     
          23    0.64263772806105979     
          24    0.63084750482506502     
          25    0.61363151107822544     
          26    0.61102820236185673     
          27    0.59602028629937620     
          28    0.59603311702959583     
          29    0.58873759310606255     
          30    0.59053110647600005     
          31    0.58843404632354468     
          32    0.58890104768585894     
          33    0.59281950631401270     
          34    0.59055287107100984     
          35    0.60215137506812433     
          36    0.59027806303730934     
          37    0.57420568728431132     
          38    0.56552548796066748     
          39    0.55912322234001244     
          40    0.55502462024182919     
          41    0.55202480609903271     
          42    0.54963422790512317     
          43    0.54784269179670064     
          44    0.54628575465282625     
          45    0.54510247983539173     
          46    0.54416113829588753     
          47    0.54355924021952506     
          48    0.54335641127980661     
