# generlized Kondo-Heisenberg model
# U/W=1.4 Jh/U=0.25 n=1/3 L=48
# static structure factor S(r)
# r, S+-(r), Szz(r)
           1  0.18700800000000001        7.2908599999999999E-004
           2  0.21983700000000000        8.3084299999999995E-004
           3  0.21158600000000000        6.6898399999999996E-004
           4  0.22148899999999999        1.5638699999999999E-004
           5  0.24184900000000001       -1.0524400000000000E-004
           6  0.24703600000000001       -2.6354299999999998E-004
           7  0.27154400000000001       -5.9084500000000000E-004
           8  0.30086000000000002       -8.5934100000000001E-004
           9  0.31697399999999998       -1.0949200000000001E-003
          10  0.34637800000000002       -1.6940000000000000E-003
          11  0.37262699999999999       -2.3448000000000002E-003
          12  0.38032600000000000       -3.2064699999999999E-003
          13  0.39446100000000001       -4.8440699999999998E-003
          14  0.41261700000000001       -6.4736000000000004E-003
          15  0.41785699999999998       -8.1578399999999995E-003
          16  0.42919200000000002       -1.0725800000000001E-002
          17  0.44467600000000002       -1.3013000000000000E-002
          18  0.44707900000000000       -1.4717100000000000E-002
          19  0.45243499999999998       -1.6795000000000001E-002
          20  0.46210499999999999       -1.8506399999999999E-002
          21  0.46090599999999998       -1.9332400000000000E-002
          22  0.45678999999999997       -1.9774099999999999E-002
          23  0.44789800000000002       -1.9677099999999999E-002
          24  0.85465800000000003       0.32526699999999997     
          25  0.44475300000000001       -1.9548599999999999E-002
          26  0.46355900000000000       -2.0202999999999999E-002
          27  0.46119599999999999       -1.9595000000000001E-002
          28  0.45786700000000002       -1.8391999999999999E-002
          29  0.46029900000000001       -1.7401900000000001E-002
          30  0.45042500000000002       -1.5613900000000000E-002
          31  0.44304800000000000       -1.3310199999999999E-002
          32  0.44055699999999998       -1.1514699999999999E-002
          33  0.42468499999999998       -9.2715999999999996E-003
          34  0.41174300000000003       -6.6997599999999999E-003
          35  0.40576200000000001       -5.0231299999999998E-003
          36  0.38680300000000001       -3.4874500000000000E-003
          37  0.37161499999999997       -1.9413500000000001E-003
          38  0.36446800000000001       -1.1506900000000000E-003
          39  0.34178399999999998       -6.8691700000000000E-004
          40  0.32014599999999999       -3.3457300000000001E-004
          41  0.30928499999999998       -2.4215900000000001E-004
          42  0.28418100000000002       -2.1201099999999999E-004
          43  0.26424100000000000       -2.2460100000000000E-004
          44  0.26076500000000002       -2.2937800000000000E-004
          45  0.23929800000000001       -1.7956600000000001E-004
          46  0.22837900000000000       -8.9816700000000004E-005
          47  0.23724799999999999       -7.0682399999999999E-005
          48  0.20180100000000001       -5.5604700000000000E-005
