# generlized Kondo-Heisenberg model
# U/W=2.6 Jh/U=0.25 n=1/2 L=48
# static structure factor S(r)
# r, S+-(r), Szz(r)
           1  0.40634799999999999       -1.2062200000000000E-003
           2  0.40779300000000002       -1.1807700000000000E-003
           3  0.41317300000000001       -1.0560200000000000E-003
           4  0.41681299999999999       -1.0013699999999999E-003
           5  0.42356199999999999       -9.1087000000000004E-004
           6  0.42939200000000000       -8.6255499999999998E-004
           7  0.43841999999999998       -8.0276200000000005E-004
           8  0.44617699999999999       -7.9750600000000002E-004
           9  0.45619700000000002       -8.5865500000000005E-004
          10  0.46463800000000000       -1.0154999999999999E-003
          11  0.47475299999999998       -1.3852199999999999E-003
          12  0.48382300000000000       -1.9005300000000001E-003
          13  0.49417299999999997       -2.8352899999999999E-003
          14  0.50371600000000005       -3.9506000000000003E-003
          15  0.51449400000000001       -5.7259099999999999E-003
          16  0.52526200000000001       -7.6622399999999998E-003
          17  0.53707800000000006       -1.0351300000000001E-002
          18  0.54853600000000002       -1.2839700000000001E-002
          19  0.55817099999999997       -1.5653600000000000E-002
          20  0.56754000000000004       -1.7924400000000000E-002
          21  0.57122300000000004       -1.9822500000000000E-002
          22  0.57966600000000001       -2.1202400000000000E-002
          23  0.55475099999999999       -2.0496299999999999E-002
          24   1.0481600000000000       0.36543500000000001     
          25  0.55846399999999996       -2.1291000000000001E-002
          26  0.58078200000000002       -2.2596900000000000E-002
          27  0.57325199999999998       -2.1907800000000002E-002
          28  0.56980699999999995       -2.1009900000000001E-002
          29  0.56115499999999996       -1.9443499999999999E-002
          30  0.55384800000000001       -1.7861800000000001E-002
          31  0.54323800000000000       -1.5798699999999999E-002
          32  0.53413400000000000       -1.3963600000000000E-002
          33  0.52342299999999997       -1.1909800000000000E-002
          34  0.51492899999999997       -1.0281800000000001E-002
          35  0.50533600000000001       -8.5347300000000008E-003
          36  0.49767400000000001       -7.2173999999999997E-003
          37  0.48864500000000000       -5.8072799999999997E-003
          38  0.48104500000000000       -4.7828999999999997E-003
          39  0.47123700000000002       -3.6929100000000002E-003
          40  0.46282800000000002       -2.9428200000000001E-003
          41  0.45135799999999998       -2.1290400000000000E-003
          42  0.44268299999999999       -1.6113900000000001E-003
          43  0.43193100000000001       -1.0166600000000000E-003
          44  0.42547499999999999       -6.6920399999999996E-004
          45  0.41767399999999999       -2.4444499999999998E-004
          46  0.41381499999999999       -3.2756299999999997E-005
          47  0.40768700000000002        3.3511800000000003E-004
          48  0.40628300000000001        4.1579699999999998E-004
