# generlized Kondo-Heisenberg model
# U/W=1.2 Jh/U=0.25 n=1/2 L=48
# static structure factor S(r)
# r, S+-(r), Szz(r)
           1  -0.17580899999999999       -8.8113300000000006E-002
           2  -0.17188300000000001       -8.6205000000000004E-002
           3   0.13348599999999999        6.7794199999999999E-002
           4   0.13490800000000000        6.8397899999999998E-002
           5  -0.16982000000000000       -8.5357900000000000E-002
           6  -0.16951600000000000       -8.5169300000000003E-002
           7   0.15722300000000000        7.9693600000000003E-002
           8   0.15568100000000001        7.8837800000000000E-002
           9  -0.17914800000000000       -9.0329000000000007E-002
          10  -0.17722399999999999       -8.9332300000000003E-002
          11   0.17907200000000001        9.0802999999999995E-002
          12   0.17591799999999999        8.9141100000000001E-002
          13  -0.20319200000000001      -0.10244900000000000     
          14  -0.19909600000000000      -0.10038500000000000     
          15   0.21171999999999999       0.10701800000000000     
          16   0.20678099999999999       0.10448100000000000     
          17  -0.25058100000000000      -0.12606000000000001     
          18  -0.24485399999999999      -0.12320500000000000     
          19   0.26540700000000000       0.13353499999999999     
          20   0.26384400000000002       0.13268300000000000     
          21  -0.36936300000000000      -0.18520000000000000     
          22  -0.42218200000000000      -0.21162900000000001     
          23   0.23433100000000001       0.11763400000000000     
          24   0.89456199999999997       0.44500099999999998     
          25  -0.39716699999999999      -0.19916100000000000     
          26  -0.41643400000000003      -0.20878500000000000     
          27   0.24582300000000001       0.12358300000000000     
          28   0.26408399999999999       0.13270899999999999     
          29  -0.22414799999999999      -0.11296500000000000     
          30  -0.23722699999999999      -0.11957700000000000     
          31   0.20105600000000001       0.10147900000000000     
          32   0.20747599999999999       0.10468700000000000     
          33  -0.18341499999999999       -9.2983999999999997E-002
          34  -0.18846900000000000       -9.5567600000000003E-002
          35   0.17453800000000000        8.8308899999999996E-002
          36   0.17772499999999999        8.9918399999999996E-002
          37  -0.15848000000000001       -8.0631099999999997E-002
          38  -0.16118800000000000       -8.2067399999999999E-002
          39   0.15973000000000001        8.0776500000000001E-002
          40   0.16113800000000000        8.1518300000000002E-002
          41  -0.14165800000000001       -7.1982500000000005E-002
          42  -0.14291200000000001       -7.2695300000000004E-002
          43   0.15501699999999999        7.8076499999999993E-002
          44   0.15515000000000001        7.8178999999999998E-002
          45  -0.12360300000000000       -6.2837699999999996E-002
          46  -0.12223100000000001       -6.2253999999999997E-002
          47   0.15811600000000001        7.9456200000000005E-002
          48   0.16177500000000000        8.1235600000000005E-002
