# generlized Kondo-Heisenberg model
# U/W=1.1 Jh/U=0.25 n=1/3 L=48
# static structure factor S(q) q=k*pi/L
# k, S(q)
           0     4.2979837854807031E-003
           1     9.9721445344181675E-002
           2     9.3579952996814486E-002
           3    0.17720057512839832     
           4    0.19759630891015009     
           5    0.28590832510370817     
           6    0.31526134825988433     
           7    0.41287164958699585     
           8    0.44760546590318573     
           9    0.56706477312767190     
          10    0.60814304346396952     
          11    0.77960401921903266     
          12    0.83802876336657794     
          13     1.1719588185173651     
          14     1.3052376381836885     
          15     2.8385100373278163     
          16     4.4194420319080185     
          17     2.3711985900691426     
          18    0.99147339169574633     
          19    0.82679074295414856     
          20    0.62101115261490536     
          21    0.57387993783051794     
          22    0.50875516071303928     
          23    0.49035446667490284     
          24    0.46471748755514830     
          25    0.45747443478946515     
          26    0.44790164427426082     
          27    0.44719057847471155     
          28    0.44642795819624614     
          29    0.45064475767662493     
          30    0.45575068457012474     
          31    0.46361307284183406     
          32    0.47214478492626810     
          33    0.48149680498422831     
          34    0.49109144289308082     
          35    0.50109563451657069     
          36    0.51159331552337473     
          37    0.52291196268823592     
          38    0.53430060574547711     
          39    0.54726315773976042     
          40    0.55925883855283043     
          41    0.57457374795871363     
          42    0.58702160531007086     
          43    0.60769886457075750     
          44    0.62201310935653797     
          45    0.66241762299891371     
          46    0.68877098937408865     
          47    0.89541307351179944     
          48     1.1551627548985377     
