# generlized Kondo-Heisenberg model
# U/W=1.9 Jh/U=0.25 n=1/2 L=48
# static structure factor S(r)
# r, S+-(r), Szz(r)
           1   0.14099200000000001       -5.9915300000000001E-003
           2   0.14679700000000001       -7.1422600000000001E-003
           3  -0.11279599999999999       -4.7823400000000004E-003
           4   -9.9284800000000006E-002  -6.9058200000000000E-003
           5   0.11718800000000000       -1.5445100000000000E-002
           6   0.13719700000000001        3.7674200000000001E-003
           7   -1.7437700000000000E-002   4.7435100000000001E-002
           8   -9.9333800000000000E-002   2.0073500000000001E-002
           9  -0.10766500000000000       -5.9393000000000001E-002
          10   -1.7781300000000000E-002  -6.0328199999999998E-002
          11   0.15575400000000000        1.4445000000000000E-002
          12   0.15422600000000000        5.9544300000000001E-002
          13   -3.0208499999999999E-002   5.1263499999999997E-002
          14  -0.15051200000000001       -1.0613700000000000E-002
          15  -0.16849700000000001       -9.5381499999999994E-002
          16   -3.8023500000000002E-002  -7.4557999999999999E-002
          17   0.20820700000000000        4.7286799999999997E-002
          18   0.23271600000000001       0.10742300000000000     
          19   -3.9631900000000001E-003   5.9763400000000001E-002
          20  -0.23669000000000001       -5.9128600000000003E-002
          21  -0.37863799999999997      -0.18956600000000001     
          22  -0.21497700000000000      -0.14593999999999999     
          23   0.22774600000000000        3.7205000000000002E-002
          24   0.70475200000000005       0.44252900000000001     
          25    1.4146899999999999E-003   5.6775199999999998E-002
          26  -0.31029200000000001      -0.10266100000000000     
          27  -0.32373299999999999      -0.16493900000000000     
          28  -0.15274799999999999      -0.12217799999999999     
          29   0.15272500000000000        1.9253699999999999E-002
          30   0.23208200000000001       0.10111500000000000     
          31    4.6540800000000000E-002   8.2133399999999995E-002
          32  -0.11534400000000000        3.0376600000000002E-003
          33  -0.17214199999999999       -9.1476000000000002E-002
          34   -8.5709599999999997E-002  -9.3330800000000005E-002
          35   0.10569700000000000       -5.9428199999999997E-003
          36   0.15050600000000000        5.8482899999999997E-002
          37    2.4555000000000000E-002   7.5072299999999995E-002
          38   -7.7196000000000001E-002   2.4611600000000001E-002
          39  -0.10901100000000000       -7.1750599999999998E-002
          40   -5.3727299999999999E-002  -8.1478300000000004E-002
          41    7.6080700000000001E-002  -1.1756600000000001E-002
          42    9.5446900000000001E-002   3.8384000000000001E-002
          43   -2.9148700000000000E-002   5.5601800000000000E-002
          44   -6.5561599999999998E-002   2.2217400000000002E-002
          45   -4.7032799999999998E-003  -6.2996399999999994E-002
          46    1.3188500000000001E-002  -5.8550600000000001E-002
          47    2.6286999999999999E-003   9.0252100000000002E-002
          48   -1.4672100000000000E-003   8.4308700000000000E-002
