# generlized Kondo-Heisenberg model
# U/W=1.1 Jh/U=0.25 n=1/3 L=48
# chirality correlation d=1 kappa(l)
# l, kappa(l)
           1   4.5899999999996725E-005
           2   1.7649999999991457E-005
           3  -1.0199499999999952E-003
           4  -1.5624999999999678E-004
           5  -2.4730000000015113E-005
           6  -8.2741000000001214E-004
           7  -8.6039999999999034E-005
           8  -2.2736999999999107E-004
           9  -1.6759100000000079E-003
          10  -1.2862999999999980E-004
          11  -2.2436000000000244E-004
          12  -5.1135700000000117E-003
          13  -9.0670000000007966E-005
          14  -1.0406299999999990E-003
          15   2.4959000000000352E-004
          16   7.2165000000000163E-004
          17  -5.8870000000004266E-005
          18  -2.6880739999999993E-002
          19   8.3784000000000115E-003
          20   3.7069500000000161E-003
          21  0.12799994999999997     
          22   2.9970469999999999E-002
          23  0.21770735000000002     
          24   1.0154380500000002     
          25  0.21808741999999998     
          26   3.0138210000000006E-002
          27  0.12848655000000000     
          28   3.6937499999999887E-003
          29   8.3865500000000100E-003
          30  -2.7027750000000007E-002
          31  -5.7060000000005474E-005
          32   7.2698999999999767E-004
          33   3.5610000000001023E-004
          34  -1.0369000000000012E-003
          35  -9.4520000000005919E-005
          36  -5.1490400000000006E-003
          37  -2.2506000000000435E-004
          38  -1.2798000000000019E-004
          39  -1.6419200000000120E-003
          40  -2.2609999999999037E-004
          41  -8.7030000000017874E-005
          42  -8.3119000000000075E-004
          43  -2.4189999999994468E-005
          44  -1.5477000000000719E-004
          45  -1.0107800000000112E-003
          46   1.7179999999998585E-005
          47   4.5939999999993018E-005
