# generlized Kondo-Heisenberg model
# U/W=1.4 Jh/U=0.25 n=1/2 L=48
# chirality correlation d=1 kappa(l)
# l, kappa(l)
           1  -6.5470000000005836E-005
           2  -9.5970999999997540E-004
           3  -2.1243000000000065E-004
           4  -4.1507999999999693E-004
           5  -3.8012999999999567E-004
           6  -1.6891200000000088E-003
           7  -5.4480999999999237E-004
           8  -1.5150699999999940E-003
           9  -7.6707999999999724E-004
          10  -2.0061100000000188E-003
          11  -9.8633999999999723E-004
          12  -4.2133899999999913E-003
          13  -1.3947899999999886E-003
          14  -1.2827999999999824E-003
          15  -1.6159200000000090E-003
          16  -1.2950979999999997E-002
          17  -1.9874400000000000E-003
          18   5.5419999999999914E-003
          19   2.5387500000000045E-003
          20  -5.1308600000000003E-002
          21   3.6137350000000013E-002
          22  0.25465242000000005     
          23  0.41089207500000002     
          24   1.3671632999999999     
          25  0.41002393500000001     
          26  0.25489698000000005     
          27   3.6169750000000007E-002
          28  -5.1458099999999986E-002
          29   2.5244499999999941E-003
          30   5.5978999999999743E-003
          31  -1.9806100000000042E-003
          32  -1.2947209999999999E-002
          33  -1.6032999999999980E-003
          34  -1.2529299999999820E-003
          35  -1.3912799999999930E-003
          36  -4.2198899999999874E-003
          37  -9.8325000000000235E-004
          38  -1.9932300000000047E-003
          39  -7.6531000000000363E-004
          40  -1.5175700000000061E-003
          41  -5.4376000000000207E-004
          42  -1.6836900000000011E-003
          43  -3.7915000000000561E-004
          44  -4.1643000000000756E-004
          45  -2.1221000000000694E-004
          46  -9.5837000000001133E-004
          47  -6.5329999999995392E-005
