# generlized Kondo-Heisenberg model
# U/W=2.0 Jh/U=0.25 n=1/2 L=48
# chirality correlation d=1 kappa(l)
# l, kappa(l)
           1   6.2676199999999928E-003
           2   3.1381833999999990E-002
           3   1.6961828999999998E-002
           4   3.8017799999999990E-002
           5   2.8619050000000007E-002
           6   5.8619294999999995E-002
           7   4.1459170000000004E-002
           8   6.6368045000000001E-002
           9   4.9180306000000000E-002
          10   7.2196020000000000E-002
          11   5.6660058999999999E-002
          12   8.3030179999999981E-002
          13   6.7336855000000001E-002
          14   9.5117730000000011E-002
          15   7.8967664999999992E-002
          16  0.11148377999999999     
          17   9.3493780000000026E-002
          18  0.13144945999999996     
          19  0.11886183000000000     
          20  0.18242129999999998     
          21  0.14114500000000002     
          22  0.23796935000000000     
          23  0.21046675000000001     
          24   1.0910008499999999     
          25  -5.8502170000000013E-002
          26  0.22514215000000001     
          27  0.13453509999999996     
          28  0.17583999000000003     
          29  0.11509683000000000     
          30  0.12766740500000001     
          31   9.1478640000000000E-002
          32  0.10897806000000002     
          33   7.7581913999999988E-002
          34   9.4820849999999984E-002
          35   6.6950752999999988E-002
          36   8.2587099999999997E-002
          37   5.6832380000000009E-002
          38   7.2580450000000005E-002
          39   4.8939362000000000E-002
          40   6.4834100000000006E-002
          41   4.0702490000000008E-002
          42   5.7857594499999998E-002
          43   2.9430200000000004E-002
          44   4.2969289999999993E-002
          45   1.9017900999999997E-002
          46   3.5221902999999999E-002
          47   6.9829100000000123E-003
