# generlized Kondo-Heisenberg model
# U/W=2.4 Jh/U=0.25 n=1/2 L=48
# static structure factor S(r)
# r, S+-(r), Szz(r)
           1    0.31321500000000002       -5.4273100000000003E-003
           2    0.32315199999999999       -4.5998799999999998E-003
           3    0.36368600000000001       -1.2380900000000001E-003
           4    0.37652099999999999       -4.4524400000000002E-004
           5    0.39117700000000000       -1.3055300000000000E-004
           6    0.40152100000000002       -1.5783200000000000E-004
           7    0.41711500000000001       -4.6698699999999998E-004
           8    0.42930600000000002       -8.4356500000000000E-004
           9    0.44525900000000002       -1.5780799999999999E-003
          10    0.45791700000000002       -2.3850400000000002E-003
          11    0.47288000000000002       -3.7494799999999999E-003
          12    0.48506800000000000       -5.1987900000000000E-003
          13    0.49887199999999998       -7.4036400000000004E-003
          14    0.51085499999999995       -9.5860900000000002E-003
          15    0.52376500000000004       -1.2532300000000000E-002
          16    0.53494399999999998       -1.5177000000000000E-002
          17    0.54528900000000002       -1.8183600000000001E-002
          18    0.55446300000000004       -2.0488699999999999E-002
          19    0.56143600000000005       -2.2608199999999998E-002
          20    0.56938800000000001       -2.4019100000000002E-002
          21    0.57227099999999997       -2.4554599999999999E-002
          22    0.58064600000000000       -2.4546100000000001E-002
          23    0.55488999999999999       -2.1534299999999999E-002
          24     1.0483899999999999       0.36587500000000001     
          25    0.55491999999999997       -1.9066000000000000E-002
          26    0.57364199999999999       -1.9148600000000002E-002
          27    0.56067000000000000       -1.7125399999999999E-002
          28    0.55281999999999998       -1.5403500000000001E-002
          29    0.54040900000000003       -1.3251199999999999E-002
          30    0.53115800000000002       -1.1551600000000000E-002
          31    0.51951700000000001       -9.7648500000000003E-003
          32    0.50947600000000004       -8.3555899999999995E-003
          33    0.49659300000000001       -6.8708500000000004E-003
          34    0.48556700000000003       -5.7505100000000003E-003
          35    0.47284100000000001       -4.6430999999999998E-003
          36    0.46277699999999999       -3.8754300000000000E-003
          37    0.45093299999999997       -3.1563500000000000E-003
          38    0.44085299999999999       -2.6978499999999999E-003
          39    0.42703900000000000       -2.2994900000000000E-003
          40    0.41508600000000001       -2.0746499999999999E-003
          41    0.39876000000000000       -1.8821700000000001E-003
          42    0.38708199999999998       -1.7558300000000001E-003
          43    0.37285699999999999       -1.5897999999999999E-003
          44    0.36404500000000001       -1.3332900000000000E-003
          45    0.35117399999999999       -6.0997799999999995E-004
          46    0.33993699999999999        6.6404099999999998E-004
          47    0.30149599999999999        5.6715200000000002E-003
          48    0.29178500000000002        6.8456300000000001E-003
