# generlized Kondo-Heisenberg model
# U/W=1.9 Jh/U=0.25 n=1/2 L=48
# static structure factor S(q) q=k*pi/L
# k, S(q)
           0     3.1934860635960349E-002
           1     5.5916191383222985E-002
           2     9.2078241291373070E-002
           3    0.14065544285653336     
           4    0.18984580117418709     
           5    0.24843628396866632     
           6    0.31040985871713511     
           7    0.37941577699342516     
           8    0.45230724261860689     
           9    0.54107514993453465     
          10    0.64076983624879702     
          11    0.77285663579496333     
          12    0.94454417138883273     
          13     1.2067078310410009     
          14     1.6799011831262622     
          15     2.6074244574105854     
          16     3.5624056902045376     
          17     3.0817454705474616     
          18     1.9385342184230849     
          19     1.6216133572004994     
          20     1.3720593894515900     
          21     1.1798535631210312     
          22     1.1151579026920972     
          23    0.98366960158857408     
          24    0.95936641135324596     
          25    0.87345004964837358     
          26    0.85619507493567704     
          27    0.80541102330233616     
          28    0.77944278631943675     
          29    0.76611505169804262     
          30    0.72815405635246744     
          31    0.74149647091047344     
          32    0.68443391884860338     
          33    0.61294227049905758     
          34    0.58300967348103938     
          35    0.56566036246037987     
          36    0.55460237190074113     
          37    0.54670570741854640     
          38    0.54173370313075520     
          39    0.53761464511188450     
          40    0.53483641383195646     
          41    0.53252799784713800     
          42    0.53046771829777828     
          43    0.52878766196703131     
          44    0.52710146993164220     
          45    0.52573528158482019     
          46    0.52448547350682850     
          47    0.52369255882890364     
          48    0.52339761114565353     
