# generlized Kondo-Heisenberg model
# U/W=1.2 Jh/U=0.25 n=1/2 L=48
# chirality correlation d=1 kappa(l)
# l, kappa(l)
           1   4.4699999999916681E-006
           2  -5.5403999999998981E-004
           3  -7.7550000000011290E-005
           4  -3.7424000000000051E-004
           5  -1.4891999999998816E-004
           6  -7.5081999999998062E-004
           7  -1.9917000000000285E-004
           8  -1.5513099999999798E-003
           9  -3.5796999999997744E-004
          10  -3.5472000000001539E-004
          11  -3.7417000000000700E-004
          12  -4.6825999999999942E-003
          13  -7.3626999999999634E-004
          14   1.4855599999999969E-003
          15  -4.7387000000000297E-004
          16  -1.3821510000000009E-002
          17  -7.6969999999999816E-004
          18   1.1512800000000011E-002
          19   4.0514000000000227E-003
          20  -5.4607440000000014E-002
          21   3.2638299999999995E-002
          22  0.24721306000000007     
          23  0.38688213999999999     
          24   1.3809463500000001     
          25  0.38633594999999998     
          26  0.24739914000000002     
          27   3.2658100000000009E-002
          28  -5.4746350000000006E-002
          29   4.0450000000000104E-003
          30   1.1583730000000000E-002
          31  -7.5721999999999769E-004
          32  -1.3851609999999997E-002
          33  -4.6205999999999244E-004
          34   1.5348200000000114E-003
          35  -7.3140000000000531E-004
          36  -4.6846399999999795E-003
          37  -3.6831999999999317E-004
          38  -3.2135000000000150E-004
          39  -3.5466999999999270E-004
          40  -1.5549499999999938E-003
          41  -1.9670000000000061E-004
          42  -7.3227999999999445E-004
          43  -1.4754999999999196E-004
          44  -3.7420000000001202E-004
          45  -7.6590000000006583E-005
          46  -5.4621000000000205E-004
          47   3.9000000000106658E-006
