# generlized Kondo-Heisenberg model
# U/W=1.4 Jh/U=0.25 n=1/2 L=48
# static structure factor S(q) q=k*pi/L
# k, S(q)
           0     3.1776421209346768E-005
           1     6.7466513840574199E-002
           2     6.7536037901312546E-002
           3    0.12655760786786785     
           4    0.15090995060981410     
           5    0.21007313195135746     
           6    0.24206442557389907     
           7    0.30180418108177426     
           8    0.33707798401193639     
           9    0.39972737852256646     
          10    0.43772902595037599     
          11    0.50621600610765860     
          12    0.54738844766883110     
          13    0.62557041795391788     
          14    0.67090911706968204     
          15    0.76526092304273230     
          16    0.81631599297261093     
          17    0.94018292835130934     
          18     1.0010354188376460     
          19     1.1899411866021987     
          20     1.2748779391466827     
          21     1.6581902781370796     
          22     1.8299842045835988     
          23     3.3063211215609822     
          24     4.9611414999925056     
          25     2.8630821579199255     
          26     1.3929770242021267     
          27     1.1854786232847259     
          28    0.90195304238161667     
          29    0.83468957402141819     
          30    0.73309202943471941     
          31    0.70152515069391574     
          32    0.65286942189916575     
          33    0.63425556679683193     
          34    0.60658378442841787     
          35    0.59404620429452626     
          36    0.57653287009570953     
          37    0.56747991694104294     
          38    0.55567377363759818     
          39    0.54897742814682982     
          40    0.54083418361902891     
          41    0.53603519523712473     
          42    0.53060131603113614     
          43    0.52756743549178908     
          44    0.52441125016932366     
          45    0.52304619690989873     
          46    0.52180714470360501     
          47    0.52154673675003016     
          48    0.52144017675224918     
