# generlized Kondo-Heisenberg model
# U/W=1.8 Jh/U=0.25 n=1/2 L=48
# static structure factor S(r)
# r, S+-(r), Szz(r)
           1   -8.3454899999999999E-002   2.2130199999999999E-002
           2   -8.6712600000000001E-002   2.6658700000000000E-002
           3    6.5286499999999997E-002  -4.3588300000000002E-003
           4    5.8210300000000000E-002  -1.3146900000000000E-002
           5   -8.2927399999999998E-002  -1.7823599999999998E-002
           6   -8.2013699999999995E-002   3.0641599999999998E-003
           7    6.0637400000000001E-002   4.6677799999999998E-002
           8    7.6216900000000004E-002   2.8849300000000001E-002
           9   -1.1183000000000000E-002  -4.9269199999999999E-002
          10   -6.1483900000000001E-002  -5.9973400000000003E-002
          11   -7.6872200000000002E-002  -4.9781199999999999E-003
          12   -2.3157900000000001E-004   4.0107600000000000E-002
          13   0.14179500000000000        6.2345800000000000E-002
          14    8.8298799999999997E-002   1.1597700000000001E-002
          15  -0.14377100000000001       -9.7553600000000004E-002
          16  -0.17531700000000000       -8.8921799999999995E-002
          17    2.0870000000000000E-002   4.9545100000000002E-002
          18   0.15088699999999999       0.10541800000000000     
          19   0.16828699999999999        6.2959899999999999E-002
          20   -1.7487099999999998E-002  -4.0051700000000003E-002
          21  -0.40022500000000000      -0.19990900000000000     
          22  -0.33305299999999999      -0.14665600000000001     
          23   0.16211400000000001       0.10695900000000000     
          24    1.1109800000000001       0.45450000000000002     
          25   -3.5455100000000003E-002  -4.8108999999999999E-002
          26  -0.32512900000000000      -0.18609100000000001     
          27  -0.20953600000000000       -9.7544800000000001E-002
          28   -4.8026600000000003E-002   1.7392200000000001E-003
          29   0.15719900000000001       0.10212100000000000     
          30   0.15628000000000000        7.6940300000000003E-002
          31   -5.3575800000000000E-002  -6.6929900000000001E-002
          32  -0.13988100000000001      -0.10024000000000000     
          33   -5.9711699999999999E-002  -2.3536600000000000E-003
          34    2.8562700000000000E-002   5.6579299999999999E-002
          35    9.6902900000000000E-002   5.9256099999999999E-002
          36    5.9589000000000003E-002   1.1563800000000001E-002
          37   -7.3969199999999999E-002  -7.2829800000000000E-002
          38   -9.1034699999999996E-002  -5.9076900000000002E-002
          39    2.2324799999999999E-002   5.5426099999999999E-002
          40    5.9969500000000002E-002   7.2428999999999993E-002
          41    1.1736600000000000E-002  -1.2032700000000000E-002
          42   -1.5907600000000001E-002  -4.2119499999999997E-002
          43   -2.5532699999999998E-002  -1.9101500000000000E-002
          44   -1.6459800000000000E-002   3.4871199999999998E-003
          45    1.9576000000000000E-002   2.2883600000000000E-002
          46    2.0161200000000001E-002   1.6128900000000002E-002
          47   -2.6629600000000000E-002  -3.7780000000000001E-002
          48   -2.5696099999999999E-002  -3.3333799999999997E-002
