# generlized Kondo-Heisenberg model
# U/W=2.6 Jh/U=0.25 n=1/2 L=48
# static structure factor S(q) q=k*pi/L
# k, S(q)
           0     14.017769853686234     
           1     7.5229730030948456     
           2     1.7226969787819064     
           3     1.2104849332873540     
           4    0.66088877407263902     
           5    0.69467967056883295     
           6    0.54360989036239848     
           7    0.58364113414504337     
           8    0.51418473052147018     
           9    0.54537236777236631     
          10    0.50432173700767258     
          11    0.52812117548322179     
          12    0.50086755122039972     
          13    0.52025870501202787     
          14    0.50122945734615243     
          15    0.51582078400674891     
          16    0.50179178590492179     
          17    0.51438710347665206     
          18    0.50369750551413262     
          19    0.51418203663454842     
          20    0.50577429170440291     
          21    0.51496586146355949     
          22    0.50818685435480415     
          23    0.51641057017911796     
          24    0.51082973921097408     
          25    0.51829415551008340     
          26    0.51363008983599223     
          27    0.52048886970975383     
          28    0.51652546977055114     
          29    0.52292508459363929     
          30    0.51952453560292566     
          31    0.52553486917844427     
          32    0.52254995254925685     
          33    0.52827431009143222     
          34    0.52565102984672063     
          35    0.53113995090971344     
          36    0.52877356531227715     
          37    0.53408314619841735     
          38    0.53196137380865727     
          39    0.53711821491956491     
          40    0.53518214258501573     
          41    0.54023330288107640     
          42    0.53844138312448142     
          43    0.54343898253383371     
          44    0.54171565901052321     
          45    0.54670931832908864     
          46    0.54499041713402707     
          47    0.54991688160230234     
          48    0.54708918031248421     
