# generlized Kondo-Heisenberg model
# U/W=2.1 Jh/U=0.25 n=1/2 L=48
# chirality correlation d=1 kappa(l)
# l, kappa(l)
           1   4.8674509999999975E-003
           2   2.3247016999999998E-002
           3   1.1976098999999999E-002
           4   2.4079167000000002E-002
           5   1.9214261000000017E-002
           6   3.6444534999999993E-002
           7   2.8327694999999990E-002
           8   4.4687259999999993E-002
           9   3.5133097000000002E-002
          10   4.8617399999999998E-002
          11   3.8979212999999999E-002
          12   5.4420240000000009E-002
          13   4.8615050000000007E-002
          14   7.1026773000000001E-002
          15   6.1859619999999997E-002
          16   8.4695981999999975E-002
          17   7.9974770000000028E-002
          18  0.11598481499999999     
          19  0.10100398999999999     
          20  0.14146061000000004     
          21  0.11136460000000001     
          22  0.17644855319999997     
          23  0.11626742500000001     
          24   1.0471944000000000     
          25  0.11044192500000000     
          26  0.19875138100000000     
          27  0.12664925000000002     
          28  0.15899107999999995     
          29  0.10292680500000001     
          30  0.10356946100000000     
          31   7.0146823999999997E-002
          32   7.7517880000000011E-002
          33   5.7530375000000009E-002
          34   6.6237275999999998E-002
          35   4.7381235999999986E-002
          36   5.5828400000000014E-002
          37   3.9842611000000007E-002
          38   4.7390589999999996E-002
          39   3.3934798000000002E-002
          40   4.3799728000000010E-002
          41   2.7907507999999998E-002
          42   3.5320813999999999E-002
          43   1.8896943999999995E-002
          44   2.4726380999999999E-002
          45   1.2198391000000003E-002
          46   2.3229524000000008E-002
          47   4.8560050000000070E-003
