# generlized Kondo-Heisenberg model
# U/W=2.2 Jh/U=0.25 n=1/2 L=48
# static structure factor S(r)
# r, S+-(r), Szz(r)
           1    5.2283999999999997E-002   8.7267000000000004E-003
           2    4.1336199999999997E-002   1.0847700000000000E-002
           3   -6.3342599999999999E-002   4.8183000000000002E-003
           4   -6.9675399999999998E-002  -4.0103900000000000E-003
           5   -2.3100300000000001E-002  -1.5130400000000000E-002
           6    3.3799099999999999E-002  -1.7224699999999999E-002
           7   0.13278200000000001       -1.5011099999999999E-002
           8   0.17400299999999999       -7.9243600000000001E-003
           9   0.18050900000000000        5.6851799999999997E-003
          10   0.13756399999999999        1.4695800000000000E-002
          11    3.6164099999999998E-002   2.1239800000000000E-002
          12   -6.4968100000000001E-002   2.0368100000000000E-002
          13  -0.18964500000000001        1.2963300000000001E-002
          14  -0.26839000000000002        4.6186500000000002E-003
          15  -0.32571400000000000       -6.0664100000000004E-003
          16  -0.33085100000000001       -1.3876599999999999E-002
          17  -0.28217599999999998       -2.1232999999999998E-002
          18  -0.19606799999999999       -2.6405800000000000E-002
          19   -4.9227500000000000E-002  -2.9243000000000002E-002
          20    9.8696500000000006E-002  -2.9409200000000000E-002
          21   0.27607500000000001       -2.3214400000000000E-002
          22   0.41518200000000000       -1.4599000000000001E-002
          23   0.48493900000000001        1.0912200000000000E-003
          24    1.0426400000000000       0.37868700000000000     
          25   0.49227199999999999       -1.6166600000000000E-002
          26   0.43089800000000000       -3.6451799999999999E-002
          27   0.25685300000000000       -4.8616800000000002E-002
          28    8.2665900000000000E-002  -5.3420000000000002E-002
          29  -0.11726399999999999       -4.6257300000000001E-002
          30  -0.26184900000000000       -3.5501300000000000E-002
          31  -0.36687100000000000       -1.8911799999999999E-002
          32  -0.39842400000000000       -5.5930700000000003E-003
          33  -0.35691299999999998        6.2222199999999997E-003
          34  -0.27788499999999999        1.1789900000000001E-002
          35  -0.14462100000000000        1.1879300000000001E-002
          36   -2.6907799999999999E-002   8.1197200000000004E-003
          37   0.10550100000000000        2.6806599999999998E-005
          38   0.18490000000000001       -6.9355399999999996E-003
          39   0.22021900000000000       -1.3479400000000001E-002
          40   0.20044500000000001       -1.5383900000000001E-002
          41   0.11381900000000000       -1.1589000000000000E-002
          42    3.2943699999999999E-002  -5.7973499999999997E-003
          43   -6.8466200000000005E-002   3.6789399999999999E-003
          44  -0.10780400000000000        8.0443200000000006E-003
          45   -8.5374500000000006E-002   7.9859400000000004E-003
          46   -2.9169000000000000E-002   3.9440100000000004E-003
          47    9.7309400000000004E-002  -8.1580699999999999E-003
          48    9.5319399999999999E-002  -8.3635900000000006E-003
