# generlized Kondo-Heisenberg model
# U/W=1.4 Jh/U=0.25 n=1/3 L=48
# static structure factor S(q) q=k*pi/L
# k, S(q)
           0    9.9972849752398893     
           1    5.9175752013317569     
           2    1.6773357798574431     
           3    1.0945193631943990     
           4   0.76516195619842298     
           5   0.63311021629252662     
           6   0.53297478093037953     
           7   0.50941934775690656     
           8   0.47243116042926686     
           9   0.47168712179530359     
          10   0.45345133621860878     
          11   0.46105698125343730     
          12   0.45018179085573562     
          13   0.45796563281057512     
          14   0.45108833594113207     
          15   0.45644973502628106     
          16   0.45187421716514264     
          17   0.45617157117853357     
          18   0.45286766522077604     
          19   0.45692336602665945     
          20   0.45445824623469233     
          21   0.45841075129675152     
          22   0.45678024413404172     
          23   0.46057903811574374     
          24   0.45969404764393285     
          25   0.46325482258262002     
          26   0.46274544943389062     
          27   0.46607126067395532     
          28   0.46564419701669690     
          29   0.46872618832995389     
          30   0.46774776178106409     
          31   0.47075442904627740     
          32   0.46920081147172904     
          33   0.46945931415690900     
          34   0.46903330778584817     
          35   0.46979251438956232     
          36   0.46920757210216346     
          37   0.46984339848712103     
          38   0.46917828391873068     
          39   0.46980087041821028     
          40   0.46911583809594509     
          41   0.46975221462762196     
          42   0.46906153583562304     
          43   0.46973328405640885     
          44   0.46905111862878412     
          45   0.46973342022639908     
          46   0.46906134998897336     
          47   0.46973097920088441     
          48   0.46906349553165300     
