# generlized Kondo-Heisenberg model
# U/W=1.2 Jh/U=0.25 n=1/3 L=48
# chirality correlation d=1 kappa(l)
# l, kappa(l)
           1   5.0573999999999736E-004
           2   6.3872200000000498E-004
           3   8.6465869999999903E-003
           4   3.7624836999999908E-003
           5   4.7096419999999948E-003
           6   2.0235171999999996E-002
           7   8.0029599999999999E-003
           8   1.2436090999999996E-002
           9   3.8844199999999982E-002
          10   1.5451408000000007E-002
          11   1.8577920000000001E-002
          12   4.3005945899999995E-002
          13   2.0318490599999999E-002
          14   2.4910216000000006E-002
          15   5.0419431999999993E-002
          16   2.5854019999999998E-002
          17   3.2493259999999982E-002
          18   6.8534180000000000E-002
          19   3.2567949999999984E-002
          20   3.4836619999999999E-002
          21   8.9583679999999999E-002
          22   4.6812310000000010E-002
          23  -2.2488275000000002E-002
          24  0.68633212999999993     
          25  0.32174491449999998     
          26   4.7019900000000003E-002
          27   9.2508985000000002E-002
          28   3.6305290000000004E-002
          29   3.2571460000000024E-002
          30   7.0544750000000003E-002
          31   3.3645790000000002E-002
          32   2.6913090000000001E-002
          33   5.3606114999999996E-002
          34   2.6158421000000012E-002
          35   2.1252360000000012E-002
          36   4.6055020000000002E-002
          37   1.9361579000000000E-002
          38   1.5494020000000002E-002
          39   4.0096005000000004E-002
          40   1.2643830000000002E-002
          41   7.8282499999999880E-003
          42   1.9588344899999995E-002
          43   4.5254557000000044E-003
          44   3.2338560000000046E-003
          45   6.5744035999999971E-003
          46   5.1902299999999921E-004
          47   4.5247999999998450E-004
