# generlized Kondo-Heisenberg model
# U/W=1.8 Jh/U=0.25 n=1/2 L=48
# static structure factor S(q) q=k*pi/L
# k, S(q)
           0     4.4384019911195775E-002
           1     5.3590762176557498E-002
           2     8.2450101988097782E-002
           3    0.12266772789631097     
           4    0.16643669587703280     
           5    0.21863065138816262     
           6    0.27078784901826697     
           7    0.32819160918131396     
           8    0.39207754007429618     
           9    0.46281788342106456     
          10    0.54305495528264636     
          11    0.63424974012685154     
          12    0.74248510878866381     
          13    0.87525042622006710     
          14     1.0521669475222750     
          15     1.3063892054368336     
          16     1.7702984448506007     
          17     2.6074415642110642     
          18     3.0446453173512338     
          19     2.5089111494151579     
          20     1.9547975581457431     
          21     1.7118358029298069     
          22     1.4984652323604055     
          23     1.3674725632385221     
          24     1.2683498344499498     
          25     1.1730678399260024     
          26     1.0917011167252824     
          27     1.0338023394252027     
          28    0.96641141560717747     
          29    0.92366308730027802     
          30    0.85854037276206485     
          31    0.72781888332224287     
          32    0.63929423829900933     
          33    0.60079049798791484     
          34    0.57485279955654256     
          35    0.55686636278311563     
          36    0.54431607643801616     
          37    0.53561679572757959     
          38    0.52943194574870700     
          39    0.52533428647422675     
          40    0.52227833812915647     
          41    0.51996477300740807     
          42    0.51779769046758684     
          43    0.51597058091027947     
          44    0.51418732559535518     
          45    0.51269109105225397     
          46    0.51148405042257328     
          47    0.51067338997319367     
          48    0.51041209623027672     
