# generlized Kondo-Heisenberg model
# U/W=2.8 Jh/U=0.25 n=1/2 L=48
# static structure factor S(q) q=k*pi/L
# k, S(q)
           0     15.375779483254494     
           1     7.5036452235107696     
           2     1.2182511961888385     
           3     1.1554048494554905     
           4    0.56295933048173530     
           5    0.71475389414432056     
           6    0.51885977943628225     
           7    0.59648264145676055     
           8    0.50094808411823333     
           9    0.55462022507948650     
          10    0.49719843836624900     
          11    0.53434091707298759     
          12    0.49629321087850464     
          13    0.52409944254823682     
          14    0.49695159749756390     
          15    0.51923109535713263     
          16    0.49883222178117892     
          17    0.51692542136883046     
          18    0.50104481351486196     
          19    0.51636537685834671     
          20    0.50365724411355328     
          21    0.51682030133473311     
          22    0.50639479738122062     
          23    0.51801253729988783     
          24    0.50928926693238685     
          25    0.51968750237317451     
          26    0.51225292189279259     
          27    0.52172954375131519     
          28    0.51529239949756023     
          29    0.52402993715255775     
          30    0.51837479697090150     
          31    0.52653397940362967     
          32    0.52150164445677427     
          33    0.52919850133790003     
          34    0.52466233638843773     
          35    0.53198592476413831     
          36    0.52785044149042215     
          37    0.53488758138208881     
          38    0.53106531206784802     
          39    0.53787711601364607     
          40    0.53429039031828263     
          41    0.54093970781589651     
          42    0.53754980001539021     
          43    0.54409661839949941     
          44    0.54079307306263269     
          45    0.54729502088448945     
          46    0.54410643135037029     
          47    0.55063388352117970     
          48    0.54657594491448469     
