# generlized Kondo-Heisenberg model
# U/W=2.1 Jh/U=0.25 n=1/2 L=48
# static structure factor S(r)
# r, S+-(r), Szz(r)
           1    9.8324700000000001E-002  -4.3149799999999996E-006
           2   0.10315900000000000        1.3794700000000000E-003
           3   -4.2204600000000002E-002   4.2858200000000001E-003
           4   -7.6949400000000001E-002   1.2708899999999999E-004
           5   -5.7013800000000003E-002  -8.3070499999999999E-003
           6    4.7078600000000003E-003  -9.1872099999999995E-003
           7   0.12817899999999999       -3.8410900000000001E-003
           8   0.15540999999999999        4.1470700000000001E-003
           9    7.7560100000000007E-002   1.1563100000000000E-002
          10   -3.1824900000000003E-002   7.8746500000000004E-003
          11  -0.16195999999999999       -6.2848200000000000E-003
          12  -0.18055599999999999       -1.8234500000000001E-002
          13   -9.3760099999999999E-002  -2.0347100000000000E-002
          14    3.8419000000000002E-002  -9.9499199999999993E-003
          15   0.21597700000000000        1.2524700000000000E-002
          16   0.27324999999999999        3.2016999999999997E-002
          17   0.15497100000000000        2.8882200000000000E-002
          18   -7.7832499999999999E-002  -4.0435699999999998E-003
          19  -0.36707699999999999       -6.1082200000000003E-002
          20  -0.44289600000000001       -9.6609299999999995E-002
          21  -0.27222800000000003       -7.5019000000000002E-002
          22    5.9588599999999999E-003  -2.0273500000000000E-002
          23   0.33621299999999998        2.0924399999999999E-002
          24   0.94096900000000006       0.40300300000000000     
          25   0.24778900000000001        3.0872100000000000E-002
          26   -5.7638799999999997E-002  -3.0053799999999999E-002
          27  -0.37837599999999999      -0.10001200000000000     
          28  -0.44947599999999999      -0.11835400000000000     
          29  -0.24074899999999999       -5.8609000000000001E-002
          30   -6.5301700000000001E-003   1.3757999999999999E-003
          31   0.19189800000000001        4.1083099999999997E-002
          32   0.22397300000000001        4.8335400000000001E-002
          33   0.11789300000000000        2.7634800000000001E-002
          34   -8.7755300000000001E-003   3.0855399999999999E-003
          35  -0.14464099999999999       -2.1676800000000000E-002
          36  -0.18080800000000000       -3.1192200000000000E-002
          37  -0.11052300000000000       -2.0915900000000001E-002
          38   -1.3599800000000000E-002  -5.2874300000000001E-003
          39   0.10298100000000000        1.0123099999999999E-002
          40   0.13284499999999999        1.5648400000000000E-002
          41    7.1918200000000002E-002   1.1792000000000000E-002
          42   -1.0968799999999999E-003   3.4054599999999999E-003
          43   -8.6946499999999996E-002  -8.2640999999999999E-003
          44   -9.4745700000000002E-002  -1.0556800000000000E-002
          45   -2.0726600000000001E-002  -5.0539499999999998E-003
          46    2.8592400000000000E-002   1.0235200000000000E-004
          47    6.2615000000000004E-002   7.7325400000000004E-003
          48    4.8093100000000000E-002   6.6586700000000002E-003
