# generlized Kondo-Heisenberg model
# U/W=1.4 Jh/U=0.25 n=1/2 L=48
# static structure factor S(r)
# r, S+-(r), Szz(r)
           1   -0.16453100000000001       -8.1461199999999998E-002     
           2   -0.16638900000000001       -8.2354399999999994E-002     
           3    0.12884699999999999        6.4351599999999995E-002     
           4    0.12538700000000000        6.2519800000000000E-002     
           5   -0.16251900000000000       -8.0908400000000005E-002     
           6   -0.16209399999999999       -8.0547700000000000E-002     
           7    0.14963199999999999        7.5358999999999995E-002     
           8    0.14528600000000000        7.3011499999999993E-002     
           9   -0.17106199999999999       -8.5716100000000003E-002     
          10   -0.16693000000000000       -8.3518200000000001E-002     
          11    0.17245800000000000        8.7085200000000001E-002     
          12    0.16490800000000000        8.3182300000000001E-002     
          13   -0.19773299999999999       -9.9287799999999996E-002     
          14   -0.18845300000000001       -9.4599199999999994E-002     
          15    0.21010300000000001       0.10574900000000000          
          16    0.19717399999999999        9.9223699999999998E-002     
          17   -0.25332300000000002      -0.12707399999999999          
          18   -0.23723200000000000      -0.11903000000000000          
          19    0.27535700000000002       0.13818000000000000          
          20    0.25984400000000002       0.13044500000000001          
          21   -0.39621699999999999      -0.19837500000000000          
          22   -0.43778699999999998      -0.21919400000000000          
          23    0.22965200000000000       0.11513400000000000          
          24    0.90281500000000003       0.44817699999999999          
          25   -0.33776000000000000      -0.16937400000000000          
          26   -0.43130800000000002      -0.21608300000000000          
          27    0.22272300000000000       0.11194999999999999          
          28    0.25989000000000001       0.13050700000000001          
          29   -0.20457300000000000      -0.10313500000000000          
          30   -0.22864300000000001      -0.11517100000000000          
          31    0.18423900000000001        9.2994800000000002E-002     
          32    0.19708100000000001        9.9392700000000000E-002     
          33   -0.16646500000000000       -8.4494799999999995E-002     
          34   -0.17657999999999999       -8.9605699999999996E-002     
          35    0.15918199999999999        8.0434900000000004E-002     
          36    0.16553100000000001        8.3684400000000006E-002     
          37   -0.14311800000000000       -7.2734199999999999E-002     
          38   -0.14858499999999999       -7.5625700000000004E-002     
          39    0.14666199999999999        7.3756799999999997E-002     
          40    0.14921200000000001        7.5190499999999993E-002     
          41   -0.12882500000000000       -6.5078899999999995E-002     
          42   -0.13193700000000000       -6.6831100000000004E-002     
          43    0.14572900000000000        7.2675799999999999E-002     
          44    0.14551000000000000        7.2724999999999998E-002     
          45   -0.11283300000000000       -5.6468400000000002E-002     
          46   -0.11564900000000000       -5.7987600000000000E-002     
          47    0.15087400000000001        7.4896799999999999E-002     
          48    0.14911600000000000        7.4051300000000000E-002     
