# generlized Kondo-Heisenberg model
# U/W=2.4 Jh/U=0.25 n=1/2 L=48
# static structure factor S(q) q=k*pi/L
# k, S(q)
           0    12.882573898998459     
           1    7.4612336460648256     
           2    2.0717152899515061     
           3    1.2764661828993267     
           4   0.75467717551404390     
           5   0.72801207240011734     
           6   0.58690830936945693     
           7   0.57981333011800773     
           8   0.52703567745640401     
           9   0.54424613849718995     
          10   0.51578692902137657     
          11   0.52414315944672019     
          12   0.50893791623430817     
          13   0.51703861387154959     
          14   0.50878163913036267     
          15   0.51284962441652238     
          16   0.50831643940584503     
          17   0.51136718802007941     
          18   0.50902780822290095     
          19   0.51139254761580544     
          20   0.51032479160570365     
          21   0.51248228794336070     
          22   0.51209902506953997     
          23   0.51418811001181719     
          24   0.51416824637940206     
          25   0.51634471143942606     
          26   0.51647970207327198     
          27   0.51879395697531816     
          28   0.51897466585930507     
          29   0.52146186994077526     
          30   0.52161900817458129     
          31   0.52428119207231838     
          32   0.52437420453254047     
          33   0.52721288119999421     
          34   0.52723280190397370     
          35   0.53022348782216266     
          36   0.53013548105285802     
          37   0.53327787898141477     
          38   0.53317906622261990     
          39   0.53643828841198471     
          40   0.53627114283350030     
          41   0.53961468526672818     
          42   0.53951612436338892     
          43   0.54290565218998466     
          44   0.54263592064772426     
          45   0.54611849508566079     
          46   0.54575569653888445     
          47   0.54909661274357646     
          48   0.54752520474380006     
