# generlized Kondo-Heisenberg model
# U/W=1.2 Jh/U=0.25 n=1/3 L=48
# static structure factor S(q) q=k*pi/L
# k, S(q)
           0    0.10114119478057836     
           1    0.11259231909126086     
           2    0.16621727626195595     
           3    0.24372915294505720     
           4    0.38469459199024669     
           5    0.59655413762472553     
           6    0.90183805427897079     
           7     1.3462959425557499     
           8     2.0306545232798419     
           9     2.6454727463739713     
          10     2.4527762234236534     
          11     1.6769597928285220     
          12     1.3798802194438358     
          13     1.2971998369531255     
          14     1.0693830594195768     
          15    0.97680794575116425     
          16    0.88237503495917458     
          17    0.79626152402062278     
          18    0.73108979079079073     
          19    0.69856646235927522     
          20    0.63776707040326497     
          21    0.60252308668049981     
          22    0.58562961570645311     
          23    0.52772776301088042     
          24    0.48436727207034058     
          25    0.46584051143194782     
          26    0.45756393823103014     
          27    0.45190455441494393     
          28    0.44878917688966713     
          29    0.44668289183935272     
          30    0.44586599621084111     
          31    0.44622142695210737     
          32    0.44831638619141057     
          33    0.45196317959949150     
          34    0.45653686606491056     
          35    0.46146203579764150     
          36    0.46666680421435081     
          37    0.47231820691300647     
          38    0.47882017067959981     
          39    0.48631800540646575     
          40    0.49680994006488510     
          41    0.51305148298774983     
          42    0.52858202706531832     
          43    0.52951468258836598     
          44    0.53617927843436386     
          45    0.54558608080608162     
          46    0.54369230504767352     
          47    0.54779860654914980     
          48    0.54857231393742656     
