# generlized Kondo-Heisenberg model
# U/W=1.3 Jh/U=0.25 n=1/3 L=48
# static structure factor S(q) q=k*pi/L
# k, S(q)
           0     5.0614808749839071     
           1     4.2064288377062287     
           2     2.4317197815883516     
           3     1.3726522429377099     
           4     1.1753936645320320     
           5    0.99102138754519697     
           6    0.91192988465307512     
           7    0.82151107384389821     
           8    0.75855488717085173     
           9    0.72251747527462917     
          10    0.65773633287785049     
          11    0.63423252783861184     
          12    0.58721044487660556     
          13    0.56899007530110590     
          14    0.53972414100459321     
          15    0.52726413132798899     
          16    0.51014360951579785     
          17    0.50264242691779215     
          18    0.49269420201037689     
          19    0.48857068435547468     
          20    0.48260866497893334     
          21    0.48023744135087842     
          22    0.47646684827223656     
          23    0.47455985285673197     
          24    0.47213908815372430     
          25    0.47024228816539970     
          26    0.46910021689950487     
          27    0.46773045694405091     
          28    0.46754443819816194     
          29    0.46709237394534536     
          30    0.46771369338293806     
          31    0.46802643546504669     
          32    0.46826567047412049     
          33    0.46841348633325297     
          34    0.46906694896155843     
          35    0.46970445234701025     
          36    0.47062038924732008     
          37    0.47152738951308720     
          38    0.47224858798738623     
          39    0.47316628362719648     
          40    0.47338370373814564     
          41    0.47418945242831978     
          42    0.47392762197660609     
          43    0.47448919642451692     
          44    0.47401552405366099     
          45    0.47436436394512371     
          46    0.47389945227332908     
          47    0.47418981409224670     
          48    0.47383183233544957     
